0 0 0 0 0 0
1 0 0 0 0 0
2 0 0 0 0 0
3 0 0 0 0 0
4 0 0 0 0 0
5 0 0 0 0 0
6 0 0 0 0 0
7 0 0 0 0 0
8 0 0 0 0 0
9 0 0 0 0 0
10 0 0 0 0 0
11 0 0 0 0 0
12 0 0 0 0 0
13 0 0 0 0 0
14 0 0 0 0 0
15 0 0 0 0 0
16 0 0 0 0 0
17 0 0 0 0 0
18 0 0 0 0 0
19 0 0 0 0 0
20 0 0 0 0 0
21 0 0 0 0 0
22 0 0 0 0 0
23 0 0 0 0 0
24 0 0 0 0 2
25 0 0 0 0 2
26 0 0 0 0 2
27 0 0 0 0 2
28 0 0 0 0 2
29 0 0 0 0 2
30 0 0 0 0 2
31 0 0 0 0 2
32 0 0 0 0 2
33 0 0 0 0 2
34 0 0 0 0 2
35 0 0 0 0 2
36 0 0 0 0 0
37 0 0 0 0 0
38 0 0 0 0 0
39 0 0 0 0 0
40 0 0 0 0 0
41 0 0 0 0 0
42 0 0 0 0 0
43 0 0 0 0 0
44 0 0 0 0 0
45 0 0 0 0 0
46 0 0 0 0 0
47 0 0 0 0 0
48 0 3 0 2 0
49 0 3 0 2 0
50 0 3 0 2 0
51 0 3 0 2 0
52 0 3 0 2 0
53 0 3 0 2 0
54 0 3 0 2 0
55 0 3 0 2 0
56 0 3 0 2 0
57 0 3 2 0 0
58 0 3 2 0 0
59 0 3 2 0 0
60 0 3 2 0 0
61 0 3 2 0 0
62 0 3 2 0 0
63 0 3 2 0 0
64 0 3 2 0 0
65 0 3 2 0 0
66 0 3 2 0 0
67 0 3 2 0 0
68 0 3 2 0 0
69 0 3 2 0 0
70 0 3 2 0 0
71 0 3 2 0 0
72 0 0 2 0 0
73 0 0 2 0 0
74 0 0 2 0 0
75 0 0 2 0 0
76 0 0 2 0 0
77 0 0 2 0 0
78 0 0 2 0 0
79 0 0 2 0 0
80 0 0 2 0 0
81 0 0 2 0 0
82 0 0 2 0 0
83 0 0 2 0 0
84 0 0 2 0 0
85 0 0 2 0 0
86 0 0 2 0 0
87 0 0 2 0 0
88 0 0 2 0 0
89 0 0 2 0 0
90 0 0 2 0 0
91 0 0 2 0 0
92 0 0 2 0 0
93 0 0 2 0 0
94 0 0 2 0 0
95 0 0 2 0 0
96 0 0 2 0 0
97 0 0 2 0 0
98 0 0 2 0 0
99 0 0 2 0 0
100 0 0 2 0 0
101 0 0 2 0 0
102 0 0 2 0 0
103 0 0 2 0 0
104 0 0 2 0 0
105 0 0 2 0 0
106 0 0 2 0 0
107 0 0 2 0 0
108 0 0 2 0 0
109 0 0 2 0 0
110 0 0 2 0 0
111 0 0 2 0 0
112 0 0 2 0 0
113 0 0 2 0 0
114 0 0 2 0 0
115 0 0 2 0 0
116 0 0 2 0 0
117 0 0 2 0 1
118 0 0 2 0 1
119 0 0 2 0 1
120 0 0 2 0 1
121 0 0 2 0 1
122 0 0 2 0 1
123 0 0 2 0 1
124 0 0 2 0 1
125 0 0 2 0 1
126 0 0 2 0 1
127 0 0 2 0 1
128 0 0 2 0 1
129 0 0 2 0 1
130 0 0 2 0 1
131 0 0 2 0 1
132 0 2 2 0 2
133 0 2 2 0 2
134 0 2 2 0 2
135 0 2 2 0 2
136 0 2 2 0 2
137 2 0 2 0 2
138 2 0 2 0 2
139 2 0 2 0 2
140 2 0 2 0 2
141 2 0 2 0 2
142 2 0 2 0 2
143 2 0 2 0 2
144 2 0 2 0 2
145 2 0 2 0 2
146 2 0 2 0 2
147 2 0 2 0 2
148 2 0 2 0 2
149 2 0 2 0 2
150 2 0 2 0 2
151 2 0 2 0 2
152 2 0 2 0 2
153 2 0 2 0 2
154 2 0 2 0 2
155 2 0 3 0 2
156 2 0 3 0 2
157 2 0 3 0 2
158 2 0 3 0 2
159 2 0 3 0 2
160 2 0 3 0 2
161 2 0 3 0 2
162 2 0 3 0 2
163 2 0 3 0 2
164 2 0 3 0 2
165 2 0 3 0 2
166 2 0 3 0 2
167 2 0 3 0 2
168 2 0 3 0 2
169 2 0 3 0 2
170 2 0 2 0 2
171 2 0 2 0 2
172 2 0 2 0 2
173 2 0 2 0 2
174 2 0 2 0 2
175 2 0 2 0 2
176 2 0 2 0 2
177 2 0 2 0 2
178 2 0 2 0 2
179 2 0 2 0 2
180 2 0 2 0 2
181 2 0 2 0 2
182 2 0 2 0 2
183 2 0 2 0 2
184 2 0 2 0 2
185 2 0 2 0 2
186 2 0 2 0 2
187 2 0 2 0 2
188 2 0 2 0 2
189 2 0 2 0 2
190 2 0 2 0 2
191 2 0 2 0 2
192 2 0 2 0 2
193 2 0 2 0 2
194 2 0 2 0 2
195 2 0 2 0 2
196 2 0 2 0 2
197 2 0 2 0 2
198 2 0 2 0 2
199 2 0 2 0 2
200 2 0 2 0 2
201 2 0 2 0 2
202 2 0 2 0 2
203 2 0 2 0 2
204 2 0 2 0 2
205 2 0 2 0 2
206 2 0 2 0 2
207 2 0 2 0 2
208 2 0 2 0 2
209 2 0 2 0 2
210 2 0 2 0 2
211 2 0 2 0 2
212 2 0 2 0 2
213 2 0 2 0 2
214 2 0 2 0 2
215 2 0 2 0 2
216 2 0 2 0 2
217 2 0 2 0 2
218 2 0 2 0 2
219 2 0 2 0 2
220 2 0 2 0 2
221 2 0 2 0 2
222 2 0 2 0 2
223 2 0 2 0 2
224 2 0 2 0 2
225 2 0 2 0 2
226 2 0 2 0 2
227 2 0 2 0 2
228 2 0 2 0 2
229 2 0 2 0 2
230 0 0 2 0 2
231 0 0 2 0 2
232 0 0 2 0 2
233 0 0 2 0 2
234 0 0 2 0 2
235 0 0 2 0 2
236 0 0 2 0 2
237 0 0 2 0 2
238 0 0 2 0 2
239 0 0 2 0 2
240 0 0 2 0 2
241 0 0 2 0 2
242 0 0 2 0 2
243 0 0 2 0 2
244 0 0 2 0 2
245 0 0 2 0 2
246 0 0 2 0 2
247 0 0 2 0 2
248 0 0 2 0 2
249 0 0 2 0 2
250 0 0 2 0 2
251 0 0 2 0 2
252 0 0 2 0 2
253 0 0 2 0 2
254 0 0 2 0 2
255 0 0 2 0 2
256 0 0 2 0 2
257 0 0 2 0 2
258 0 0 2 0 2
259 0 0 2 0 2
260 0 0 2 0 2
261 0 0 2 0 2
262 0 0 2 0 2
263 0 0 2 0 2
264 0 0 2 0 2
265 0 0 2 0 2
266 0 0 2 0 2
267 0 0 2 0 2
268 0 0 2 0 2
269 0 0 2 0 2
270 0 0 2 0 2
271 0 0 2 0 2
272 0 0 2 0 2
273 0 0 2 0 2
274 0 0 2 0 2
275 0 0 2 0 2
276 0 0 2 0 2
277 0 0 2 0 2
278 0 0 2 0 2
279 0 0 2 0 2
280 0 0 2 0 2
281 0 0 2 0 2
282 0 0 2 0 2
283 0 0 2 0 2
284 0 0 2 0 2
285 0 0 2 0 2
286 0 0 2 0 2
287 0 0 2 0 2
288 0 0 2 0 2
289 0 0 2 0 2
290 0 0 2 0 2
291 0 0 2 0 2
292 0 0 2 0 2
293 0 0 2 0 2
294 0 0 2 0 2
295 0 0 2 0 2
296 0 0 2 0 2
297 0 0 2 0 2
298 0 0 2 0 2
299 0 0 2 0 2
300 0 0 2 0 2
301 0 0 2 0 2
302 0 0 2 0 2
303 0 0 2 0 2
304 0 0 2 0 2
305 0 0 2 0 2
306 0 0 2 0 2
307 0 0 2 0 2
308 0 0 2 0 2
309 0 0 2 0 2
310 0 0 2 0 2
311 0 0 2 0 2
312 0 0 2 0 2
313 0 0 2 0 2
314 0 0 2 0 2
315 0 0 2 0 0
316 0 0 2 0 0
317 0 0 2 0 0
318 0 0 2 0 0
319 0 0 2 0 0
320 0 0 2 0 0
321 0 0 2 0 0
322 0 0 2 0 0
323 0 0 2 0 0
324 0 0 2 0 0
325 0 0 2 0 0
326 0 0 2 0 0
327 0 0 2 0 0
328 0 0 2 0 0
329 0 0 2 0 0
330 0 0 2 0 1
331 0 0 2 0 1
332 0 0 2 0 1
333 0 0 2 0 1
334 0 0 2 0 1
335 0 0 2 0 1
336 0 0 2 0 1
337 0 0 2 0 1
338 0 0 2 0 1
339 0 0 2 0 1
340 0 0 2 0 1
341 0 0 2 0 1
342 0 0 2 0 1
343 0 0 2 0 1
344 0 0 2 0 1
345 0 0 2 0 1
346 0 0 2 0 1
347 0 0 2 0 1
348 0 0 2 0 1
349 0 0 2 0 1
350 0 0 2 0 1
351 0 0 2 0 1
352 0 0 2 0 1
353 0 0 2 0 1
354 0 0 2 0 1
355 0 0 2 0 1
356 0 0 2 0 1
357 0 0 2 0 1
358 0 0 2 0 1
359 0 0 2 0 1
360 0 2 2 0 1
361 0 2 2 0 1
362 0 2 2 0 1
363 0 2 2 0 1
364 0 2 2 0 1
365 0 2 2 0 1
366 0 2 2 0 1
367 0 2 2 0 1
368 0 2 2 0 1
369 0 2 2 0 1
370 0 2 2 0 1
371 0 2 2 0 1
372 0 2 2 0 1
373 0 2 2 0 1
374 0 2 2 0 1
375 0 2 2 0 1
376 0 2 2 0 1
377 0 2 2 0 1
378 0 2 2 0 1
379 0 2 2 0 1
380 0 2 2 0 1
381 0 2 2 0 1
382 0 2 2 0 1
383 0 2 2 0 1
384 0 2 2 0 1
385 0 2 2 0 1
386 0 2 2 0 1
387 0 2 2 0 1
388 0 2 2 0 1
389 2 0 2 0 1
390 2 0 2 0 1
391 2 0 2 0 1
392 2 0 2 0 1
393 2 0 2 0 1
394 2 0 2 0 1
395 2 0 2 0 1
396 2 0 2 0 1
397 2 0 2 0 1
398 2 0 2 0 1
399 2 0 2 0 1
400 2 0 2 0 1
401 2 0 2 0 1
402 2 0 2 0 1
403 2 0 2 0 1
404 2 0 2 0 1
405 2 0 2 0 1
406 2 0 2 0 1
407 2 0 3 0 1
408 2 0 3 0 1
409 2 0 3 0 1
410 2 0 3 0 1
411 2 0 3 0 1
412 2 0 3 0 1
413 2 0 3 0 1
414 2 0 3 0 1
415 2 0 3 0 1
416 2 0 3 0 1
417 2 0 3 0 1
418 2 0 3 0 1
419 2 0 3 0 1
420 2 0 3 0 1
421 2 0 3 0 1
422 2 0 3 0 1
423 2 0 3 0 1
424 2 0 3 0 1
425 2 0 3 0 1
426 2 0 3 0 1
427 2 0 3 0 1
428 2 0 3 0 1
429 2 0 3 0 1
430 2 0 3 0 1
431 2 0 3 0 1
432 2 0 3 0 1
433 2 0 3 0 1
434 2 0 3 0 1
435 2 0 3 0 1
436 2 0 3 0 1
437 2 0 3 0 0
438 2 0 3 0 0
439 2 0 3 0 0
440 2 0 3 0 0
441 2 0 3 0 0
442 2 0 3 0 0
443 2 0 3 0 0
444 2 0 3 0 0
445 2 0 3 0 0
446 2 0 3 0 0
447 2 0 3 0 0
448 2 0 3 0 0
449 2 0 3 0 0
450 2 0 3 0 0
451 2 0 3 0 0
452 2 0 3 0 0
453 2 0 3 0 0
454 2 0 3 0 0
455 2 0 3 0 0
456 2 0 3 0 0
457 2 0 3 0 0
458 2 0 3 0 0
459 2 0 3 0 0
460 2 0 3 0 0
461 2 0 3 0 0
462 2 0 3 0 0
463 2 0 3 0 0
464 2 0 3 0 0
465 2 0 3 0 0
466 2 0 3 0 0
467 2 0 3 0 0
468 2 0 3 0 0
469 2 0 3 0 0
470 2 0 3 0 0
471 2 0 3 0 0
472 2 0 3 0 0
473 2 0 3 0 0
474 2 0 3 0 0
475 2 0 3 0 0
476 2 0 3 0 0
477 2 0 3 0 0
478 2 0 3 0 0
479 2 0 3 0 0
480 2 0 3 0 0
481 2 0 3 0 0
482 2 0 3 0 0
483 2 0 3 0 0
484 2 0 3 0 0
485 2 0 3 0 0
486 2 0 3 0 0
487 2 0 3 0 0
488 2 0 3 0 0
489 2 0 3 0 0
490 2 0 3 0 0
491 2 0 3 0 0
492 2 0 3 0 0
493 2 0 3 0 0
494 2 0 3 0 0
495 2 0 3 0 0
496 2 0 3 0 0
497 2 0 3 0 0
498 2 0 3 0 0
499 2 0 3 0 0
500 2 0 3 0 0
501 2 0 3 0 0
502 2 0 3 0 0
503 2 0 3 0 0
504 2 0 3 0 0
505 2 0 3 0 0
506 2 0 3 0 0
507 2 0 3 0 0
508 2 0 3 0 0
509 2 0 3 0 0
510 2 0 3 0 0
511 2 0 3 0 0
512 2 0 3 0 0
513 2 0 3 0 0
514 2 0 3 0 0
515 2 0 3 0 0
516 2 0 3 0 0
517 2 0 3 0 0
518 2 0 3 0 0
519 2 0 3 0 0
520 2 0 3 0 0
521 2 0 3 0 0
522 2 0 3 0 0
523 2 0 3 0 0
524 2 0 3 0 0
525 2 0 3 0 0
526 2 0 3 0 0
527 2 0 3 0 0
528 2 0 3 0 0
529 2 0 3 0 0
530 2 0 3 0 0
531 2 0 3 0 0
532 2 0 3 0 0
533 2 0 3 0 0
534 2 0 3 0 0
535 2 0 3 0 0
536 2 0 3 0 0
537 2 0 3 0 0
538 2 0 0 0 0
539 2 0 0 0 0
540 2 0 0 0 0
541 2 0 0 0 0
542 2 0 0 0 0
543 2 0 0 0 0
544 2 0 0 0 0
545 2 0 0 0 0
546 2 0 0 0 0
547 2 0 0 0 0
548 2 0 0 0 0
549 2 0 0 0 0
550 2 0 0 0 0
551 2 0 0 0 0
552 2 0 0 0 0
553 2 0 0 2 0
554 2 0 0 2 0
555 2 0 0 2 0
556 2 0 0 2 0
557 2 0 0 2 0
558 2 0 0 2 0
559 2 0 0 2 0
560 2 0 0 2 0
561 2 0 0 2 0
562 2 0 0 2 0
563 2 0 0 2 0
564 2 0 0 2 0
565 2 0 0 2 0
566 2 0 0 2 0
567 2 0 0 2 0
568 2 0 2 0 1
569 2 0 2 0 1
570 2 0 2 0 1
571 2 0 2 0 1
572 2 0 2 0 1
573 2 0 2 0 1
574 2 0 2 0 1
575 2 0 2 0 1
576 2 0 2 0 1
577 2 0 2 0 1
578 2 0 2 0 1
579 2 0 2 0 1
580 2 0 2 0 1
581 2 0 2 0 1
582 2 0 2 0 1
583 2 0 2 0 1
584 2 0 2 0 1
585 2 0 2 0 1
586 0 0 2 0 2
587 0 0 2 0 2
588 0 0 2 0 2
589 0 0 2 0 2
590 0 0 2 0 2
591 0 0 2 0 2
592 0 0 2 0 2
593 0 0 2 0 2
594 0 0 2 0 2
595 0 0 2 0 2
596 0 0 2 0 2
597 0 0 2 0 2
598 0 0 2 0 2
599 0 0 2 0 2
600 0 0 2 0 2
601 3 0 2 0 2
602 3 0 2 0 2
603 3 0 2 0 2
604 3 0 2 0 2
605 3 0 2 0 2
606 3 0 2 0 2
607 3 0 2 0 2
608 3 0 2 0 2
609 3 0 2 0 2
610 3 0 2 0 2
611 3 0 2 0 2
612 3 0 2 0 2
613 3 0 2 0 2
614 3 0 2 0 2
615 3 0 2 0 2
616 3 0 2 0 2
617 3 0 2 0 2
618 3 0 2 0 2
619 3 0 2 0 2
620 3 0 2 0 2
621 3 0 2 0 2
622 3 0 2 0 2
623 3 0 2 0 2
624 3 0 2 0 2
625 3 0 2 0 2
626 3 0 2 0 2
627 3 0 2 0 2
628 3 0 2 0 2
629 3 0 2 0 2
630 3 0 2 0 2
631 3 0 2 0 2
632 3 0 2 0 2
633 3 0 2 0 2
634 3 0 2 0 2
635 3 0 2 0 2
636 3 0 2 0 2
637 3 0 2 0 2
638 3 0 2 0 2
639 3 0 2 0 2
640 3 0 2 0 2
641 3 0 2 0 2
642 3 0 2 0 2
643 3 0 2 0 2
644 3 0 2 0 2
645 3 0 2 0 2
646 3 0 2 0 2
647 3 0 2 0 2
648 3 0 2 0 2
649 3 0 2 0 2
650 3 0 2 0 2
651 3 0 2 0 2
652 3 0 2 0 2
653 3 0 2 0 2
654 3 0 2 0 2
655 3 0 2 0 2
656 3 0 2 0 2
657 3 0 2 0 2
658 3 0 2 0 2
659 3 0 2 0 2
660 3 0 2 0 2
661 3 0 2 0 2
662 3 0 2 0 2
663 3 0 2 0 2
664 3 0 2 0 2
665 3 0 2 0 2
666 3 0 2 0 2
667 3 0 2 0 2
668 3 0 2 0 2
669 3 0 2 0 2
670 3 0 2 0 2
671 3 0 2 0 2
672 3 0 2 0 2
673 3 0 2 0 2
674 3 0 2 0 2
675 3 0 2 0 2
676 3 0 2 0 2
677 3 0 2 0 2
678 3 0 2 0 2
679 3 0 2 0 2
680 3 0 2 0 2
681 3 0 2 0 2
682 3 0 2 0 2
683 3 0 2 0 2
684 3 0 2 0 2
685 3 0 2 0 2
686 3 0 2 0 2
687 3 0 2 0 2
688 3 0 2 0 2
689 3 0 2 0 2
690 3 0 2 0 2
691 3 0 2 0 2
692 3 0 2 0 2
693 3 0 2 0 2
694 3 0 2 0 2
695 3 0 2 0 2
696 3 0 2 0 2
697 3 0 2 0 2
698 3 0 2 0 2
699 3 0 2 0 2
700 3 0 2 0 2
701 3 0 2 0 2
702 3 0 2 0 2
703 3 0 2 0 2
704 3 0 2 0 2
705 3 0 2 0 2
706 3 0 2 0 2
707 3 0 2 0 2
708 3 0 2 0 2
709 3 0 2 0 2
710 3 0 2 0 2
711 3 0 2 0 2
712 3 0 2 0 2
713 3 0 2 0 2
714 3 0 2 0 2
715 3 0 2 0 2
716 3 0 2 0 2
717 3 0 2 0 2
718 3 0 2 0 2
719 3 0 2 0 2
720 3 0 2 0 2
721 3 0 2 0 2
722 3 0 2 0 2
723 3 0 2 0 2
724 3 0 2 0 2
725 3 0 2 0 2
726 3 0 2 0 2
727 3 0 2 0 2
728 3 0 2 0 2
729 3 0 2 0 2
730 3 0 2 0 2
731 3 0 2 0 2
732 3 0 2 0 2
733 3 0 2 0 2
734 3 0 2 0 2
735 3 0 2 0 2
736 3 0 2 0 2
737 3 0 2 0 2
738 3 0 2 0 2
739 3 0 2 0 2
740 3 0 2 0 2
741 3 0 2 0 2
742 3 0 2 0 2
743 3 0 2 0 2
744 3 0 2 0 2
745 3 0 2 0 2
746 3 0 2 0 2
747 3 0 2 0 2
748 3 0 2 0 2
749 3 0 2 0 2
750 3 0 2 0 2
751 3 0 2 0 2
752 3 0 2 0 2
753 3 0 2 0 2
754 3 0 2 0 2
755 3 0 2 0 2
756 3 0 2 0 2
757 3 0 2 0 2
758 3 0 2 0 2
759 3 0 2 0 2
760 3 0 2 0 2
761 3 0 2 0 2
762 3 0 2 0 2
763 3 0 2 0 2
764 3 0 2 0 2
765 3 0 2 0 2
766 3 0 2 0 2
767 0 0 2 0 2
768 0 0 2 0 2
769 0 0 2 0 2
770 0 0 2 0 2
771 0 0 2 0 2
772 0 0 2 0 2
773 0 0 2 0 2
774 0 0 2 0 2
775 0 0 2 0 2
776 0 0 2 0 2
777 0 0 2 0 2
778 0 0 2 0 2
779 0 0 2 0 2
780 0 0 2 0 2
781 0 0 2 0 2
782 0 0 2 0 2
783 0 0 2 0 2
784 0 0 2 0 2
785 0 0 2 0 2
786 0 0 2 0 2
787 0 0 2 0 2
788 0 0 2 0 2
789 0 0 2 0 2
790 0 0 2 0 2
791 0 0 2 0 2
792 0 0 2 0 2
793 0 0 2 0 2
794 0 0 2 0 2
795 0 0 2 0 2
796 0 0 2 0 2
797 0 0 2 0 2
798 0 0 2 0 2
799 0 0 2 0 2
800 0 0 2 0 2
801 0 0 2 0 2
802 0 0 2 0 2
803 0 0 2 0 2
804 0 0 2 0 2
805 0 0 2 0 2
806 0 0 2 0 2
807 0 0 2 0 2
808 0 0 2 0 2
809 0 0 2 0 2
810 0 0 2 0 2
811 0 0 2 0 2
812 0 0 2 0 2
813 0 0 2 0 2
814 0 0 2 0 2
815 0 0 2 0 2
816 0 0 2 0 2
817 0 0 2 0 2
818 0 0 2 0 2
819 0 0 2 0 2
820 0 0 2 0 2
821 0 0 2 0 2
822 0 0 2 0 2
823 0 0 2 0 2
824 0 0 2 0 2
825 0 0 2 0 2
826 0 0 2 0 2
827 0 0 2 0 2
828 0 0 2 0 2
829 0 0 2 0 2
830 0 0 2 0 2
831 0 0 2 0 2
832 0 0 2 0 2
833 0 0 2 0 2
834 0 0 2 0 2
835 0 0 2 0 2
836 0 0 2 0 2
837 0 0 2 0 2
838 0 0 2 0 2
839 0 0 2 0 2
840 0 0 2 0 2
841 0 0 2 0 2
842 0 2 2 0 2
843 0 2 2 0 2
844 0 2 2 0 2
845 0 2 2 0 2
846 0 2 2 0 2
847 0 2 2 0 2
848 0 2 2 0 2
849 0 2 2 0 2
850 0 2 2 0 2
851 0 2 2 0 2
852 0 2 2 0 2
853 0 2 2 0 2
854 0 2 2 0 2
855 0 2 2 0 2
856 2 0 2 0 2
857 2 0 2 0 2
858 2 0 2 0 2
859 2 0 2 0 2
860 2 0 2 0 2
861 2 0 2 0 2
862 2 0 2 0 2
863 2 0 2 0 2
864 2 0 2 0 2
865 2 0 2 0 2
866 2 0 2 0 2
867 2 0 2 0 2
868 2 0 2 0 2
869 2 0 2 0 2
870 2 0 2 0 2
871 2 0 2 0 2
872 2 0 2 0 2
873 2 0 2 0 2
874 0 0 2 0 2
875 0 0 2 0 2
876 0 0 2 0 2
877 0 0 2 0 2
878 0 0 2 0 2
879 0 0 2 0 2
880 0 0 2 0 2
881 0 0 2 0 2
882 0 0 2 0 2
883 0 0 2 0 2
884 0 0 2 0 2
885 0 0 2 0 2
886 0 0 2 0 2
887 0 0 2 0 2
888 0 0 2 0 2
889 0 0 2 0 0
890 0 0 2 0 0
891 0 0 2 0 0
892 0 0 2 0 0
893 0 0 2 0 0
894 0 0 2 0 0
895 0 0 2 0 0
896 0 0 2 0 0
897 0 0 2 0 0
898 0 0 2 0 0
899 0 0 2 0 0
900 0 0 2 0 0
901 0 0 2 0 0
902 0 0 2 0 0
903 0 0 2 0 0
904 2 0 3 0 0
905 2 0 3 0 0
906 2 0 3 0 0
907 2 0 3 0 0
908 2 0 3 0 0
909 2 0 3 0 0
910 2 0 3 0 0
911 2 0 3 0 0
912 2 0 3 0 0
913 2 0 3 0 0
914 2 0 3 0 0
915 2 0 3 0 0
916 2 0 3 0 0
917 2 0 3 0 0
918 2 0 3 0 0
919 2 0 3 0 0
920 2 0 3 0 0
921 2 0 3 0 0
922 2 0 3 0 0
923 2 0 3 0 0
924 2 0 3 0 0
925 2 0 3 0 0
926 2 0 3 0 0
927 2 0 3 0 0
928 2 0 3 0 0
929 2 0 3 0 0
930 2 0 3 0 0
931 2 0 3 0 0
932 2 0 3 0 0
933 2 0 3 0 0
934 2 0 3 0 0
935 2 0 3 0 0
936 2 0 3 0 0
937 2 0 3 0 0
938 2 0 3 0 0
939 2 0 3 0 0
940 2 0 3 0 0
941 2 0 3 0 0
942 2 0 3 0 0
943 2 0 3 0 0
944 2 0 3 0 0
945 2 0 3 0 0
946 2 0 3 0 0
947 2 0 3 0 0
948 2 0 3 0 0
949 2 0 3 0 0
950 2 0 3 0 0
951 2 0 3 0 0
952 2 0 3 0 0
953 2 0 3 0 0
954 2 0 3 0 0
955 2 0 3 0 0
956 2 0 3 0 0
957 2 0 3 0 0
958 2 0 3 0 0
959 2 0 3 0 0
960 2 0 3 0 0
961 2 0 3 0 0
962 2 0 3 0 0
963 2 0 3 0 0
964 2 0 3 0 0
965 2 0 3 0 0
966 2 0 3 0 0
967 2 0 3 0 0
968 2 0 3 0 0
969 2 0 3 0 0
970 2 0 3 0 0
971 2 0 3 0 0
972 2 0 3 0 0
973 2 0 3 0 0
974 2 0 3 0 0
975 2 0 3 0 0
976 2 0 3 0 0
977 2 0 3 0 0
978 2 0 3 0 0
979 2 0 3 0 0
980 2 0 3 0 0
981 2 0 3 0 0
982 2 0 3 0 0
983 2 0 3 0 0
984 2 0 3 0 0
985 2 0 3 0 0
986 2 0 3 0 0
987 2 0 3 0 0
988 2 0 3 0 0
989 2 0 3 0 0
990 2 0 3 0 0
991 2 0 3 0 0
992 2 0 3 0 0
993 2 0 3 0 0
994 2 0 3 0 0
995 2 0 3 0 0
996 2 0 3 0 0
997 2 0 3 0 0
998 2 0 3 0 0
999 2 0 3 0 0
1000 2 0 3 0 0
1001 2 0 3 0 0
1002 2 0 3 0 0
1003 2 0 3 0 0
1004 2 0 3 0 0
1005 2 0 3 0 0
1006 2 0 3 0 0
1007 2 0 3 0 0
1008 2 0 3 0 0
1009 2 0 3 0 0
1010 2 0 3 0 0
1011 2 0 3 0 0
1012 2 0 3 0 0
1013 2 0 3 0 0
1014 2 0 3 0 0
1015 2 0 3 0 0
1016 2 0 3 0 0
1017 2 0 3 0 0
1018 2 0 3 0 0
1019 2 0 3 0 0
1020 2 0 3 0 0
1021 2 0 3 0 0
1022 2 0 3 0 0
1023 2 0 3 0 0
1024 2 0 3 0 0
1025 2 0 3 0 0
1026 2 0 3 0 0
1027 2 0 3 0 0
1028 2 0 3 0 0
1029 2 0 3 0 0
1030 2 0 3 0 0
1031 2 0 3 0 0
1032 2 0 3 0 0
1033 2 0 3 0 0
1034 2 0 3 0 0
1035 2 0 3 0 0
1036 2 0 3 0 0
1037 2 0 3 0 0
1038 2 0 3 0 0
1039 2 0 3 0 0
1040 2 0 3 0 0
1041 2 0 3 0 0
1042 2 0 3 0 0
1043 2 0 3 0 0
1044 2 0 3 0 0
1045 2 0 3 0 0
1046 2 0 3 0 0
1047 2 0 3 0 0
1048 2 0 3 0 0
1049 2 0 3 0 0
1050 2 0 3 0 0
1051 2 0 3 0 0
1052 2 0 3 0 0
1053 2 0 3 0 0
1054 2 0 3 0 0
1055 2 0 3 0 0
1056 2 0 3 0 0
1057 2 0 3 0 0
1058 2 0 3 0 0
1059 2 0 3 0 0
1060 2 0 3 0 0
1061 2 0 3 0 0
1062 2 0 3 0 0
1063 2 0 3 0 0
1064 2 0 3 0 0
1065 2 0 3 0 0
1066 2 0 3 0 0
1067 2 0 3 0 0
1068 2 0 3 0 0
1069 2 0 3 0 0
1070 2 0 3 0 0
1071 2 0 3 0 0
1072 2 0 3 0 0
1073 2 0 3 0 0
1074 2 0 3 0 0
1075 2 0 3 0 0
1076 2 0 3 0 0
1077 2 0 3 0 0
1078 2 0 3 0 0
1079 2 0 3 0 0
1080 2 0 3 0 0
1081 2 0 3 0 0
1082 2 0 3 0 0
1083 2 0 3 0 0
1084 2 0 3 0 0
1085 2 0 3 0 0
1086 2 0 3 0 0
1087 2 0 3 0 0
1088 2 0 3 0 0
1089 2 0 3 0 0
1090 2 0 3 0 0
1091 2 0 3 0 0
1092 2 0 3 0 0
1093 2 0 3 0 0
1094 2 0 3 0 0
1095 2 0 3 0 0
1096 2 0 3 0 0
1097 2 0 3 0 0
1098 2 0 3 0 0
1099 2 0 3 0 0
1100 2 0 3 0 0
1101 2 0 3 0 0
1102 2 0 0 0 0
1103 2 0 0 0 0
1104 2 0 0 0 0
1105 2 0 0 0 0
1106 2 0 0 0 0
1107 2 0 0 0 0
1108 2 0 0 0 0
1109 2 0 0 0 0
1110 2 0 0 0 0
1111 2 0 0 0 0
1112 2 0 0 0 0
1113 2 0 0 0 0
1114 2 0 0 0 0
1115 2 0 0 0 0
1116 2 0 0 0 0
1117 2 0 0 0 0
1118 2 0 0 0 0
1119 2 0 0 0 0
1120 2 0 0 0 0
1121 2 0 0 0 0
1122 2 0 0 0 0
1123 2 0 0 0 0
1124 2 0 0 0 0
1125 2 0 0 0 0
1126 2 0 0 0 0
1127 2 0 0 0 0
1128 2 0 0 0 0
1129 2 0 0 0 0
1130 2 0 0 0 0
1131 2 0 0 0 0
1132 2 0 0 2 1
1133 2 0 0 2 1
1134 2 0 0 2 1
1135 2 0 0 2 1
1136 2 0 0 2 1
1137 2 0 0 2 1
1138 2 0 0 2 1
1139 2 0 0 2 1
1140 2 0 0 2 1
1141 2 0 0 2 1
1142 2 0 0 2 1
1143 2 0 0 2 1
1144 2 0 0 2 1
1145 2 0 0 2 1
1146 2 0 0 2 1
1147 2 0 0 2 1
1148 2 0 0 2 1
1149 2 0 0 2 1
1150 2 0 0 2 1
1151 2 0 0 2 1
1152 2 0 0 2 1
1153 2 0 0 2 1
1154 2 0 0 2 1
1155 2 0 0 2 1
1156 2 0 0 2 1
1157 2 0 0 2 1
1158 2 0 2 0 1
1159 2 0 2 0 1
1160 2 0 2 0 1
1161 2 0 2 0 1
1162 2 0 2 0 1
1163 2 0 2 0 1
1164 2 0 2 0 1
1165 2 0 2 0 1
1166 2 0 2 0 1
1167 2 0 2 0 1
1168 2 0 2 0 1
1169 2 0 2 0 1
1170 2 0 2 0 1
1171 2 0 2 0 1
1172 2 0 2 0 1
1173 2 0 2 0 1
1174 2 0 2 0 1
1175 2 0 2 0 1
1176 0 0 2 0 2
1177 0 0 2 0 2
1178 0 0 2 0 2
1179 0 0 2 0 2
1180 0 0 2 0 2
1181 0 0 2 0 2
1182 0 0 2 0 2
1183 0 0 2 0 2
1184 0 0 2 0 2
1185 0 0 2 0 2
1186 0 0 2 0 2
1187 0 0 2 0 2
1188 0 0 2 0 2
1189 0 0 2 0 2
1190 0 0 2 0 2
1191 3 0 2 0 2
1192 3 0 2 0 2
1193 3 0 2 0 2
1194 3 0 2 0 2
1195 3 0 2 0 2
1196 3 0 2 0 2
1197 3 0 2 0 2
1198 3 0 2 0 2
1199 3 0 2 0 2
1200 3 0 2 0 2
1201 3 0 2 0 2
1202 3 0 2 0 2
1203 3 0 2 0 2
1204 3 0 2 0 2
1205 3 0 2 0 2
1206 2 0 2 0 2
1207 2 0 2 0 2
1208 2 0 2 0 2
1209 2 0 2 0 2
1210 2 0 2 0 2
1211 2 0 2 0 2
1212 2 0 2 0 2
1213 2 0 2 0 2
1214 2 0 2 0 2
1215 2 0 2 0 2
1216 2 0 2 0 2
1217 2 0 2 0 2
1218 2 0 2 0 2
1219 2 0 2 0 2
1220 2 0 2 0 2
1221 2 0 2 0 2
1222 2 0 2 0 2
1223 2 0 2 0 2
1224 2 0 2 0 2
1225 2 0 2 0 2
1226 2 0 2 0 2
1227 2 0 2 0 2
1228 2 0 2 0 2
1229 2 0 2 0 2
1230 2 0 2 0 2
1231 2 0 2 0 2
1232 2 0 2 0 2
1233 2 0 2 0 2
1234 2 0 2 0 2
1235 2 0 2 0 2
1236 2 0 0 0 0
1237 2 0 0 0 0
1238 2 0 0 0 0
1239 2 0 0 0 0
1240 2 0 0 0 0
1241 2 0 0 0 0
1242 2 0 0 0 0
1243 2 0 0 0 0
1244 2 0 0 0 0
1245 2 0 0 0 0
1246 2 0 0 0 0
1247 2 0 0 0 0
1248 2 0 0 0 0
1249 2 0 0 0 0
1250 2 0 0 0 0
1251 2 0 2 0 0
1252 2 0 2 0 0
1253 2 0 2 0 0
1254 2 0 2 0 0
1255 2 0 2 0 0
1256 2 0 2 0 0
1257 2 0 2 0 0
1258 2 0 2 0 0
1259 2 0 2 0 0
1260 2 0 2 0 0
1261 2 0 2 0 0
1262 2 0 2 0 0
1263 2 0 2 0 0
1264 2 0 2 0 0
1265 2 0 2 0 0
1266 2 0 2 0 0
1267 2 0 2 0 0
1268 2 0 2 0 0
1269 2 0 2 0 0
1270 2 0 2 0 0
1271 2 0 2 0 0
1272 2 0 2 0 0
1273 2 0 2 0 0
1274 2 0 2 0 0
1275 2 0 2 0 0
1276 2 0 2 0 0
1277 2 0 2 0 0
1278 2 0 2 0 0
1279 2 0 2 0 0
1280 2 0 2 0 0
1281 2 0 2 0 0
1282 2 0 2 0 0
1283 2 0 2 0 0
1284 2 0 2 0 0
1285 2 0 2 0 0
1286 2 0 2 0 0
1287 2 0 2 0 0
1288 2 0 2 0 0
1289 2 0 2 0 0
1290 2 0 2 0 0
1291 2 0 2 0 0
1292 2 0 2 0 0
1293 2 0 2 0 0
1294 2 0 2 0 0
1295 2 0 2 0 0
1296 2 0 2 0 0
1297 2 0 2 0 0
1298 0 0 2 0 0
1299 0 0 2 0 0
1300 0 0 2 0 0
1301 0 0 2 0 0
1302 0 0 2 0 0
1303 0 0 2 0 0
1304 0 0 2 0 0
1305 0 0 2 0 0
1306 0 0 2 0 0
1307 0 0 2 0 0
1308 0 0 2 0 0
1309 0 0 2 0 0
1310 0 0 2 0 0
1311 0 0 2 0 0
1312 0 0 2 0 0
1313 3 0 2 0 0
1314 3 0 2 0 0
1315 3 0 2 0 0
1316 3 0 2 0 0
1317 3 0 2 0 0
1318 3 0 2 0 0
1319 3 0 2 0 0
1320 3 0 2 0 0
1321 3 0 2 0 0
1322 3 0 2 0 0
1323 3 0 2 0 0
1324 3 0 2 0 0
1325 3 0 2 0 0
1326 3 0 2 0 0
1327 3 0 2 0 0
1328 3 0 2 0 0
1329 3 0 2 0 0
1330 3 0 2 0 0
1331 3 0 2 0 0
1332 3 0 2 0 0
1333 3 0 2 0 0
1334 3 0 2 0 0
1335 3 0 2 0 0
1336 3 0 2 0 0
1337 3 0 2 0 0
1338 3 0 2 0 0
1339 3 0 2 0 0
1340 3 0 2 0 0
1341 3 0 2 0 0
1342 3 0 2 0 0
1343 3 0 2 0 0
1344 3 0 2 0 0
1345 3 0 2 0 0
1346 3 0 2 0 0
1347 3 0 2 0 0
1348 3 0 2 0 0
1349 3 0 2 0 0
1350 3 0 2 0 0
1351 3 0 2 0 0
1352 3 0 2 0 0
1353 3 0 2 0 0
1354 3 0 2 0 0
1355 3 0 2 0 0
1356 3 0 2 0 0
1357 3 0 2 0 0
1358 3 0 2 0 0
1359 3 0 2 0 0
1360 3 0 2 0 0
1361 0 0 2 0 0
1362 0 0 2 0 0
1363 0 0 2 0 0
1364 0 0 2 0 0
1365 0 0 2 0 0
1366 0 0 2 0 0
1367 0 0 2 0 0
1368 0 0 2 0 0
1369 0 0 2 0 0
1370 0 0 2 0 0
1371 0 0 2 0 0
1372 0 0 2 0 0
1373 0 0 2 0 0
1374 0 0 2 0 0
1375 0 0 2 0 0
1376 3 0 2 0 1
1377 3 0 2 0 1
1378 3 0 2 0 1
1379 3 0 2 0 1
1380 3 0 2 0 1
1381 3 0 2 0 1
1382 3 0 2 0 1
1383 3 0 2 0 1
1384 3 0 2 0 1
1385 3 0 2 0 1
1386 3 0 2 0 1
1387 3 0 2 0 1
1388 3 0 2 0 1
1389 3 0 2 0 1
1390 3 0 2 0 1
1391 3 0 2 0 2
1392 3 0 2 0 2
1393 3 0 2 0 2
1394 3 0 2 0 2
1395 3 0 2 0 2
1396 3 0 2 0 2
1397 3 0 2 0 2
1398 3 0 2 0 2
1399 3 0 2 0 2
1400 3 0 2 0 2
1401 3 0 2 0 2
1402 3 0 2 0 2
1403 3 0 2 0 2
1404 3 0 2 0 2
1405 3 0 2 0 2
1406 0 0 2 0 2
1407 0 0 2 0 2
1408 0 0 2 0 2
1409 0 0 2 0 2
1410 0 0 2 0 2
1411 0 0 2 0 2
1412 0 0 2 0 2
1413 0 0 2 0 2
1414 0 0 2 0 2
1415 0 0 2 0 2
1416 0 0 2 0 2
1417 0 0 2 0 2
1418 0 0 2 0 2
1419 0 0 2 0 2
1420 0 0 2 0 2
1421 0 0 2 0 2
1422 0 0 2 0 2
1423 0 0 2 0 2
1424 0 0 2 0 2
1425 0 0 2 0 2
1426 0 0 2 0 2
1427 0 0 2 0 2
1428 0 0 2 0 2
1429 0 0 2 0 2
1430 0 0 2 0 2
1431 0 0 2 0 2
1432 0 0 2 0 2
1433 0 0 2 0 2
1434 0 0 2 0 2
1435 0 0 2 0 2
1436 0 0 2 0 2
1437 0 0 2 0 2
1438 0 0 2 0 2
1439 0 0 2 0 2
1440 0 0 2 0 2
1441 0 0 2 0 2
1442 0 0 2 0 2
1443 0 0 2 0 2
1444 0 0 2 0 2
1445 0 0 2 0 2
1446 0 0 2 0 2
1447 0 0 2 0 2
1448 0 0 2 0 2
1449 0 0 2 0 2
1450 0 0 2 0 2
1451 0 0 2 0 2
1452 0 0 2 0 2
1453 0 0 2 0 2
1454 0 0 2 0 2
1455 0 0 2 0 2
1456 0 0 2 0 2
1457 0 0 2 0 2
1458 0 0 2 0 2
1459 0 0 2 0 2
1460 0 0 2 0 2
1461 0 0 2 0 2
1462 0 0 2 0 2
1463 0 0 2 0 2
1464 0 0 2 0 2
1465 0 0 2 0 2
1466 0 2 2 0 2
1467 0 2 2 0 2
1468 0 2 2 0 2
1469 0 2 2 0 2
1470 0 2 2 0 2
1471 0 2 2 0 2
1472 0 2 2 0 2
1473 0 2 2 0 2
1474 0 2 2 0 2
1475 0 2 2 0 2
1476 0 2 2 0 2
1477 0 2 2 0 2
1478 0 2 2 0 2
1479 0 2 2 0 2
1480 0 2 2 0 2
1481 0 0 2 0 2
1482 0 0 2 0 2
1483 0 0 2 0 2
1484 0 0 2 0 2
1485 0 0 2 0 2
1486 0 0 2 0 2
1487 0 0 2 0 2
1488 0 0 2 0 2
1489 2 0 2 0 2
1490 2 0 2 0 2
1491 2 0 2 0 2
1492 2 0 2 0 2
1493 2 0 2 0 2
1494 2 0 2 0 2
1495 2 0 2 0 2
1496 2 0 2 0 2
1497 2 0 2 0 2
1498 2 0 2 0 2
1499 2 0 2 0 2
1500 2 0 2 0 2
1501 2 0 2 0 2
1502 2 0 2 0 2
1503 2 0 2 0 2
1504 2 0 2 0 2
1505 2 0 2 0 2
1506 2 0 2 0 2
1507 2 0 2 0 2
1508 2 0 2 0 2
1509 2 0 2 0 2
1510 2 0 2 0 2
1511 2 0 2 0 2
1512 2 0 2 0 2
1513 2 0 2 0 2
1514 2 0 2 0 2
1515 2 0 2 0 2
1516 2 0 2 0 2
1517 2 0 2 0 2
1518 2 0 2 0 2
1519 2 0 2 0 2
1520 2 0 2 0 2
1521 2 0 2 0 2
1522 2 0 0 3 0
1523 2 0 0 3 0
1524 2 0 0 3 0
1525 2 0 0 3 0
1526 2 0 0 3 0
1527 2 0 0 3 0
1528 2 0 0 3 0
1529 2 0 0 3 0
1530 2 0 0 3 0
1531 2 0 0 3 0
1532 2 0 0 3 0
1533 2 0 0 3 0
1534 2 0 0 3 0
1535 2 0 0 3 0
1536 2 0 0 3 0
1537 2 0 0 3 0
1538 2 0 0 3 0
1539 2 0 0 3 0
1540 2 0 0 3 0
1541 2 0 0 3 0
1542 2 0 0 3 0
1543 2 0 0 3 0
1544 2 0 0 3 0
1545 2 0 0 3 0
1546 2 0 0 3 0
1547 2 0 0 3 0
1548 2 0 0 3 0
1549 2 0 0 3 0
1550 2 0 0 3 0
1551 2 0 0 3 0
1552 2 0 0 3 0
1553 2 0 0 3 0
1554 2 0 0 3 0
1555 2 0 0 3 0
1556 2 0 0 3 0
1557 2 0 0 3 0
1558 2 0 0 3 0
1559 2 0 0 3 0
1560 2 0 0 3 0
1561 2 0 0 3 0
1562 2 0 0 3 0
1563 2 0 0 3 0
1564 2 0 0 3 0
1565 2 0 0 3 0
1566 2 0 0 3 0
1567 2 0 0 3 0
1568 2 0 0 3 0
1569 2 0 0 3 0
1570 2 0 0 3 0
1571 2 0 0 3 0
1572 2 0 0 3 0
1573 2 0 0 3 0
1574 2 0 0 3 0
1575 2 0 0 3 0
1576 2 0 0 3 0
1577 2 0 0 3 0
1578 2 0 0 3 0
1579 2 0 0 3 0
1580 2 0 0 3 0
1581 2 0 0 3 0
1582 2 0 0 3 0
1583 2 0 0 3 0
1584 2 0 0 3 0
1585 2 0 0 3 0
1586 2 0 0 3 0
1587 2 0 0 3 0
1588 2 0 0 3 0
1589 2 0 0 3 0
1590 2 0 0 3 0
1591 2 0 0 3 0
1592 2 0 0 3 0
1593 2 0 0 3 0
1594 2 0 0 3 0
1595 2 0 0 3 0
1596 2 0 0 3 0
1597 2 0 0 3 0
1598 2 0 0 3 0
1599 2 0 0 3 0
1600 2 0 0 3 0
1601 2 0 0 3 0
1602 2 0 0 3 0
1603 2 0 0 3 0
1604 2 0 0 3 0
1605 2 0 0 3 0
1606 2 0 0 3 0
1607 2 0 0 3 0
1608 2 0 0 3 0
1609 2 0 0 3 0
1610 2 0 0 3 0
1611 2 0 0 3 0
1612 2 0 0 3 0
1613 2 0 0 3 0
1614 2 0 0 3 0
1615 2 0 0 3 0
1616 2 0 0 3 0
1617 2 0 0 3 0
1618 2 0 0 3 0
1619 2 0 0 0 0
1620 2 0 0 0 0
1621 2 0 0 0 0
1622 2 0 0 0 0
1623 2 0 0 0 0
1624 2 0 0 0 0
1625 2 0 0 0 0
1626 2 0 0 0 0
1627 2 0 0 0 0
1628 2 0 0 0 0
1629 2 0 0 0 0
1630 2 0 0 0 0
1631 2 0 0 0 0
1632 2 0 0 0 0
1633 2 0 0 0 0
1634 2 0 0 0 0
1635 2 0 0 0 0
1636 2 0 0 0 0
1637 2 0 0 0 0
1638 2 0 0 0 0
1639 2 0 0 0 0
1640 2 0 0 0 0
1641 2 0 0 0 0
1642 2 0 0 0 0
1643 2 0 0 0 0
1644 2 0 0 0 0
1645 2 0 0 0 0
1646 2 0 0 0 0
1647 2 0 0 0 0
1648 2 0 0 0 0
1649 2 0 0 3 0
1650 2 0 0 3 0
1651 2 0 0 3 0
1652 2 0 0 3 0
1653 2 0 0 3 0
1654 2 0 0 3 0
1655 2 0 0 3 0
1656 2 0 0 3 0
1657 2 0 0 3 0
1658 2 0 0 3 0
1659 2 0 0 3 0
1660 2 0 0 3 0
1661 2 0 0 3 0
1662 2 0 0 3 0
1663 2 0 0 3 0
1664 2 0 0 2 0
1665 2 0 0 2 0
1666 2 0 0 2 0
1667 2 0 0 2 0
1668 2 0 0 2 0
1669 2 0 0 2 0
1670 2 0 0 2 0
1671 2 0 0 2 0
1672 2 0 0 2 0
1673 2 0 0 2 0
1674 2 0 0 2 0
1675 2 0 0 2 0
1676 2 0 0 2 0
1677 2 0 0 2 0
1678 2 0 0 2 0
1679 2 0 2 0 0
1680 2 0 2 0 0
1681 2 0 2 0 0
1682 2 0 2 0 0
1683 2 0 2 0 0
1684 2 0 2 0 0
1685 2 0 2 0 0
1686 2 0 2 0 0
1687 2 0 2 0 0
1688 2 0 2 0 0
1689 2 0 2 0 0
1690 2 0 2 0 0
1691 2 0 2 0 0
1692 2 0 2 0 0
1693 2 0 2 0 0
1694 2 0 2 0 0
1695 2 0 2 0 0
1696 2 0 2 0 0
1697 0 0 2 0 0
1698 0 0 2 0 0
1699 0 0 2 0 0
1700 0 0 2 0 0
1701 0 0 2 0 0
1702 0 0 2 0 0
1703 0 0 2 0 0
1704 0 0 2 0 0
1705 0 0 2 0 0
1706 0 0 2 0 0
1707 0 0 2 0 0
1708 0 0 2 0 0
1709 0 0 2 0 0
1710 0 0 2 0 0
1711 0 0 2 0 0
1712 0 0 2 0 0
1713 0 0 2 0 0
1714 0 0 2 0 0
1715 0 0 2 0 0
1716 0 0 2 0 0
1717 0 0 2 0 0
1718 0 0 2 0 0
1719 0 0 2 0 0
1720 0 0 2 0 0
1721 0 0 2 0 0
1722 0 0 2 0 0
1723 0 0 2 0 0
1724 0 0 2 0 0
1725 0 0 2 0 0
1726 0 0 2 0 0
1727 3 0 2 0 0
1728 3 0 2 0 0
1729 3 0 2 0 0
1730 3 0 2 0 0
1731 3 0 2 0 0
1732 3 0 2 0 0
1733 3 0 2 0 0
1734 3 0 2 0 0
1735 3 0 2 0 0
1736 3 0 2 0 0
1737 3 0 2 0 0
1738 3 0 2 0 0
1739 3 0 2 0 0
1740 3 0 2 0 0
1741 3 0 2 0 0
1742 3 0 2 0 0
1743 3 0 2 0 0
1744 3 0 2 0 0
1745 3 0 2 0 0
1746 3 0 2 0 0
1747 3 0 2 0 0
1748 3 0 2 0 0
1749 3 0 2 0 0
1750 3 0 2 0 0
1751 3 0 2 0 0
1752 3 0 2 0 0
1753 3 0 2 0 0
1754 3 0 2 0 0
1755 3 0 2 0 0
1756 3 0 2 0 0
1757 3 0 2 0 0
1758 3 0 2 0 0
1759 3 0 2 0 0
1760 3 0 2 0 0
1761 3 0 2 0 0
1762 3 0 2 0 0
1763 3 0 2 0 0
1764 3 0 2 0 0
1765 3 0 2 0 0
1766 3 0 2 0 0
1767 3 0 2 0 0
1768 3 0 2 0 0
1769 3 0 2 0 0
1770 3 0 2 0 0
1771 3 0 2 0 0
1772 3 0 2 0 0
1773 3 0 2 0 0
1774 3 0 2 0 0
1775 3 0 2 0 0
1776 3 0 2 0 0
1777 3 0 2 0 0
1778 3 0 2 0 0
1779 3 0 2 0 0
1780 3 0 2 0 0
1781 3 0 2 0 0
1782 3 0 2 0 0
1783 3 0 2 0 0
1784 3 0 2 0 0
1785 3 0 2 0 0
1786 3 0 2 0 0
1787 3 0 2 0 0
1788 3 0 2 0 0
1789 3 0 2 0 0
1790 3 0 2 0 0
1791 3 0 2 0 0
1792 3 0 2 0 0
1793 3 0 2 0 0
1794 3 0 2 0 0
1795 3 0 2 0 0
1796 3 0 2 0 0
1797 3 0 2 0 0
1798 3 0 2 0 0
1799 3 0 2 0 0
1800 3 0 2 0 0
1801 3 0 2 0 0
1802 3 0 2 0 0
1803 3 0 2 0 0
1804 3 0 2 0 0
1805 3 0 2 0 0
1806 3 0 2 0 0
1807 3 0 2 0 0
1808 3 0 2 0 0
1809 3 0 2 0 0
1810 3 0 2 0 0
1811 3 0 2 0 1
1812 3 0 2 0 1
1813 3 0 2 0 1
1814 3 0 2 0 1
1815 3 0 2 0 1
1816 3 0 2 0 1
1817 3 0 2 0 1
1818 3 0 2 0 1
1819 3 0 2 0 1
1820 3 0 2 0 1
1821 3 0 2 0 1
1822 3 0 2 0 1
1823 3 0 2 0 1
1824 3 0 2 0 1
1825 3 0 2 0 1
1826 3 0 2 0 1
1827 3 0 2 0 1
1828 3 0 2 0 1
1829 3 0 2 0 1
1830 3 0 2 0 1
1831 3 0 2 0 1
1832 3 0 2 0 1
1833 3 0 2 0 1
1834 3 0 2 0 1
1835 3 0 2 0 1
1836 3 0 2 0 1
1837 3 0 2 0 1
1838 3 0 2 0 1
1839 3 0 2 0 1
1840 3 0 2 0 1
1841 3 0 2 0 1
1842 3 0 2 0 1
1843 3 0 2 0 1
1844 3 0 2 0 1
1845 3 0 2 0 1
1846 3 0 2 0 1
1847 3 0 2 0 1
1848 3 0 2 0 1
1849 3 0 2 0 1
1850 3 0 2 0 1
1851 3 0 2 0 1
1852 3 0 2 0 1
1853 3 0 2 0 1
1854 3 0 2 0 1
1855 3 0 2 0 1
1856 3 0 2 0 1
1857 3 0 2 0 1
1858 3 0 2 0 1
1859 3 0 2 0 1
1860 3 0 2 0 1
1861 3 0 2 0 1
1862 3 0 2 0 1
1863 3 0 2 0 1
1864 3 0 2 0 1
1865 3 0 2 0 1
1866 3 0 2 0 1
1867 3 0 2 0 1
1868 3 0 2 0 1
1869 3 0 2 0 1
1870 3 0 2 0 1
1871 3 0 2 0 2
1872 3 0 2 0 2
1873 3 0 2 0 2
1874 3 0 2 0 2
1875 3 0 2 0 2
1876 3 0 2 0 2
1877 3 0 2 0 2
1878 3 0 2 0 2
1879 3 0 2 0 2
1880 3 0 2 0 2
1881 3 0 2 0 2
1882 3 0 2 0 2
1883 3 0 2 0 2
1884 3 0 2 0 2
1885 3 0 2 0 2
1886 3 0 2 0 2
1887 3 0 2 0 2
1888 3 0 2 0 2
1889 3 0 2 0 2
1890 3 0 2 0 2
1891 3 0 2 0 2
1892 3 0 2 0 2
1893 3 0 2 0 2
1894 3 0 2 0 2
1895 3 0 2 0 2
1896 3 0 2 0 2
1897 3 0 2 0 2
1898 3 0 2 0 2
1899 3 0 2 0 2
1900 3 0 2 0 2
1901 3 0 2 0 2
1902 3 0 2 0 2
1903 3 0 2 0 2
1904 3 0 2 0 2
1905 3 0 2 0 2
1906 3 0 2 0 2
1907 3 0 2 0 2
1908 3 0 2 0 2
1909 3 0 2 0 2
1910 3 0 2 0 2
1911 3 0 2 0 2
1912 3 0 2 0 2
1913 3 0 2 0 2
1914 3 0 2 0 2
1915 3 0 2 0 2
1916 3 0 2 0 2
1917 3 0 2 0 2
1918 3 0 2 0 2
1919 3 0 2 0 2
1920 3 0 2 0 2
1921 3 0 2 0 2
1922 3 0 2 0 2
1923 3 0 2 0 2
1924 3 0 2 0 2
1925 3 0 2 0 2
1926 3 0 2 0 2
1927 3 0 2 0 2
1928 3 0 2 0 2
1929 3 0 2 0 2
1930 3 0 2 0 2
1931 3 0 2 0 2
1932 3 0 2 0 2
1933 3 0 2 0 2
1934 3 0 2 0 2
1935 3 0 2 0 2
1936 3 0 2 0 2
1937 3 0 2 0 2
1938 3 0 2 0 2
1939 3 0 2 0 2
1940 3 0 2 0 2
1941 3 0 2 0 2
1942 3 0 2 0 2
1943 3 0 2 0 2
1944 3 0 2 0 2
1945 3 0 2 0 2
1946 3 0 2 0 2
1947 3 0 2 0 2
1948 3 0 2 0 2
1949 3 0 2 0 2
1950 3 0 2 0 2
1951 3 0 2 0 2
1952 3 0 2 0 2
1953 3 0 2 0 2
1954 3 0 2 0 2
1955 3 0 2 0 2
1956 3 0 2 0 2
1957 3 0 2 0 2
1958 3 0 2 0 2
1959 3 0 2 0 2
1960 3 0 2 0 2
1961 3 0 2 0 2
1962 3 0 2 0 2
1963 3 0 2 0 2
1964 3 0 2 0 2
1965 3 0 2 0 2
1966 3 0 2 0 2
1967 3 0 2 0 2
1968 3 0 2 0 2
1969 3 0 2 0 2
1970 3 0 2 0 2
1971 3 0 2 0 2
1972 3 0 2 0 2
1973 3 0 2 0 2
1974 3 0 2 0 2
1975 3 0 2 0 2
1976 0 0 2 0 2
1977 0 0 2 0 2
1978 0 0 2 0 2
1979 0 0 2 0 2
1980 0 0 2 0 2
1981 0 0 2 0 2
1982 0 0 2 0 2
1983 0 0 2 0 2
1984 0 0 2 0 2
1985 0 0 2 0 2
1986 0 0 2 0 2
1987 0 0 2 0 2
1988 0 0 2 0 2
1989 0 0 2 0 2
1990 0 0 2 0 2
1991 0 0 2 0 2
1992 0 0 2 0 2
1993 0 0 2 0 2
1994 0 0 2 0 2
1995 0 0 2 0 2
1996 0 0 2 0 2
1997 0 0 2 0 2
1998 0 0 2 0 2
1999 0 0 2 0 2
2000 0 0 2 0 2
2001 0 0 2 0 2
2002 0 0 2 0 2
2003 0 0 2 0 2
2004 0 0 2 0 2
2005 0 0 2 0 2
2006 0 0 2 0 2
2007 0 0 2 0 2
2008 0 0 2 0 2
2009 0 0 2 0 2
2010 0 0 2 0 2
2011 0 0 2 0 2
2012 0 0 2 0 2
2013 0 0 2 0 2
2014 0 0 2 0 2
2015 0 0 2 0 2
2016 0 0 2 0 2
2017 0 0 2 0 2
2018 0 0 2 0 2
2019 0 0 2 0 2
2020 0 0 2 0 2
2021 0 0 2 0 2
2022 0 0 2 0 2
2023 0 0 2 0 2
2024 0 0 2 0 2
2025 0 0 2 0 2
2026 0 0 2 0 2
2027 0 0 2 0 2
2028 0 0 2 0 2
2029 0 0 2 0 2
2030 0 0 2 0 2
2031 0 0 2 0 2
2032 0 0 2 0 2
2033 0 0 2 0 2
2034 0 0 2 0 2
2035 0 0 2 0 2
2036 0 0 2 0 2
2037 0 0 2 0 2
2038 0 0 2 0 2
2039 0 0 2 0 2
2040 0 0 2 0 2
2041 0 0 2 0 2
2042 0 0 2 0 2
2043 0 0 2 0 2
2044 0 0 2 0 2
2045 0 0 2 0 2
2046 0 0 2 0 2
2047 0 0 2 0 2
2048 0 0 2 0 2
2049 0 0 2 0 2
2050 0 0 2 0 2
2051 0 0 2 0 2
2052 0 0 2 0 2
2053 0 0 2 0 2
2054 0 0 2 0 2
2055 0 0 2 0 2
2056 0 0 2 0 2
2057 0 0 2 0 2
2058 0 0 2 0 2
2059 0 0 2 0 2
2060 0 0 2 0 2
2061 0 0 2 0 2
2062 0 0 2 0 2
2063 0 0 2 0 2
2064 0 0 2 0 2
2065 0 0 2 0 2
2066 0 0 2 0 2
2067 0 0 2 0 2
2068 0 0 2 0 2
2069 0 0 2 0 2
2070 0 0 2 0 2
2071 0 0 2 0 2
2072 0 0 2 0 2
2073 0 0 2 0 2
2074 0 0 2 0 2
2075 0 0 2 0 2
2076 0 0 2 0 2
2077 0 0 2 0 2
2078 0 0 2 0 2
2079 0 0 2 0 2
2080 0 0 2 0 2
2081 0 0 2 0 2
2082 0 0 2 0 2
2083 0 0 2 0 2
2084 0 0 2 0 2
2085 0 0 2 0 2
2086 0 0 2 0 2
2087 0 0 2 0 2
2088 0 0 2 0 2
2089 0 0 2 0 2
2090 0 0 2 0 2
2091 0 0 2 0 2
2092 0 0 2 0 2
2093 0 0 2 0 2
2094 0 0 2 0 2
2095 0 0 2 0 2
2096 0 0 2 0 2
2097 0 0 2 0 2
2098 0 0 2 0 2
2099 0 0 2 0 2
2100 0 0 2 0 2
2101 0 0 2 0 2
2102 0 0 2 0 2
2103 0 0 2 0 2
2104 0 0 2 0 2
2105 0 0 2 0 2
2106 0 0 2 0 2
2107 0 0 2 0 2
2108 0 0 2 0 2
2109 0 0 2 0 2
2110 0 0 2 0 2
2111 0 0 2 0 2
2112 0 0 2 0 2
2113 0 0 2 0 2
2114 0 0 2 0 2
2115 0 0 2 0 2
2116 0 0 2 0 2
2117 0 0 2 0 2
2118 0 0 2 0 2
2119 0 0 2 0 2
2120 0 0 2 0 2
2121 0 0 2 0 2
2122 0 0 2 0 2
2123 0 0 2 0 2
2124 0 0 2 0 2
2125 0 0 2 0 2
2126 0 0 2 0 2
2127 0 0 2 0 2
2128 0 0 2 0 2
2129 0 0 2 0 2
2130 0 0 2 0 2
2131 0 0 2 0 2
2132 0 0 2 0 2
2133 0 0 2 0 2
2134 0 0 2 0 2
2135 0 0 2 0 2
2136 0 0 2 0 2
2137 0 0 2 0 2
2138 0 0 2 0 2
2139 0 0 2 0 2
2140 0 0 2 0 2
2141 0 0 2 0 2
2142 0 0 2 0 2
2143 0 0 2 0 2
2144 0 0 2 0 2
2145 0 0 2 0 2
2146 0 0 2 0 2
2147 0 0 2 0 2
2148 0 0 2 0 2
2149 0 0 2 0 2
2150 0 0 2 0 2
2151 0 0 2 0 2
2152 0 0 2 0 2
2153 0 0 2 0 2
2154 0 0 2 0 2
2155 0 0 2 0 2
2156 2 0 2 0 2
2157 2 0 2 0 2
2158 2 0 2 0 2
2159 2 0 2 0 2
2160 2 0 2 0 2
2161 2 0 2 0 2
2162 2 0 2 0 2
2163 2 0 2 0 2
2164 2 0 2 0 2
2165 2 0 2 0 2
2166 2 0 2 0 2
2167 2 0 2 0 2
2168 2 0 2 0 2
2169 2 0 2 0 2
2170 2 0 2 0 2
2171 2 0 2 0 2
2172 2 0 2 0 2
2173 2 0 2 0 2
2174 2 0 2 0 2
2175 2 0 2 0 2
2176 2 0 2 0 2
2177 2 0 2 0 2
2178 2 0 2 0 2
2179 2 0 2 0 2
2180 2 0 2 0 2
2181 2 0 2 0 2
2182 2 0 2 0 2
2183 2 0 2 0 2
2184 2 0 2 0 2
2185 2 0 2 0 2
2186 2 0 2 0 2
2187 2 0 2 0 2
2188 2 0 2 0 2
2189 2 0 2 0 2
2190 2 0 2 0 2
2191 2 0 2 0 2
2192 2 0 2 0 2
2193 2 0 2 0 2
2194 2 0 2 0 2
2195 2 0 2 0 2
2196 2 0 2 0 2
2197 2 0 2 0 2
2198 2 0 2 0 2
2199 2 0 2 0 2
2200 2 0 2 0 2
2201 2 0 2 0 2
2202 2 0 2 0 2
2203 2 0 2 0 2
2204 2 0 0 0 0
2205 2 0 0 0 0
2206 2 0 0 0 0
2207 2 0 0 0 0
2208 2 0 0 0 0
2209 2 0 0 0 0
2210 2 0 0 0 0
2211 2 0 0 0 0
2212 2 0 0 0 0
2213 2 0 0 0 0
2214 2 0 0 0 0
2215 2 0 0 0 0
2216 2 0 0 0 0
2217 2 0 0 0 0
2218 2 0 0 0 0
2219 2 0 0 0 0
2220 2 0 0 0 0
2221 2 0 0 0 0
2222 2 0 0 0 0
2223 2 0 0 0 0
2224 2 0 0 0 0
2225 2 0 0 0 0
2226 2 0 0 0 0
2227 2 0 0 0 0
2228 2 0 0 0 0
2229 2 0 0 0 0
2230 2 0 0 0 0
2231 2 0 0 0 0
2232 2 0 0 0 0
2233 2 0 0 0 0
2234 2 0 0 0 0
2235 2 0 0 0 0
2236 2 0 0 0 0
2237 2 0 0 0 0
2238 2 0 0 0 0
2239 2 0 0 0 0
2240 2 0 0 0 0
2241 2 0 0 0 0
2242 2 0 0 0 0
2243 2 0 0 0 0
2244 2 0 0 0 0
2245 2 0 0 0 0
2246 2 0 0 0 0
2247 2 0 0 0 0
2248 2 0 0 0 0
2249 2 0 0 0 0
2250 2 0 0 0 0
2251 2 0 0 0 0
2252 2 0 0 0 0
2253 2 0 0 0 0
2254 2 0 0 0 0
2255 2 0 0 0 0
2256 2 0 0 0 0
2257 2 0 0 0 0
2258 2 0 0 0 0
2259 2 0 0 0 0
2260 2 0 0 0 0
2261 2 0 0 0 0
2262 2 0 0 0 0
2263 2 0 0 0 0
2264 2 0 0 0 0
2265 2 0 0 0 0
2266 2 0 0 0 0
2267 2 0 0 0 0
2268 2 0 0 0 0
2269 2 0 0 0 0
2270 2 0 0 0 0
2271 2 0 0 0 0
2272 2 0 0 0 0
2273 2 0 0 0 0
2274 2 0 0 0 0
2275 2 0 0 0 0
2276 2 0 0 0 0
2277 2 0 0 0 0
2278 2 0 0 0 0
2279 2 0 0 0 0
2280 2 0 0 0 0
2281 2 0 0 0 0
2282 2 0 0 0 0
2283 2 0 0 0 0
2284 2 0 0 0 0
2285 2 0 0 0 0
2286 2 0 0 0 0
2287 2 0 0 0 0
2288 2 0 0 0 0
2289 2 0 0 0 0
2290 2 0 0 0 0
2291 2 0 0 0 0
2292 2 0 0 0 0
2293 2 0 0 0 0
2294 2 0 0 0 0
2295 2 0 0 0 0
2296 2 0 0 0 0
2297 2 0 0 0 0
2298 2 0 0 0 0
2299 2 0 0 0 0
2300 2 0 0 0 0
2301 2 0 0 0 0
2302 2 0 3 0 0
2303 2 0 3 0 0
2304 2 0 3 0 0
2305 2 0 3 0 0
2306 2 0 3 0 0
2307 2 0 3 0 0
2308 2 0 3 0 0
2309 2 0 3 0 0
2310 2 0 3 0 0
2311 2 0 3 0 0
2312 2 0 3 0 0
2313 2 0 3 0 0
2314 2 0 3 0 0
2315 2 0 3 0 0
2316 2 0 3 0 0
2317 2 0 0 2 0
2318 2 0 0 2 0
2319 2 0 0 2 0
2320 2 0 0 2 0
2321 2 0 0 2 0
2322 2 0 0 2 0
2323 2 0 0 2 0
2324 2 0 0 2 0
2325 2 0 0 2 0
2326 2 0 0 2 0
2327 2 0 0 2 0
2328 2 0 0 2 0
2329 2 0 0 2 0
2330 2 0 0 2 0
2331 2 0 0 2 0
2332 2 0 0 2 0
2333 2 0 0 2 0
2334 2 0 0 2 0
2335 2 0 0 2 0
2336 2 0 0 2 0
2337 2 0 0 2 0
2338 2 0 0 2 0
2339 2 0 0 2 0
2340 2 0 0 2 0
2341 2 0 0 2 0
2342 2 0 0 2 0
2343 2 0 0 2 0
2344 2 0 0 2 0
2345 2 0 0 2 0
2346 2 0 0 2 0
2347 0 0 2 0 0
2348 0 0 2 0 0
2349 0 0 2 0 0
2350 0 0 2 0 0
2351 0 0 2 0 0
2352 0 0 2 0 0
2353 0 0 2 0 0
2354 0 0 2 0 0
2355 0 0 2 0 0
2356 0 0 2 0 0
2357 0 0 2 0 0
2358 0 0 2 0 0
2359 0 0 2 0 0
2360 0 0 2 0 0
2361 0 0 2 0 0
2362 0 0 2 0 0
2363 0 0 2 0 0
2364 0 0 2 0 0
2365 0 0 2 0 0
2366 0 0 2 0 0
2367 0 0 2 0 0
2368 0 0 2 0 0
2369 0 0 2 0 0
2370 0 0 2 0 0
2371 0 0 2 0 0
2372 0 0 2 0 0
2373 0 0 2 0 0
2374 0 0 2 0 0
2375 0 0 2 0 0
2376 0 0 2 0 0
2377 0 0 2 0 0
2378 0 0 2 0 0
2379 0 0 2 0 0
2380 0 0 2 0 0
2381 0 0 2 0 0
2382 0 0 2 0 0
2383 0 0 2 0 0
2384 0 0 2 0 0
2385 0 0 2 0 0
2386 0 0 2 0 0
2387 0 0 2 0 0
2388 0 0 2 0 0
2389 0 0 2 0 0
2390 0 0 2 0 0
2391 0 0 2 0 0
2392 0 0 2 0 0
2393 0 0 2 0 0
2394 0 0 2 0 0
2395 0 0 2 0 0
2396 0 0 2 0 0
2397 0 0 2 0 0
2398 0 0 2 0 0
2399 0 0 2 0 0
2400 0 0 2 0 0
2401 0 0 2 0 0
2402 0 0 2 0 0
2403 0 0 2 0 0
2404 0 0 2 0 0
2405 0 0 2 0 0
2406 0 0 2 0 0
2407 0 0 2 0 0
2408 0 0 2 0 0
2409 0 0 2 0 0
2410 0 0 2 0 0
2411 0 0 2 0 0
2412 0 0 2 0 0
2413 0 0 2 0 0
2414 0 0 2 0 0
2415 0 0 2 0 0
2416 0 0 2 0 0
2417 0 0 2 0 0
2418 0 0 2 0 0
2419 0 0 2 0 0
2420 0 0 2 0 0
2421 0 0 2 0 0
2422 0 0 2 0 0
2423 0 0 2 0 0
2424 0 0 2 0 0
2425 0 0 2 0 0
2426 0 0 2 0 0
2427 0 0 2 0 0
2428 0 0 2 0 0
2429 0 0 2 0 0
2430 0 0 2 0 0
2431 0 0 2 0 0
2432 0 0 2 0 0
2433 0 0 2 0 0
2434 0 0 2 0 0
2435 0 0 2 0 0
2436 0 0 2 0 0
2437 0 0 2 0 0
2438 0 0 2 0 0
2439 0 0 2 0 0
2440 0 0 2 0 0
2441 0 0 2 0 0
2442 0 0 2 0 0
2443 0 0 2 0 0
2444 0 0 2 0 0
2445 0 0 2 0 0
2446 0 0 2 0 0
2447 0 0 2 0 0
2448 0 0 2 0 0
2449 0 0 2 0 0
2450 0 0 2 0 0
2451 0 0 2 0 0
2452 0 0 2 0 0
2453 0 0 2 0 0
2454 0 0 2 0 0
2455 0 0 2 0 0
2456 0 0 2 0 0
2457 0 0 2 0 0
2458 0 0 2 0 0
2459 0 0 2 0 0
2460 0 0 2 0 0
2461 0 0 2 0 0
2462 0 0 2 0 0
2463 0 0 2 0 0
2464 0 0 2 0 0
2465 0 0 2 0 0
2466 0 0 2 0 0
2467 0 0 0 0 0
2468 0 0 0 0 0
2469 0 0 0 0 0
2470 0 0 0 0 0
2471 0 0 0 0 0
2472 0 0 0 0 0
2473 0 0 0 0 0
2474 0 0 0 0 0
2475 0 0 0 0 0
2476 0 0 0 0 0
2477 0 0 0 0 0
2478 0 0 0 0 0
2479 0 0 0 0 0
2480 0 0 0 0 0
2481 0 0 0 0 0
2482 0 0 0 0 0
2483 0 0 0 0 0
2484 0 0 0 0 0
2485 0 0 0 0 0
2486 0 0 0 0 0
2487 0 0 0 0 0
2488 0 0 0 0 0
2489 0 0 0 0 0
2490 0 0 0 0 0
2491 0 0 0 0 0
2492 0 0 0 0 0
2493 0 0 0 0 0
2494 0 0 0 0 0
2495 0 0 0 0 0
2496 0 0 0 0 0
2497 0 0 0 0 0
2498 0 0 0 0 0
2499 0 0 0 0 0
2500 0 0 0 0 0
2501 0 0 0 0 0
2502 0 0 0 0 0
2503 0 0 0 0 0
2504 0 0 0 0 0
2505 0 0 0 0 0
2506 0 0 0 0 0
2507 0 0 0 0 0
2508 0 0 0 0 0
2509 0 0 0 0 0
2510 0 0 0 0 0
2511 0 0 0 0 0
2512 0 0 0 0 0
2513 0 0 0 0 0
2514 0 0 0 0 0
2515 0 0 0 0 0
2516 0 0 0 0 0
2517 0 0 0 0 0
2518 0 0 0 0 0
2519 0 0 0 0 0
2520 0 0 0 0 0
2521 0 0 0 0 0
2522 0 0 0 0 0
2523 0 0 0 0 0
2524 0 0 0 0 0
2525 0 0 0 0 0
2526 0 0 0 0 0
2527 0 0 0 0 0
2528 0 0 0 0 0
2529 0 0 0 0 0
2530 0 0 0 0 0
2531 0 0 0 0 0
2532 0 0 0 0 0
2533 0 0 0 0 0
2534 0 0 0 0 0
2535 0 0 0 0 0
2536 0 0 0 0 0
2537 0 0 0 0 0
2538 0 0 0 0 0
2539 0 0 0 0 0
2540 0 0 0 0 0
2541 0 0 0 0 0
2542 0 0 0 0 0
2543 0 0 0 0 0
2544 0 0 0 0 0
2545 0 0 0 0 0
2546 0 0 0 0 0
2547 0 0 0 0 0
2548 0 0 0 0 0
