0 0 0 0 0 0
1 0 0 2 0 0
2 0 0 2 0 0
3 0 0 2 0 0
4 0 0 2 0 0
5 0 0 2 0 0
6 0 0 2 0 0
7 0 0 2 0 0
8 0 0 2 0 0
9 0 0 2 0 0
10 0 0 2 0 0
11 0 0 2 0 0
12 0 0 2 0 0
13 0 0 2 0 0
14 0 0 2 0 0
15 0 0 2 0 0
16 0 0 2 0 0
17 0 0 2 0 0
18 0 0 2 0 0
19 0 0 2 0 0
20 0 0 2 0 0
21 0 0 2 0 0
22 0 0 2 0 0
23 0 0 2 0 0
24 0 0 2 0 0
25 0 0 2 0 0
26 0 0 2 0 0
27 0 0 2 0 0
28 0 0 2 0 0
29 0 0 2 0 0
30 0 0 2 0 0
31 0 0 2 0 0
32 0 0 2 0 0
33 0 0 2 0 0
34 0 0 2 0 0
35 0 0 2 0 0
36 0 0 2 0 0
37 0 0 2 0 0
38 0 0 2 0 0
39 0 0 2 0 0
40 0 0 2 0 0
41 0 0 2 0 0
42 0 0 2 0 0
43 0 0 2 0 0
44 0 0 2 0 0
45 0 0 2 0 0
46 0 0 2 0 0
47 0 0 2 0 0
48 0 0 2 0 0
49 0 0 2 0 0
50 0 0 2 0 0
51 0 0 2 0 0
52 0 0 2 0 0
53 0 0 2 0 0
54 0 0 2 0 0
55 0 0 2 0 0
56 0 0 2 0 0
57 0 0 2 0 0
58 0 0 2 0 0
59 0 0 2 0 0
60 0 0 2 0 0
61 0 0 2 0 0
62 0 3 2 0 0
63 0 3 2 0 0
64 0 3 2 0 0
65 0 3 2 0 0
66 0 3 2 0 0
67 0 3 2 0 0
68 0 3 2 0 0
69 0 3 2 0 0
70 0 3 2 0 0
71 0 3 2 0 0
72 0 3 2 0 0
73 0 3 2 0 0
74 0 3 2 0 0
75 0 3 2 0 0
76 0 3 2 0 0
77 0 0 2 0 0
78 0 0 2 0 0
79 0 0 2 0 0
80 0 0 2 0 0
81 0 0 2 0 0
82 0 0 2 0 0
83 0 0 2 0 0
84 0 0 2 0 0
85 0 0 2 0 0
86 0 0 2 0 0
87 0 0 2 0 0
88 0 0 2 0 0
89 0 0 2 0 0
90 0 0 2 0 0
91 0 0 2 0 0
92 0 3 2 0 0
93 0 3 2 0 0
94 0 3 2 0 0
95 0 3 2 0 0
96 0 3 2 0 0
97 0 3 2 0 0
98 0 3 2 0 0
99 0 3 2 0 0
100 0 3 2 0 0
101 0 0 2 0 0
102 0 0 2 0 0
103 0 0 2 0 0
104 0 0 2 0 0
105 0 0 2 0 0
106 0 0 2 0 0
107 0 0 2 0 0
108 0 0 2 0 0
109 0 0 2 0 0
110 0 0 2 0 0
111 0 0 2 0 0
112 0 0 2 0 0
113 0 0 2 0 0
114 0 0 2 0 0
115 0 0 2 0 0
116 0 0 2 0 1
117 0 0 2 0 1
118 0 0 2 0 1
119 0 0 2 0 1
120 0 0 2 0 1
121 0 0 2 0 1
122 0 0 2 0 1
123 0 0 2 0 1
124 0 0 2 0 1
125 0 0 2 0 1
126 0 0 2 0 1
127 0 0 2 0 1
128 0 0 2 0 1
129 0 0 2 0 1
130 0 0 2 0 1
131 0 0 2 0 1
132 0 0 2 0 1
133 0 0 2 0 1
134 0 0 2 0 1
135 0 0 2 0 1
136 0 0 2 0 1
137 0 0 2 0 1
138 0 0 2 0 1
139 0 0 2 0 1
140 0 0 2 0 1
141 0 0 2 0 1
142 0 0 2 0 1
143 0 0 2 0 1
144 0 0 2 0 1
145 0 0 2 0 1
146 0 0 2 0 1
147 0 0 2 0 1
148 0 0 2 0 1
149 0 0 2 0 1
150 0 0 2 0 1
151 0 0 2 0 1
152 0 0 2 0 1
153 0 0 2 0 1
154 0 0 2 0 1
155 0 0 2 0 1
156 0 0 2 0 1
157 0 0 2 0 1
158 0 0 2 0 1
159 0 0 2 0 2
160 0 0 2 0 2
161 0 0 2 0 2
162 0 0 2 0 2
163 0 0 2 0 2
164 0 0 2 0 2
165 0 0 2 0 2
166 0 0 2 0 2
167 0 0 2 0 2
168 0 0 2 0 2
169 0 0 2 0 2
170 0 0 2 0 2
171 0 0 2 0 2
172 0 0 2 0 2
173 0 0 2 0 2
174 0 0 2 0 2
175 0 0 2 0 2
176 0 0 2 0 2
177 0 0 2 0 2
178 0 0 2 0 2
179 0 0 2 0 2
180 0 0 2 0 2
181 0 0 2 0 2
182 0 0 2 0 2
183 0 0 2 0 2
184 0 0 2 0 2
185 0 0 2 0 2
186 0 0 2 0 2
187 0 0 2 0 2
188 0 0 2 0 2
189 0 0 2 0 0
190 0 0 2 0 0
191 0 0 2 0 0
192 0 0 2 0 0
193 0 0 2 0 0
194 0 0 2 0 0
195 0 0 2 0 0
196 0 0 2 0 0
197 0 0 2 0 0
198 0 0 2 0 0
199 0 0 2 0 0
200 0 0 2 0 0
201 0 0 2 0 0
202 0 0 2 0 0
203 0 0 2 0 0
204 0 0 2 0 1
205 0 0 2 0 1
206 0 0 2 0 1
207 0 0 2 0 1
208 0 0 2 0 1
209 0 0 2 0 1
210 0 0 2 0 1
211 0 0 2 0 1
212 0 0 2 0 1
213 0 0 2 0 1
214 0 0 2 0 1
215 0 0 2 0 1
216 0 0 2 0 1
217 0 0 2 0 1
218 0 0 2 0 1
219 0 0 2 0 0
220 0 0 2 0 0
221 0 0 2 0 0
222 0 0 2 0 0
223 0 0 2 0 0
224 0 0 2 0 0
225 0 0 2 0 0
226 0 0 2 0 0
227 0 0 2 0 0
228 0 0 2 0 0
229 0 0 2 0 0
230 0 0 2 0 0
231 0 0 2 0 0
232 0 0 2 0 0
233 0 0 2 0 0
234 0 0 2 0 0
235 0 0 2 0 0
236 0 0 2 0 0
237 0 0 2 0 0
238 0 0 2 0 0
239 0 0 2 0 0
240 0 0 2 0 0
241 0 0 2 0 0
242 0 0 2 0 0
243 0 0 2 0 0
244 0 0 2 0 0
245 0 0 2 0 0
246 0 0 2 0 0
247 0 0 2 0 0
248 0 0 2 0 0
249 0 0 2 0 1
250 0 0 2 0 1
251 0 0 2 0 1
252 0 0 2 0 1
253 0 0 2 0 1
254 0 0 2 0 1
255 0 0 2 0 1
256 0 0 2 0 1
257 0 0 2 0 1
258 0 0 2 0 1
259 0 0 2 0 1
260 0 0 2 0 1
261 0 0 2 0 1
262 0 0 2 0 1
263 0 0 2 0 1
264 0 0 2 0 0
265 0 0 2 0 0
266 0 0 2 0 0
267 0 0 2 0 0
268 0 0 2 0 0
269 0 0 2 0 0
270 0 0 2 0 0
271 0 0 2 0 0
272 0 0 2 0 0
273 0 0 2 0 0
274 0 0 2 0 0
275 0 0 2 0 0
276 0 0 2 0 0
277 0 0 2 0 0
278 0 0 2 0 0
279 0 0 2 0 1
280 0 0 2 0 1
281 0 0 2 0 1
282 0 0 2 0 1
283 0 0 2 0 1
284 0 0 2 0 1
285 0 0 2 0 1
286 0 0 2 0 1
287 0 0 2 0 1
288 0 0 2 0 1
289 0 0 2 0 1
290 0 0 2 0 1
291 0 0 2 0 1
292 0 0 2 0 1
293 0 0 2 0 1
294 0 0 2 0 0
295 0 0 2 0 0
296 0 0 2 0 0
297 0 0 2 0 0
298 0 0 2 0 0
299 0 0 2 0 0
300 0 0 2 0 0
301 0 0 2 0 0
302 0 0 2 0 0
303 0 0 2 0 0
304 0 0 2 0 0
305 0 0 2 0 0
306 0 0 2 0 0
307 0 0 2 0 0
308 0 0 2 0 0
309 0 0 2 0 1
310 0 0 2 0 1
311 0 0 2 0 1
312 0 0 2 0 1
313 0 0 2 0 1
314 0 0 2 0 1
315 0 0 2 0 1
316 0 0 2 0 1
317 0 0 2 0 1
318 0 0 2 0 1
319 0 0 2 0 1
320 0 0 2 0 1
321 0 0 2 0 1
322 0 0 2 0 1
323 0 0 2 0 1
324 0 0 2 0 1
325 0 0 2 0 1
326 0 0 2 0 1
327 0 0 2 0 1
328 0 0 2 0 1
329 0 0 2 0 1
330 0 0 2 0 1
331 0 0 2 0 1
332 0 0 2 0 1
333 0 0 2 0 1
334 0 0 2 0 1
335 0 0 2 0 1
336 0 0 2 0 1
337 0 0 2 0 1
338 0 0 2 0 1
339 0 0 2 0 1
340 0 0 2 0 1
341 0 0 2 0 1
342 0 0 2 0 1
343 0 0 2 0 1
344 0 0 2 0 1
345 0 0 2 0 1
346 0 0 2 0 1
347 0 0 2 0 1
348 0 0 2 0 1
349 0 0 2 0 1
350 0 0 2 0 1
351 0 0 2 0 1
352 0 0 2 0 1
353 0 0 2 0 1
354 0 0 2 0 1
355 0 0 2 0 1
356 0 0 2 0 1
357 0 0 2 0 1
358 0 0 2 0 1
359 0 0 2 0 1
360 0 0 2 0 1
361 0 0 2 0 1
362 0 0 2 0 1
363 0 0 2 0 1
364 0 0 2 0 1
365 0 0 2 0 1
366 0 0 2 0 1
367 0 0 2 0 1
368 0 0 2 0 1
369 0 0 2 0 1
370 0 0 2 0 1
371 0 0 2 0 1
372 0 0 2 0 1
373 0 0 2 0 1
374 0 0 2 0 1
375 0 0 2 0 1
376 0 0 2 0 1
377 0 0 2 0 1
378 0 0 2 0 1
379 0 0 2 0 1
380 0 0 2 0 1
381 0 0 2 0 1
382 0 0 2 0 1
383 0 0 2 0 1
384 0 0 2 0 1
385 0 0 2 0 1
386 0 0 2 0 1
387 0 0 2 0 1
388 0 0 2 0 1
389 0 0 2 0 1
390 0 0 2 0 1
391 0 0 2 0 1
392 0 0 2 0 1
393 0 0 2 0 1
394 0 0 2 0 1
395 0 0 2 0 1
396 0 0 2 0 1
397 0 0 2 0 1
398 0 0 2 0 1
399 0 0 3 0 1
400 0 0 3 0 1
401 0 0 3 0 1
402 0 0 3 0 1
403 0 0 3 0 1
404 0 0 3 0 1
405 0 0 3 0 1
406 0 0 3 0 1
407 0 0 3 0 1
408 0 0 3 0 1
409 0 0 3 0 1
410 0 0 3 0 1
411 0 0 3 0 1
412 0 0 3 0 1
413 0 0 3 0 1
414 0 0 0 2 1
415 0 0 0 2 1
416 0 0 0 2 1
417 0 0 0 2 1
418 0 0 0 2 1
419 0 0 0 2 1
420 0 0 0 2 1
421 0 0 0 2 1
422 0 0 0 2 1
423 0 0 0 2 1
424 0 0 0 2 1
425 0 0 0 2 1
426 0 0 0 2 1
427 0 0 0 2 1
428 0 0 0 2 1
429 0 0 0 0 1
430 0 0 0 0 1
431 0 0 0 0 1
432 0 0 0 0 1
433 0 0 0 0 1
434 0 0 0 0 1
435 0 0 0 0 1
436 0 0 0 0 1
437 0 0 0 0 1
438 0 0 0 0 1
439 0 0 0 0 1
440 0 0 0 0 1
441 0 0 0 0 1
442 0 0 0 0 1
443 0 0 0 0 1
444 0 0 0 0 1
445 0 0 0 0 1
446 0 0 0 0 1
447 0 0 0 0 1
448 0 0 0 0 1
449 0 0 0 0 1
450 0 0 0 0 1
451 0 0 0 0 1
452 0 0 0 0 1
453 0 0 0 0 1
454 0 0 0 0 1
455 0 0 0 0 1
456 0 0 0 0 1
457 0 0 0 0 1
458 0 0 0 0 1
459 0 0 0 0 1
460 0 0 0 0 1
461 0 0 0 0 1
462 0 0 0 0 1
463 0 0 0 0 1
464 0 0 0 0 1
465 0 0 0 0 1
466 0 0 0 0 1
467 0 0 0 0 1
468 0 0 0 0 1
469 0 0 0 0 1
470 0 0 0 0 1
471 0 0 0 0 1
472 0 0 0 0 1
473 0 0 0 0 1
474 0 0 2 0 1
475 0 0 2 0 1
476 0 0 2 0 1
477 0 0 2 0 1
478 0 0 2 0 1
479 0 0 2 0 1
480 0 0 2 0 1
481 0 0 2 0 1
482 0 0 2 0 1
483 0 0 2 0 1
484 0 0 2 0 1
485 0 0 2 0 1
486 0 0 2 0 1
487 0 0 2 0 1
488 0 0 2 0 1
489 0 0 2 0 1
490 0 0 2 0 1
491 0 0 2 0 1
492 0 0 2 0 1
493 0 0 2 0 1
494 0 0 2 0 1
495 0 0 2 0 1
496 0 0 2 0 1
497 0 0 2 0 1
498 0 0 2 0 1
499 0 0 2 0 1
500 0 0 2 0 1
501 0 0 2 0 1
502 0 0 2 0 1
503 0 0 2 0 1
504 0 0 3 0 0
505 0 0 3 0 0
506 0 0 3 0 0
507 0 0 3 0 0
508 0 0 3 0 0
509 0 0 3 0 0
510 0 0 3 0 0
511 0 0 3 0 0
512 0 0 3 0 0
513 0 0 3 0 0
514 0 0 3 0 0
515 0 0 3 0 0
516 0 0 3 0 0
517 0 0 3 0 0
518 0 0 3 0 0
519 0 0 2 0 1
520 0 0 2 0 1
521 0 0 2 0 1
522 0 0 2 0 1
523 0 0 2 0 1
524 0 0 2 0 1
525 0 0 2 0 1
526 0 0 2 0 1
527 0 0 2 0 1
528 0 0 2 0 1
529 0 0 2 0 1
530 0 0 2 0 1
531 0 0 2 0 1
532 0 0 2 0 1
533 0 0 2 0 1
534 0 0 2 0 1
535 0 0 2 0 1
536 0 0 2 0 1
537 0 0 2 0 1
538 0 0 2 0 1
539 0 0 2 0 1
540 0 0 2 0 1
541 0 0 2 0 1
542 0 0 2 0 1
543 0 0 2 0 1
544 0 0 2 0 1
545 0 0 2 0 1
546 0 0 2 0 1
547 0 0 2 0 1
548 0 0 2 0 1
549 0 0 2 0 1
550 0 0 2 0 1
551 0 0 2 0 1
552 0 0 2 0 1
553 0 0 2 0 1
554 0 0 2 0 1
555 0 0 2 0 1
556 0 0 2 0 1
557 0 0 2 0 1
558 0 0 2 0 1
559 0 0 2 0 1
560 0 0 2 0 1
561 0 0 2 0 1
562 0 0 2 0 1
563 0 0 2 0 1
564 2 0 2 0 2
565 2 0 2 0 2
566 2 0 2 0 2
567 2 0 2 0 2
568 2 0 2 0 2
569 2 0 2 0 2
570 2 0 2 0 2
571 2 0 2 0 2
572 2 0 2 0 2
573 2 0 2 0 2
574 2 0 2 0 2
575 2 0 2 0 2
576 2 0 2 0 2
577 2 0 2 0 2
578 2 0 2 0 2
579 2 0 2 0 2
580 2 0 2 0 2
581 2 0 2 0 2
582 2 0 2 0 2
583 2 0 2 0 2
584 2 0 2 0 2
585 2 0 2 0 2
586 2 0 2 0 2
587 2 0 2 0 2
588 2 0 2 0 2
589 2 0 2 0 2
590 2 0 2 0 2
591 2 0 2 0 2
592 2 0 2 0 2
593 2 0 2 0 2
594 2 0 2 0 2
595 2 0 2 0 2
596 2 0 2 0 2
597 2 0 2 0 2
598 2 0 2 0 2
599 2 0 2 0 2
600 2 0 2 0 2
601 2 0 2 0 2
602 2 0 2 0 2
603 2 0 2 0 2
604 2 0 2 0 2
605 2 0 2 0 2
606 2 0 2 0 2
607 2 0 2 0 2
608 2 0 2 0 2
609 2 0 2 0 2
610 2 0 2 0 2
611 2 0 2 0 2
612 2 0 2 0 2
613 2 0 2 0 2
614 2 0 2 0 2
615 2 0 2 0 2
616 2 0 2 0 2
617 2 0 2 0 2
618 2 0 2 0 2
619 2 0 2 0 2
620 2 0 2 0 2
621 2 0 2 0 2
622 2 0 2 0 2
623 2 0 2 0 2
624 0 0 2 0 2
625 0 0 2 0 2
626 0 0 2 0 2
627 0 0 2 0 2
628 0 0 2 0 2
629 0 0 2 0 2
630 0 0 2 0 2
631 0 0 2 0 2
632 0 0 2 0 2
633 0 0 2 0 2
634 0 0 2 0 2
635 0 0 2 0 2
636 0 0 2 0 2
637 0 0 2 0 2
638 0 0 2 0 2
639 0 0 2 0 2
640 0 0 2 0 2
641 0 0 2 0 2
642 0 0 2 0 2
643 0 0 2 0 2
644 0 0 2 0 2
645 0 0 2 0 2
646 0 0 2 0 2
647 0 0 2 0 2
648 0 0 2 0 2
649 0 0 2 0 2
650 0 0 2 0 2
651 0 0 2 0 2
652 0 0 2 0 2
653 0 0 2 0 2
654 2 0 2 0 2
655 2 0 2 0 2
656 2 0 2 0 2
657 2 0 2 0 2
658 2 0 2 0 2
659 2 0 2 0 2
660 2 0 2 0 2
661 2 0 2 0 2
662 2 0 2 0 2
663 2 0 2 0 2
664 2 0 2 0 2
665 2 0 2 0 2
666 2 0 2 0 2
667 2 0 2 0 2
668 2 0 2 0 2
669 2 0 2 0 0
670 2 0 2 0 0
671 2 0 2 0 0
672 2 0 2 0 0
673 2 0 2 0 0
674 2 0 2 0 0
675 2 0 2 0 0
676 2 0 2 0 0
677 2 0 2 0 0
678 2 0 2 0 0
679 2 0 2 0 0
680 2 0 2 0 0
681 2 0 2 0 0
682 2 0 2 0 0
683 2 0 2 0 0
684 0 0 2 0 0
685 0 0 2 0 0
686 0 0 2 0 0
687 0 0 2 0 0
688 0 0 2 0 0
689 0 0 2 0 0
690 0 0 2 0 0
691 0 0 2 0 0
692 0 0 2 0 0
693 0 0 2 0 0
694 2 0 2 0 0
695 2 0 2 0 0
696 2 0 2 0 0
697 2 0 3 0 0
698 2 0 3 0 0
699 2 0 3 0 0
700 2 0 3 0 0
701 2 0 3 0 0
702 2 0 3 0 0
703 2 0 3 0 0
704 2 0 3 0 0
705 2 0 3 0 0
706 2 0 3 0 0
707 2 0 3 0 0
708 2 0 3 0 0
709 2 0 3 0 0
710 2 0 3 0 0
711 2 0 3 0 0
712 2 0 2 0 1
713 2 0 2 0 1
714 2 0 2 0 1
715 2 0 2 0 1
716 2 0 2 0 1
717 2 0 2 0 1
718 2 0 2 0 1
719 2 0 2 0 1
720 2 0 2 0 1
721 2 0 2 0 1
722 2 0 2 0 1
723 2 0 2 0 1
724 2 0 2 0 1
725 2 0 2 0 1
726 2 0 2 0 1
727 2 0 0 0 1
728 2 0 0 0 1
729 2 0 0 0 1
730 2 0 0 0 1
731 2 0 0 0 1
732 2 0 0 0 1
733 2 0 0 0 1
734 2 0 0 0 1
735 2 0 0 0 1
736 2 0 0 0 1
737 2 0 0 0 1
738 2 0 0 0 1
739 2 0 0 0 1
740 2 0 0 0 1
741 2 0 0 0 1
742 2 0 0 0 0
743 2 0 0 0 0
744 2 0 0 0 0
745 2 0 0 0 0
746 2 0 0 0 0
747 2 0 0 0 0
748 2 0 0 0 0
749 2 0 0 0 0
750 2 0 0 0 0
751 2 0 0 0 0
752 2 0 0 0 0
753 2 0 0 0 0
754 2 0 0 0 0
755 2 0 0 0 0
756 2 0 0 0 0
757 2 0 0 0 0
758 2 0 0 0 0
759 2 0 0 0 0
760 2 0 0 0 0
761 2 0 0 0 0
762 2 0 0 0 0
763 2 0 0 0 0
764 2 0 0 0 0
765 2 0 0 0 0
766 2 0 0 0 0
767 2 0 0 0 0
768 2 0 0 0 0
769 2 0 0 0 0
770 2 0 0 0 0
771 2 0 0 0 0
772 2 0 0 0 0
773 2 0 0 0 0
774 2 0 0 0 0
775 2 0 0 0 0
776 2 0 0 0 0
777 2 0 0 0 0
778 2 0 0 0 0
779 2 0 0 0 0
780 2 0 0 0 0
781 2 0 0 0 0
782 2 0 0 0 0
783 2 0 0 0 0
784 2 0 0 0 0
785 2 0 0 0 0
786 2 0 0 0 0
787 2 0 0 0 0
788 2 0 0 0 0
789 2 0 0 0 0
790 2 0 0 0 0
791 2 0 0 0 0
792 2 0 0 0 0
793 2 0 0 0 0
794 2 0 0 0 0
795 2 0 0 0 0
796 2 0 0 0 0
797 2 0 0 0 0
798 2 0 0 0 0
799 2 0 0 0 0
800 2 0 0 0 0
801 2 0 0 0 0
802 2 0 0 0 0
803 2 0 0 0 0
804 2 0 0 0 0
805 2 0 0 0 0
806 2 0 0 0 0
807 2 0 0 0 0
808 2 0 0 0 0
809 2 0 0 0 0
810 2 0 0 0 0
811 2 0 0 0 0
812 2 0 0 0 0
813 2 0 0 0 0
814 2 0 0 0 0
815 2 0 0 0 0
816 2 0 0 0 0
817 2 0 0 0 0
818 2 0 0 0 0
819 2 0 0 0 0
820 2 0 0 0 0
821 2 0 0 0 0
822 2 0 0 0 0
823 2 0 0 0 0
824 2 0 0 0 0
825 2 0 0 0 0
826 2 0 0 0 0
827 2 0 0 0 0
828 2 0 0 0 0
829 2 0 0 0 0
830 2 0 0 0 0
831 2 0 0 0 0
832 2 0 0 0 0
833 2 0 0 0 0
834 2 0 0 0 0
835 2 0 0 0 0
836 2 0 0 0 0
837 2 0 0 0 0
838 2 0 0 0 0
839 2 0 0 0 0
840 2 0 0 0 0
841 2 0 0 0 0
842 2 0 0 0 0
843 2 0 0 0 0
844 2 0 0 0 0
845 2 0 0 0 0
846 2 0 0 0 0
847 2 0 0 0 0
848 2 0 0 0 0
849 2 0 0 0 0
850 2 0 0 0 0
851 2 0 0 0 0
852 2 0 0 0 0
853 2 0 0 0 0
854 2 0 0 0 0
855 2 0 0 0 0
856 2 0 0 0 0
857 2 0 0 0 0
858 2 0 0 0 0
859 2 0 0 0 0
860 2 0 0 0 0
861 2 0 0 0 0
862 2 0 0 0 0
863 2 0 0 0 0
864 2 0 0 0 0
865 2 0 0 0 0
866 2 0 0 0 0
867 2 0 0 0 0
868 2 0 0 0 0
869 2 0 0 0 0
870 2 0 0 0 0
871 2 0 0 0 0
872 2 0 0 0 0
873 2 0 0 0 0
874 2 0 0 0 0
875 2 0 0 0 0
876 2 0 0 0 0
877 2 0 0 0 0
878 2 0 0 0 0
879 2 0 0 0 0
880 2 0 0 0 0
881 2 0 0 0 0
882 2 0 0 0 0
883 2 0 0 0 0
884 2 0 0 0 0
885 2 0 0 0 0
886 2 0 0 0 0
887 2 0 0 0 0
888 2 0 0 0 0
889 2 0 0 0 0
890 2 0 0 0 0
891 2 0 0 0 0
892 2 0 0 0 0
893 2 0 0 0 0
894 2 0 0 0 0
895 2 0 0 0 0
896 2 0 0 0 0
897 2 0 0 0 0
898 2 0 0 0 0
899 2 0 0 0 0
900 2 0 0 0 0
901 2 0 0 0 0
902 2 0 0 0 0
903 2 0 0 0 0
904 2 0 0 0 0
905 2 0 0 0 0
906 2 0 0 0 0
907 2 0 0 0 0
908 2 0 0 0 0
909 2 0 0 0 0
910 2 0 0 0 0
911 2 0 0 0 0
912 2 0 0 0 0
913 2 0 0 0 0
914 2 0 0 0 0
915 2 0 0 0 0
916 2 0 0 0 0
917 2 0 0 0 0
918 2 0 0 0 0
919 2 0 0 0 0
920 2 0 0 0 0
921 2 0 0 0 0
922 2 0 0 0 0
923 2 0 0 0 0
924 2 0 0 0 0
925 2 0 0 0 0
926 2 0 0 0 0
927 2 0 0 0 0
928 2 0 0 0 0
929 2 0 0 0 0
930 2 0 0 0 0
931 2 0 0 0 0
932 2 0 0 0 0
933 2 0 0 0 0
934 2 0 0 0 0
935 2 0 0 0 0
936 2 0 0 0 0
937 0 0 0 0 0
938 0 0 0 0 0
939 0 0 0 0 0
940 0 0 0 0 0
941 0 0 0 0 0
942 0 0 0 0 0
943 0 0 0 0 0
944 0 0 0 0 0
945 0 0 0 0 0
946 0 0 0 0 0
947 0 0 0 0 0
948 0 0 0 0 0
949 0 0 0 0 0
950 0 0 0 0 0
951 0 0 0 0 0
952 2 0 0 0 0
953 2 0 0 0 0
954 2 0 0 0 0
955 2 0 0 0 0
956 2 0 0 0 0
957 2 0 0 0 0
958 2 0 0 0 0
959 2 0 0 0 0
960 2 0 0 0 0
961 2 0 0 0 0
962 2 0 0 0 0
963 2 0 0 0 0
964 2 0 0 0 0
965 2 0 0 0 0
966 2 0 0 0 0
967 2 0 2 0 0
968 2 0 2 0 0
969 2 0 2 0 0
970 2 0 2 0 0
971 2 0 2 0 0
972 2 0 2 0 0
973 2 0 2 0 0
974 2 0 2 0 0
975 2 0 2 0 0
976 2 0 2 0 0
977 2 0 2 0 0
978 2 0 2 0 0
979 2 0 2 0 0
980 2 0 2 0 0
981 2 0 2 0 0
982 2 0 2 0 0
983 2 0 2 0 0
984 2 0 2 0 0
985 2 0 2 0 0
986 2 0 2 0 0
987 2 0 2 0 0
988 2 0 2 0 0
989 2 0 2 0 0
990 2 0 2 0 0
991 2 0 2 0 0
992 2 0 2 0 0
993 2 0 2 0 0
994 2 0 2 0 0
995 2 0 2 0 0
996 2 0 2 0 0
997 2 0 2 0 0
998 2 0 2 0 0
999 2 0 2 0 0
1000 2 0 2 0 0
1001 2 0 2 0 0
1002 2 0 2 0 0
1003 2 0 2 0 0
1004 2 0 2 0 0
1005 2 0 2 0 0
1006 2 0 2 0 0
1007 2 0 2 0 0
1008 2 0 2 0 0
1009 2 0 2 0 0
1010 2 0 2 0 0
1011 2 0 2 0 0
1012 2 0 2 0 0
1013 2 0 2 0 0
1014 2 0 2 0 0
1015 2 0 2 0 0
1016 2 0 2 0 0
1017 2 0 2 0 0
1018 2 0 2 0 0
1019 2 0 2 0 0
1020 2 0 2 0 0
1021 2 0 2 0 0
1022 2 0 2 0 0
1023 2 0 2 0 0
1024 2 0 2 0 0
1025 2 0 2 0 0
1026 2 0 2 0 0
1027 2 0 2 0 0
1028 2 0 2 0 0
1029 2 0 2 0 0
1030 2 0 2 0 0
1031 2 0 2 0 0
1032 2 0 2 0 0
1033 2 0 2 0 0
1034 2 0 2 0 0
1035 2 0 2 0 0
1036 2 0 2 0 0
1037 2 0 2 0 0
1038 2 0 2 0 0
1039 2 0 2 0 0
1040 2 0 2 0 0
1041 2 0 2 0 0
1042 2 0 2 0 0
1043 2 0 2 0 0
1044 2 0 2 0 0
1045 2 0 2 0 0
1046 0 0 2 0 0
1047 0 0 2 0 0
1048 0 0 2 0 0
1049 0 0 2 0 0
1050 0 0 2 0 0
1051 0 0 2 0 0
1052 0 0 2 0 0
1053 0 0 2 0 0
1054 0 0 2 0 0
1055 0 0 2 0 0
1056 0 0 2 0 0
1057 0 0 2 0 0
1058 0 0 2 0 0
1059 0 0 2 0 0
1060 0 0 2 0 0
1061 0 0 3 0 0
1062 0 0 3 0 0
1063 0 0 3 0 0
1064 0 0 3 0 0
1065 0 0 3 0 0
1066 0 0 3 0 0
1067 0 0 3 0 0
1068 0 0 3 0 0
1069 0 0 3 0 0
1070 0 0 3 0 0
1071 0 0 3 0 0
1072 0 0 3 0 0
1073 0 0 3 0 0
1074 0 0 3 0 0
1075 0 0 3 0 0
1076 3 0 3 0 0
1077 3 0 3 0 0
1078 3 0 3 0 0
1079 3 0 3 0 0
1080 3 0 3 0 0
1081 3 0 3 0 0
1082 3 0 3 0 0
1083 3 0 3 0 0
1084 3 0 3 0 0
1085 3 0 3 0 0
1086 3 0 3 0 0
1087 3 0 3 0 0
1088 3 0 3 0 0
1089 3 0 3 0 0
1090 3 0 3 0 0
1091 3 0 3 0 1
1092 3 0 3 0 1
1093 3 0 3 0 1
1094 3 0 3 0 1
1095 3 0 3 0 1
1096 3 0 3 0 1
1097 3 0 3 0 1
1098 3 0 3 0 1
1099 3 0 3 0 1
1100 3 0 3 0 1
1101 3 0 3 0 1
1102 3 0 3 0 1
1103 3 0 3 0 1
1104 3 0 3 0 1
1105 3 0 3 0 1
1106 3 0 3 0 1
1107 3 0 3 0 1
1108 3 0 3 0 1
1109 3 0 3 0 1
1110 3 0 3 0 1
1111 3 0 3 0 1
1112 3 0 3 0 1
1113 3 0 3 0 1
1114 3 0 3 0 1
1115 3 0 3 0 1
1116 3 0 3 0 1
1117 3 0 3 0 1
1118 3 0 3 0 1
1119 3 0 3 0 1
1120 3 0 3 0 1
1121 0 0 3 0 1
1122 0 0 3 0 1
1123 0 0 3 0 1
1124 0 0 3 0 1
1125 0 0 3 0 1
1126 0 0 3 0 1
1127 0 0 3 0 1
1128 0 0 3 0 1
1129 0 0 3 0 1
1130 0 0 3 0 1
1131 0 0 3 0 1
1132 0 0 3 0 1
1133 0 0 3 0 1
1134 0 0 3 0 1
1135 0 0 3 0 1
1136 0 0 3 0 0
1137 0 0 3 0 0
1138 0 0 3 0 0
1139 0 0 3 0 0
1140 0 0 3 0 0
1141 0 0 3 0 0
1142 0 0 3 0 0
1143 0 0 3 0 0
1144 0 0 3 0 0
1145 0 0 3 0 0
1146 0 0 3 0 0
1147 0 0 3 0 0
1148 0 0 3 0 0
1149 0 0 3 0 0
1150 0 0 3 0 0
1151 0 0 3 0 0
1152 0 0 3 0 0
1153 0 0 3 0 0
1154 0 0 3 0 0
1155 0 0 3 0 0
1156 0 0 3 0 0
1157 0 0 3 0 0
1158 0 0 3 0 0
1159 0 0 3 0 0
1160 0 0 3 0 0
1161 0 0 3 0 0
1162 0 0 3 0 0
1163 0 0 3 0 0
1164 0 0 3 0 0
1165 0 0 3 0 0
1166 0 0 3 0 0
1167 0 0 3 0 0
1168 0 0 3 0 0
1169 0 0 3 0 0
1170 0 0 3 0 0
1171 0 0 3 0 0
1172 0 0 3 0 0
1173 0 0 3 0 0
1174 0 0 3 0 0
1175 0 0 3 0 0
1176 0 0 3 0 0
1177 0 0 3 0 0
1178 0 0 3 0 0
1179 0 0 3 0 0
1180 0 0 3 0 0
1181 0 0 3 0 0
1182 0 0 3 0 0
1183 0 0 3 0 0
1184 0 0 3 0 0
1185 0 0 3 0 0
1186 0 0 3 0 0
1187 0 0 3 0 0
1188 0 0 3 0 0
1189 0 0 3 0 0
1190 0 0 3 0 0
1191 0 0 3 0 0
1192 0 0 3 0 0
1193 0 0 3 0 0
1194 0 0 3 0 0
1195 0 0 3 0 0
1196 0 0 2 0 1
1197 0 0 2 0 1
1198 0 0 2 0 1
1199 0 0 2 0 1
1200 0 0 2 0 1
1201 0 0 2 0 1
1202 0 0 2 0 1
1203 0 0 2 0 1
1204 0 0 2 0 1
1205 0 0 2 0 1
1206 0 0 2 0 1
1207 0 0 2 0 1
1208 0 0 2 0 1
1209 0 0 2 0 1
1210 0 0 2 0 1
1211 0 0 2 0 1
1212 0 0 2 0 1
1213 0 0 2 0 1
1214 0 0 2 0 1
1215 0 0 2 0 1
1216 0 0 2 0 1
1217 0 0 2 0 1
1218 0 0 2 0 1
1219 0 0 2 0 1
1220 0 0 2 0 1
1221 0 0 2 0 1
1222 0 0 2 0 1
1223 0 0 2 0 1
1224 0 0 2 0 1
1225 0 0 2 0 1
1226 0 0 2 0 1
1227 0 0 2 0 1
1228 0 0 2 0 1
1229 0 0 2 0 1
1230 0 0 2 0 1
1231 0 0 2 0 1
1232 0 0 2 0 1
1233 0 0 2 0 1
1234 0 0 2 0 1
1235 0 0 2 0 1
1236 0 0 2 0 1
1237 0 0 2 0 1
1238 0 0 2 0 1
1239 0 0 2 0 1
1240 0 0 2 0 1
1241 0 0 2 0 1
1242 0 0 2 0 1
1243 0 0 2 0 1
1244 0 0 2 0 1
1245 0 0 2 0 1
1246 0 0 2 0 1
1247 0 0 2 0 1
1248 0 0 2 0 1
1249 0 0 2 0 1
1250 0 0 2 0 1
1251 0 0 2 0 1
1252 0 0 2 0 1
1253 0 0 2 0 1
1254 0 0 2 0 1
1255 0 0 2 0 1
1256 0 0 2 0 1
1257 0 0 2 0 1
1258 0 0 2 0 1
1259 0 0 2 0 1
1260 0 0 2 0 1
1261 0 0 2 0 1
1262 0 0 2 0 1
1263 0 0 2 0 1
1264 0 0 2 0 1
1265 0 0 2 0 1
1266 0 0 2 0 1
1267 0 0 2 0 1
1268 0 0 2 0 1
1269 0 0 2 0 1
1270 0 0 2 0 1
1271 0 0 2 0 1
1272 0 0 2 0 1
1273 0 0 2 0 1
1274 0 0 2 0 1
1275 0 0 2 0 1
1276 0 0 2 0 1
1277 0 0 2 0 1
1278 0 0 2 0 1
1279 0 0 2 0 1
1280 0 0 2 0 1
1281 0 0 2 0 1
1282 0 0 2 0 1
1283 0 0 2 0 1
1284 0 0 2 0 1
1285 0 0 2 0 1
1286 0 0 2 0 1
1287 0 0 2 0 1
1288 0 0 2 0 1
1289 0 0 2 0 1
1290 0 0 2 0 1
1291 0 0 2 0 1
1292 0 0 2 0 1
1293 0 0 2 0 1
1294 0 0 2 0 1
1295 0 0 2 0 1
1296 0 0 2 0 1
1297 0 0 2 0 1
1298 0 0 2 0 1
1299 0 0 2 0 1
1300 0 0 2 0 1
1301 0 0 2 0 1
1302 0 0 2 0 1
1303 0 0 2 0 1
1304 0 0 2 0 1
1305 0 0 2 0 1
1306 0 0 2 0 1
1307 0 0 2 0 1
1308 0 0 2 0 1
1309 0 0 2 0 1
1310 0 0 2 0 1
1311 0 0 2 0 1
1312 0 0 2 0 1
1313 0 0 2 0 1
1314 0 0 2 0 1
1315 0 0 2 0 1
1316 2 0 2 0 1
1317 2 0 2 0 1
1318 2 0 2 0 1
1319 2 0 2 0 1
1320 2 0 2 0 1
1321 2 0 2 0 1
1322 2 0 2 0 1
1323 2 0 2 0 1
1324 2 0 2 0 1
1325 2 0 2 0 1
1326 2 0 2 0 1
1327 2 0 2 0 1
1328 2 0 2 0 1
1329 2 0 2 0 1
1330 2 0 2 0 1
1331 0 0 2 0 1
1332 0 0 2 0 1
1333 0 0 2 0 1
1334 0 0 2 0 1
1335 0 0 2 0 1
1336 0 0 2 0 1
1337 0 0 2 0 1
1338 0 0 2 0 1
1339 0 0 2 0 1
1340 0 0 2 0 1
1341 0 0 2 0 1
1342 0 0 2 0 1
1343 0 0 2 0 1
1344 0 0 2 0 1
1345 0 0 2 0 1
1346 2 0 2 0 1
1347 2 0 2 0 1
1348 2 0 2 0 1
1349 2 0 2 0 1
1350 2 0 2 0 1
1351 2 0 2 0 1
1352 2 0 2 0 1
1353 2 0 2 0 1
1354 2 0 2 0 1
1355 2 0 2 0 1
1356 2 0 2 0 1
1357 2 0 2 0 1
1358 2 0 2 0 1
1359 2 0 2 0 1
1360 2 0 2 0 1
1361 2 0 2 0 1
1362 2 0 2 0 1
1363 2 0 2 0 1
1364 2 0 2 0 1
1365 2 0 2 0 1
1366 2 0 2 0 1
1367 2 0 2 0 1
1368 2 0 2 0 1
1369 2 0 2 0 1
1370 2 0 2 0 1
1371 2 0 2 0 1
1372 2 0 2 0 1
1373 2 0 2 0 1
1374 2 0 2 0 1
1375 2 0 2 0 1
1376 2 0 2 0 1
1377 2 0 2 0 1
1378 2 0 2 0 1
1379 2 0 2 0 1
1380 2 0 2 0 1
1381 2 0 2 0 1
1382 2 0 2 0 1
1383 2 0 2 0 1
1384 2 0 2 0 1
1385 2 0 2 0 1
1386 2 0 2 0 1
1387 2 0 2 0 1
1388 2 0 2 0 1
1389 2 0 2 0 1
1390 2 0 2 0 1
1391 2 0 2 0 1
1392 2 0 2 0 1
1393 2 0 2 0 1
1394 2 0 2 0 1
1395 2 0 2 0 1
1396 2 0 2 0 1
1397 2 0 2 0 1
1398 2 0 2 0 1
1399 2 0 2 0 1
1400 2 0 2 0 1
1401 2 0 2 0 1
1402 2 0 2 0 1
1403 2 0 2 0 1
1404 2 0 2 0 1
1405 2 0 2 0 1
1406 2 0 2 0 1
1407 2 0 2 0 1
1408 2 0 2 0 1
1409 2 0 2 0 1
1410 2 0 2 0 1
1411 2 0 2 0 1
1412 2 0 2 0 1
1413 2 0 2 0 1
1414 2 0 2 0 1
1415 2 0 3 0 1
1416 2 0 3 0 1
1417 2 0 3 0 1
1418 2 0 2 0 1
1419 2 0 2 0 1
1420 2 0 2 0 1
1421 2 0 2 0 1
1422 2 0 2 0 1
1423 2 0 2 0 1
1424 2 0 2 0 1
1425 2 0 2 0 1
1426 2 0 2 0 1
1427 2 0 2 0 1
1428 2 0 2 0 1
1429 2 0 2 0 1
1430 2 0 2 0 1
1431 2 0 2 0 1
1432 2 0 2 0 1
1433 2 0 0 0 1
1434 2 0 0 0 1
1435 2 0 0 0 1
1436 2 0 0 0 1
1437 2 0 0 0 1
1438 2 0 0 0 1
1439 2 0 0 0 1
1440 2 0 0 0 1
1441 2 0 0 0 1
1442 2 0 0 0 1
1443 2 0 0 0 1
1444 2 0 0 0 1
1445 2 0 0 0 1
1446 2 0 0 0 1
1447 2 0 0 0 1
1448 2 0 0 0 0
1449 2 0 0 0 0
1450 2 0 0 0 0
1451 2 0 0 0 0
1452 2 0 0 0 0
1453 2 0 0 0 0
1454 2 0 0 0 0
1455 2 0 0 0 0
1456 2 0 0 0 0
1457 2 0 0 0 0
1458 2 0 0 0 0
1459 2 0 0 0 0
1460 2 0 0 0 0
1461 2 0 0 0 0
1462 2 0 0 0 0
1463 2 0 0 0 0
1464 2 0 0 0 0
1465 2 0 0 0 0
1466 2 0 0 0 0
1467 2 0 0 0 0
1468 2 0 0 0 0
1469 2 0 0 0 0
1470 2 0 0 0 0
1471 2 0 0 0 0
1472 2 0 0 0 0
1473 2 0 0 0 0
1474 2 0 0 0 0
1475 2 0 0 0 0
1476 2 0 0 0 0
1477 2 0 0 0 0
1478 2 0 0 0 0
1479 2 0 0 0 0
1480 2 0 0 0 0
1481 2 0 0 0 0
1482 2 0 0 0 0
1483 2 0 0 0 0
1484 2 0 0 0 0
1485 2 0 0 0 0
1486 2 0 0 0 0
1487 2 0 0 0 0
1488 2 0 0 0 0
1489 2 0 0 0 0
1490 2 0 0 0 0
1491 2 0 0 0 0
1492 2 0 0 0 0
1493 2 0 0 0 0
1494 2 0 0 0 0
1495 2 0 0 0 0
1496 2 0 0 0 0
1497 2 0 0 0 0
1498 2 0 0 0 0
1499 2 0 0 0 0
1500 2 0 0 0 0
1501 2 0 0 0 0
1502 2 0 0 0 0
1503 2 0 0 0 0
1504 2 0 0 0 0
1505 2 0 0 0 0
1506 2 0 0 0 0
1507 2 0 0 0 0
1508 2 0 0 0 0
1509 2 0 0 0 0
1510 2 0 0 0 0
1511 2 0 0 0 0
1512 2 0 0 0 0
1513 2 0 0 0 0
1514 2 0 0 0 0
1515 2 0 0 0 0
1516 2 0 0 0 0
1517 2 0 0 0 0
1518 2 0 0 0 0
1519 2 0 0 0 0
1520 2 0 0 0 0
1521 2 0 0 0 0
1522 2 0 0 0 0
1523 2 0 0 0 0
1524 2 0 0 0 0
1525 2 0 0 0 0
1526 2 0 0 0 0
1527 2 0 0 0 0
1528 2 0 0 0 0
1529 2 0 0 0 0
1530 2 0 0 0 0
1531 2 0 0 0 0
1532 2 0 0 0 0
1533 2 0 0 0 0
1534 2 0 0 0 0
1535 2 0 0 0 0
1536 2 0 0 0 0
1537 2 0 0 0 0
1538 2 0 0 0 0
1539 2 0 0 0 0
1540 2 0 0 0 0
1541 2 0 0 0 0
1542 2 0 0 0 0
1543 2 0 0 0 0
1544 2 0 0 0 0
1545 2 0 0 0 0
1546 2 0 0 0 0
1547 2 0 0 0 0
1548 2 0 0 0 0
1549 2 0 0 0 0
1550 2 0 0 0 0
1551 2 0 0 0 0
1552 2 0 0 0 0
1553 2 0 0 0 0
1554 2 0 0 0 0
1555 2 0 0 0 0
1556 2 0 0 0 0
1557 2 0 0 0 0
1558 2 0 0 0 0
1559 2 0 0 0 0
1560 2 0 0 0 0
1561 2 0 0 0 0
1562 2 0 0 0 0
1563 2 0 0 0 0
1564 2 0 0 0 0
1565 2 0 0 0 0
1566 2 0 0 0 0
1567 2 0 0 0 0
1568 2 0 0 0 0
1569 2 0 0 0 0
1570 2 0 0 0 0
1571 2 0 0 0 0
1572 2 0 0 0 0
1573 2 0 0 0 0
1574 2 0 0 0 0
1575 2 0 0 0 0
1576 2 0 0 0 0
1577 2 0 0 0 0
1578 2 0 0 0 0
1579 2 0 0 0 0
1580 2 0 0 0 0
1581 2 0 0 0 0
1582 2 0 0 0 0
1583 2 0 0 0 0
1584 2 0 0 0 0
1585 2 0 0 0 0
1586 2 0 0 0 0
1587 2 0 0 0 0
1588 2 0 0 0 0
1589 2 0 0 0 0
1590 2 0 0 0 0
1591 2 0 0 0 0
1592 2 0 0 0 0
1593 2 0 0 0 0
1594 2 0 0 0 0
1595 2 0 0 0 0
1596 2 0 0 0 0
1597 2 0 0 0 0
1598 2 0 0 0 0
1599 2 0 0 0 0
1600 2 0 0 0 0
1601 2 0 0 0 0
1602 2 0 0 0 0
1603 2 0 0 0 0
1604 2 0 0 0 0
1605 2 0 0 0 0
1606 2 0 0 0 0
1607 2 0 0 0 0
1608 2 0 0 0 0
1609 2 0 0 0 0
1610 2 0 0 0 0
1611 2 0 0 0 0
1612 2 0 0 0 0
1613 2 0 0 0 0
1614 2 0 0 0 0
1615 2 0 0 0 0
1616 2 0 0 0 0
1617 2 0 0 0 0
1618 2 0 0 0 0
1619 2 0 0 0 0
1620 2 0 0 0 0
1621 2 0 0 0 0
1622 2 0 0 0 0
1623 2 0 0 0 0
1624 2 0 0 0 0
1625 2 0 0 0 0
1626 2 0 0 0 0
1627 2 0 0 0 0
1628 2 0 0 0 0
1629 2 0 0 0 0
1630 2 0 0 0 0
1631 2 0 0 0 0
1632 2 0 0 0 0
1633 2 0 0 0 0
1634 2 0 0 0 0
1635 2 0 0 0 0
1636 2 0 0 0 0
1637 2 0 0 0 0
1638 2 0 0 0 0
1639 2 0 0 0 0
1640 2 0 0 0 0
1641 2 0 0 0 0
1642 2 0 0 0 0
1643 2 0 0 0 0
1644 2 0 0 0 0
1645 2 0 0 0 0
1646 2 0 0 0 0
1647 2 0 0 0 0
1648 2 0 0 0 0
1649 0 0 3 0 0
1650 0 0 3 0 0
1651 0 0 3 0 0
1652 0 0 3 0 0
1653 0 0 3 0 0
1654 0 0 3 0 0
1655 0 0 3 0 0
1656 0 0 3 0 0
1657 0 0 3 0 0
1658 0 0 3 0 0
1659 0 0 3 0 0
1660 0 0 3 0 0
1661 0 0 3 0 0
1662 0 0 3 0 0
1663 0 0 3 0 0
1664 2 0 3 0 0
1665 2 0 3 0 0
1666 2 0 3 0 0
1667 2 0 3 0 0
1668 2 0 3 0 0
1669 2 0 3 0 0
1670 2 0 3 0 0
1671 2 0 3 0 0
1672 2 0 3 0 0
1673 2 0 3 0 0
1674 2 0 3 0 0
1675 2 0 3 0 0
1676 2 0 3 0 0
1677 2 0 3 0 0
1678 2 0 3 0 0
1679 2 0 3 0 0
1680 2 0 3 0 0
1681 2 0 3 0 0
1682 2 0 3 0 0
1683 2 0 3 0 0
1684 2 0 3 0 0
1685 2 0 3 0 0
1686 2 0 3 0 0
1687 2 0 3 0 0
1688 2 0 3 0 0
1689 2 0 3 0 0
1690 2 0 3 0 0
1691 2 0 3 0 0
1692 2 0 3 0 0
1693 2 0 3 0 0
1694 2 0 2 0 0
1695 2 0 2 0 0
1696 2 0 2 0 0
1697 2 0 2 0 0
1698 2 0 2 0 0
1699 2 0 2 0 0
1700 2 0 2 0 0
1701 2 0 2 0 0
1702 2 0 2 0 0
1703 2 0 2 0 0
1704 2 0 2 0 0
1705 2 0 2 0 0
1706 2 0 2 0 0
1707 2 0 2 0 0
1708 2 0 2 0 0
1709 2 0 2 0 0
1710 2 0 2 0 0
1711 2 0 2 0 0
1712 2 0 2 0 0
1713 2 0 2 0 0
1714 2 0 2 0 0
1715 2 0 2 0 0
1716 2 0 2 0 0
1717 2 0 2 0 0
1718 2 0 2 0 0
1719 2 0 2 0 0
1720 2 0 2 0 0
1721 2 0 2 0 0
1722 2 0 2 0 0
1723 2 0 2 0 0
1724 2 0 2 0 0
1725 2 0 2 0 0
1726 2 0 2 0 0
1727 2 0 2 0 0
1728 2 0 2 0 0
1729 2 0 2 0 0
1730 2 0 2 0 0
1731 2 0 2 0 0
1732 2 0 2 0 0
1733 2 0 2 0 0
1734 2 0 2 0 0
1735 2 0 2 0 0
1736 2 0 2 0 0
1737 2 0 2 0 0
1738 0 0 2 0 0
1739 0 0 2 0 0
1740 0 0 2 0 0
1741 0 0 2 0 0
1742 0 0 2 0 0
1743 0 0 2 0 0
1744 0 0 2 0 0
1745 0 0 2 0 0
1746 0 0 2 0 0
1747 0 0 2 0 0
1748 0 0 2 0 0
1749 0 0 2 0 0
1750 0 0 2 0 0
1751 0 0 2 0 0
1752 0 0 2 0 0
1753 0 0 2 0 0
1754 0 0 2 0 0
1755 0 0 2 0 0
1756 0 0 2 0 0
1757 0 0 2 0 0
1758 0 0 2 0 0
1759 0 0 2 0 0
1760 0 0 2 0 0
1761 0 0 2 0 0
1762 0 0 2 0 0
1763 0 0 2 0 0
1764 0 0 2 0 0
1765 0 0 2 0 0
1766 0 0 2 0 0
1767 0 0 2 0 0
1768 0 0 3 0 1
1769 0 0 3 0 1
1770 0 0 3 0 1
1771 0 0 3 0 1
1772 0 0 3 0 1
1773 0 0 3 0 1
1774 0 0 3 0 1
1775 0 0 3 0 1
1776 0 0 3 0 1
1777 0 0 3 0 1
1778 0 0 3 0 1
1779 0 0 3 0 1
1780 0 0 3 0 1
1781 0 0 3 0 1
1782 0 0 3 0 1
1783 0 0 3 0 1
1784 0 0 3 0 1
1785 0 0 3 0 1
1786 0 0 3 0 1
1787 0 0 3 0 1
1788 0 0 3 0 1
1789 0 0 3 0 1
1790 0 0 3 0 1
1791 0 0 3 0 1
1792 0 0 3 0 1
1793 0 0 3 0 1
1794 0 0 3 0 1
1795 0 0 3 0 1
1796 0 0 3 0 1
1797 0 0 3 0 0
1798 0 0 3 0 0
1799 0 0 3 0 0
1800 0 0 3 0 0
1801 0 0 3 0 0
1802 0 0 3 0 0
1803 0 0 3 0 0
1804 0 0 3 0 0
1805 0 0 3 0 0
1806 0 0 3 0 0
1807 0 0 3 0 0
1808 0 0 3 0 0
1809 0 0 3 0 0
1810 0 0 3 0 0
1811 0 0 3 0 0
1812 0 0 3 0 0
1813 0 0 3 0 0
1814 0 0 3 0 0
1815 0 0 3 0 0
1816 0 0 3 0 0
1817 0 0 3 0 0
1818 0 0 3 0 0
1819 0 0 3 0 0
1820 0 0 3 0 0
1821 0 0 3 0 0
1822 0 0 3 0 0
1823 0 0 3 0 0
1824 0 0 3 0 0
1825 0 0 3 0 0
1826 0 0 3 0 0
1827 0 0 3 0 0
1828 0 0 3 0 0
1829 0 0 3 0 0
1830 0 0 3 0 0
1831 0 0 3 0 0
1832 0 0 3 0 0
1833 0 0 3 0 0
1834 0 0 3 0 0
1835 0 0 3 0 0
1836 0 0 3 0 0
1837 0 0 3 0 0
1838 0 0 3 0 0
1839 0 0 3 0 0
1840 0 0 3 0 0
1841 0 0 3 0 0
1842 0 0 3 0 0
1843 0 0 3 0 0
1844 0 0 3 0 0
1845 0 0 3 0 0
1846 0 0 3 0 0
1847 0 0 3 0 0
1848 0 0 3 0 0
1849 0 0 3 0 0
1850 0 0 3 0 0
1851 0 0 3 0 0
1852 0 0 3 0 0
1853 0 0 3 0 0
1854 0 0 3 0 0
1855 0 0 3 0 0
1856 0 0 3 0 0
1857 0 0 3 0 0
1858 0 0 3 0 0
1859 0 0 3 0 0
1860 0 0 2 0 0
1861 0 0 2 0 0
1862 0 0 2 0 0
1863 0 0 2 0 0
1864 0 0 2 0 0
1865 0 0 2 0 0
1866 0 0 2 0 0
1867 0 0 2 0 0
1868 0 0 2 0 0
1869 0 0 2 0 0
1870 0 0 2 0 0
1871 0 0 2 0 0
1872 0 0 2 0 0
1873 0 0 2 0 0
1874 0 0 2 0 0
1875 0 0 2 0 1
1876 0 0 2 0 1
1877 0 0 2 0 1
1878 0 0 2 0 1
1879 0 0 2 0 1
1880 0 0 2 0 1
1881 0 0 2 0 1
1882 0 0 2 0 1
1883 0 0 2 0 1
1884 0 0 2 0 1
1885 0 0 2 0 1
1886 0 0 2 0 1
1887 0 0 2 0 1
1888 0 0 2 0 1
1889 0 0 2 0 1
1890 0 0 2 0 1
1891 0 0 2 0 1
1892 0 0 2 0 1
1893 0 0 2 0 1
1894 0 0 2 0 1
1895 0 0 2 0 1
1896 0 0 2 0 1
1897 0 0 2 0 1
1898 0 0 2 0 1
1899 0 0 2 0 1
1900 0 0 2 0 1
1901 0 0 2 0 1
1902 0 0 2 0 1
1903 0 0 2 0 1
1904 0 0 2 0 1
1905 0 0 2 0 1
1906 0 0 2 0 1
1907 0 0 2 0 1
1908 0 0 2 0 1
1909 0 0 2 0 1
1910 0 0 2 0 1
1911 0 0 2 0 1
1912 0 0 2 0 1
1913 0 0 2 0 1
1914 0 0 2 0 1
1915 0 0 2 0 1
1916 0 0 2 0 1
1917 0 0 2 0 1
1918 0 0 2 0 1
1919 0 0 2 0 1
1920 0 0 2 0 1
1921 0 0 2 0 1
1922 0 0 2 0 1
1923 0 0 2 0 1
1924 0 0 2 0 1
1925 0 0 2 0 1
1926 0 0 2 0 1
1927 0 0 2 0 1
1928 0 0 2 0 1
1929 0 0 2 0 1
1930 0 0 2 0 1
1931 0 0 2 0 1
1932 0 0 2 0 1
1933 0 0 2 0 1
1934 0 0 2 0 1
1935 0 0 2 0 1
1936 0 0 2 0 1
1937 0 0 2 0 1
1938 0 0 2 0 1
1939 0 0 2 0 1
1940 0 0 2 0 1
1941 0 0 2 0 1
1942 0 0 2 0 1
1943 0 0 2 0 1
1944 0 0 2 0 1
1945 0 0 2 0 1
1946 0 0 2 0 1
1947 0 0 2 0 1
1948 0 0 2 0 1
1949 0 0 2 0 1
1950 0 0 2 0 1
1951 0 0 2 0 1
1952 0 0 2 0 1
1953 0 0 2 0 1
1954 0 0 2 0 1
1955 0 0 2 0 1
1956 0 0 2 0 1
1957 0 0 2 0 1
1958 0 0 2 0 1
1959 0 0 2 0 1
1960 0 0 2 0 1
1961 0 0 2 0 1
1962 0 0 2 0 1
1963 0 0 2 0 1
1964 0 0 2 0 1
1965 2 0 2 0 1
1966 2 0 2 0 1
1967 2 0 2 0 1
1968 2 0 2 0 1
1969 2 0 2 0 1
1970 2 0 2 0 1
1971 2 0 2 0 1
1972 2 0 2 0 1
1973 2 0 2 0 1
1974 2 0 2 0 1
1975 2 0 2 0 1
1976 2 0 2 0 1
1977 2 0 2 0 1
1978 2 0 2 0 1
1979 2 0 2 0 1
1980 2 0 2 0 1
1981 2 0 2 0 1
1982 2 0 2 0 1
1983 2 0 2 0 1
1984 2 0 2 0 1
1985 2 0 2 0 1
1986 2 0 2 0 1
1987 2 0 2 0 1
1988 2 0 2 0 1
1989 2 0 2 0 1
1990 2 0 2 0 1
1991 2 0 2 0 1
1992 2 0 2 0 1
1993 2 0 2 0 1
1994 2 0 2 0 1
1995 2 0 2 0 1
1996 2 0 2 0 1
1997 2 0 2 0 1
1998 2 0 2 0 1
1999 2 0 2 0 1
2000 2 0 2 0 1
2001 2 0 2 0 1
2002 2 0 2 0 1
2003 2 0 2 0 1
2004 2 0 2 0 1
2005 2 0 2 0 1
2006 2 0 2 0 1
2007 2 0 2 0 1
2008 2 0 2 0 1
2009 2 0 2 0 1
2010 2 0 2 0 1
2011 2 0 2 0 1
2012 2 0 2 0 1
2013 2 0 2 0 1
2014 2 0 2 0 1
2015 2 0 2 0 1
2016 2 0 2 0 1
2017 2 0 2 0 1
2018 2 0 2 0 1
2019 2 0 2 0 1
2020 2 0 2 0 1
2021 2 0 2 0 1
2022 2 0 2 0 1
2023 2 0 2 0 1
2024 2 0 2 0 1
2025 2 0 2 0 1
2026 2 0 2 0 1
2027 2 0 2 0 1
2028 2 0 2 0 1
2029 2 0 2 0 1
2030 2 0 2 0 1
2031 2 0 2 0 1
2032 2 0 2 0 1
2033 2 0 2 0 1
2034 2 0 2 0 1
2035 2 0 2 0 1
2036 2 0 2 0 1
2037 2 0 2 0 1
2038 2 0 2 0 1
2039 2 0 2 0 1
2040 0 0 2 0 1
2041 0 0 2 0 1
2042 0 0 2 0 1
2043 0 0 2 0 1
2044 0 0 2 0 1
2045 0 0 2 0 1
2046 0 0 2 0 1
2047 0 0 2 0 1
2048 0 0 2 0 1
2049 0 0 2 0 1
2050 0 0 2 0 1
2051 0 0 2 0 1
2052 0 0 2 0 1
2053 0 0 2 0 1
2054 0 0 2 0 1
2055 2 0 2 0 1
2056 2 0 2 0 1
2057 2 0 2 0 1
2058 2 0 2 0 1
2059 2 0 2 0 1
2060 2 0 2 0 1
2061 2 0 2 0 1
2062 2 0 2 0 1
2063 2 0 2 0 1
2064 2 0 2 0 1
2065 2 0 2 0 1
2066 2 0 2 0 1
2067 2 0 2 0 1
2068 2 0 2 0 1
2069 2 0 2 0 1
2070 2 0 2 0 1
2071 2 0 2 0 1
2072 2 0 2 0 1
2073 2 0 2 0 1
2074 2 0 2 0 1
2075 2 0 2 0 1
2076 2 0 2 0 1
2077 2 0 2 0 1
2078 2 0 2 0 1
2079 2 0 2 0 1
2080 2 0 2 0 1
2081 2 0 2 0 1
2082 2 0 2 0 1
2083 2 0 2 0 1
2084 2 0 2 0 1
2085 2 0 2 0 1
2086 2 0 2 0 1
2087 2 0 2 0 1
2088 2 0 2 0 1
2089 2 0 2 0 1
2090 2 0 2 0 1
2091 2 0 2 0 1
2092 2 0 2 0 1
2093 2 0 2 0 1
2094 2 0 2 0 1
2095 2 0 2 0 1
2096 2 0 2 0 1
2097 2 0 2 0 1
2098 2 0 2 0 1
2099 2 0 2 0 1
2100 2 0 2 0 1
2101 2 0 2 0 1
2102 2 0 2 0 1
2103 2 0 2 0 1
2104 2 0 2 0 1
2105 2 0 2 0 1
2106 2 0 2 0 1
2107 2 0 2 0 1
2108 2 0 2 0 1
2109 2 0 2 0 1
2110 2 0 2 0 1
2111 2 0 2 0 1
2112 2 0 2 0 1
2113 2 0 2 0 1
2114 2 0 2 0 1
2115 2 0 2 0 1
2116 2 0 2 0 1
2117 2 0 2 0 1
2118 2 0 2 0 1
2119 2 0 2 0 1
2120 2 0 2 0 1
2121 2 0 2 0 1
2122 2 0 2 0 1
2123 2 0 2 0 1
2124 2 0 2 0 1
2125 2 0 2 0 1
2126 2 0 2 0 1
2127 2 0 2 0 1
2128 2 0 2 0 1
2129 2 0 2 0 1
2130 2 0 2 0 1
2131 2 0 2 0 1
2132 2 0 2 0 1
2133 2 0 2 0 1
2134 2 0 2 0 1
2135 2 0 2 0 1
2136 2 0 2 0 1
2137 2 0 2 0 1
2138 2 0 2 0 1
2139 2 0 2 0 1
2140 2 0 2 0 1
2141 2 0 2 0 1
2142 2 0 2 0 1
2143 2 0 2 0 1
2144 2 0 2 0 1
2145 2 0 2 0 1
2146 2 0 2 0 1
2147 2 0 2 0 1
2148 2 0 2 0 1
2149 2 0 2 0 1
2150 2 0 2 0 1
2151 2 0 2 0 1
2152 2 0 2 0 1
2153 2 0 2 0 1
2154 2 0 2 0 1
2155 2 0 2 0 1
2156 2 0 2 0 1
2157 2 0 2 0 1
2158 2 0 2 0 1
2159 2 0 2 0 1
2160 2 0 2 0 1
2161 2 0 2 0 1
2162 2 0 2 0 1
2163 2 0 2 0 1
2164 2 0 2 0 1
2165 2 0 2 0 1
2166 2 0 2 0 1
2167 2 0 2 0 1
2168 2 0 2 0 1
2169 2 0 2 0 1
2170 2 0 2 0 1
2171 2 0 2 0 1
2172 2 0 2 0 1
2173 2 0 2 0 1
2174 2 0 2 0 1
2175 3 0 2 0 1
2176 3 0 2 0 1
2177 3 0 2 0 1
2178 3 0 2 0 1
2179 3 0 2 0 1
2180 3 0 2 0 1
2181 3 0 2 0 1
2182 3 0 2 0 1
2183 3 0 2 0 1
2184 2 0 2 0 1
2185 2 0 2 0 1
2186 2 0 2 0 1
2187 2 0 2 0 2
2188 2 0 2 0 2
2189 2 0 2 0 2
2190 2 0 2 0 2
2191 2 0 2 0 2
2192 2 0 2 0 2
2193 2 0 2 0 2
2194 2 0 2 0 2
2195 2 0 2 0 2
2196 2 0 2 0 2
2197 2 0 2 0 2
2198 2 0 2 0 2
2199 2 0 2 0 2
2200 2 0 2 0 2
2201 2 0 2 0 2
2202 2 0 2 0 2
2203 2 0 2 0 2
2204 2 0 2 0 2
2205 2 0 2 0 2
2206 2 0 2 0 2
2207 2 0 2 0 2
2208 2 0 2 0 2
2209 2 0 2 0 2
2210 2 0 2 0 2
2211 2 0 2 0 2
2212 2 0 2 0 2
2213 2 0 2 0 2
2214 2 0 2 0 2
2215 2 0 2 0 2
2216 2 0 2 0 2
2217 2 0 2 0 2
2218 2 0 2 0 2
2219 2 0 2 0 2
2220 2 0 2 0 2
2221 2 0 2 0 2
2222 2 0 2 0 2
2223 2 0 2 0 2
2224 2 0 2 0 2
2225 2 0 2 0 2
2226 2 0 2 0 2
2227 2 0 2 0 2
2228 2 0 2 0 2
2229 2 0 2 0 2
2230 2 0 2 0 2
2231 2 0 2 0 2
2232 2 0 3 0 2
2233 2 0 3 0 2
2234 2 0 3 0 2
2235 2 0 3 0 2
2236 2 0 3 0 2
2237 2 0 3 0 2
2238 2 0 3 0 2
2239 2 0 3 0 2
2240 2 0 3 0 2
2241 2 0 3 0 2
2242 2 0 3 0 2
2243 2 0 3 0 2
2244 2 0 3 0 2
2245 2 0 3 0 2
2246 2 0 3 0 2
2247 2 0 3 0 2
2248 2 0 3 0 2
2249 2 0 3 0 2
2250 2 0 3 0 2
2251 2 0 3 0 2
2252 2 0 3 0 2
2253 2 0 3 0 2
2254 2 0 3 0 2
2255 2 0 3 0 2
2256 2 0 3 0 2
2257 2 0 3 0 2
2258 2 0 3 0 2
2259 2 0 3 0 2
2260 2 0 3 0 2
2261 2 0 3 0 2
2262 0 0 0 0 2
2263 0 0 0 0 2
2264 0 0 0 0 2
2265 0 0 0 0 2
2266 0 0 0 0 2
2267 0 0 0 0 2
2268 0 0 0 0 2
2269 0 0 0 0 2
2270 0 0 0 0 2
2271 0 0 0 0 2
2272 0 0 0 0 2
2273 0 0 0 0 2
2274 0 0 0 0 2
2275 0 0 0 0 2
2276 0 0 0 0 2
2277 0 0 0 0 0
2278 0 0 0 0 0
2279 0 0 0 0 0
2280 0 0 0 0 0
2281 0 0 0 0 0
2282 0 0 0 0 0
2283 0 0 0 0 0
2284 0 0 0 0 0
2285 0 0 0 0 0
2286 0 0 0 0 0
2287 0 0 0 0 0
2288 0 0 0 0 0
2289 0 0 0 0 0
2290 0 0 0 0 0
2291 0 0 0 0 0
2292 0 0 0 0 0
2293 0 0 0 0 0
2294 0 0 0 0 0
2295 0 0 0 0 0
2296 0 0 0 0 0
2297 0 0 0 0 0
2298 0 0 0 0 0
2299 0 0 0 0 0
2300 0 0 0 0 0
2301 0 0 0 0 0
2302 0 0 0 0 0
2303 0 0 0 0 0
2304 0 0 0 0 0
2305 0 0 0 0 0
2306 0 0 0 0 0
2307 0 0 0 0 0
2308 0 0 0 0 0
2309 0 0 0 0 0
2310 0 0 0 0 0
2311 0 0 0 0 0
2312 0 0 0 0 0
2313 0 0 0 0 0
2314 0 0 0 0 0
2315 0 0 0 0 0
2316 0 0 0 0 0
2317 0 0 0 0 0
2318 0 0 0 0 0
2319 0 0 0 0 0
2320 0 0 0 0 0
2321 0 0 0 0 0
2322 0 0 0 0 0
2323 0 0 0 0 0
2324 0 0 0 0 0
2325 0 0 0 0 0
2326 0 0 0 0 0
2327 0 0 0 0 0
2328 0 0 0 0 0
2329 0 0 0 0 0
2330 0 0 0 0 0
2331 0 0 0 0 0
2332 0 0 0 0 0
2333 0 0 0 0 0
2334 0 0 0 0 0
2335 0 0 0 0 0
2336 0 0 0 0 0
2337 0 0 0 0 0
2338 0 0 0 0 0
2339 0 0 0 0 0
2340 0 0 0 0 0
2341 0 0 0 0 0
2342 0 0 0 0 0
2343 0 0 0 0 0
2344 0 0 0 0 0
2345 0 0 0 0 0
2346 0 0 0 0 0
2347 0 0 0 0 0
2348 0 0 0 0 0
2349 0 0 0 0 0
2350 0 0 0 0 0
2351 0 0 0 0 0
2352 0 0 0 0 0
2353 0 0 0 0 0
2354 0 0 0 0 0
2355 0 0 0 0 0
2356 0 0 0 0 0
2357 0 0 0 0 0
2358 0 0 0 0 0
2359 0 0 0 0 0
2360 0 0 0 0 0
2361 0 0 0 0 0
2362 0 0 0 0 0
2363 0 0 0 0 0
2364 0 0 0 0 0
2365 0 0 0 0 0
2366 0 0 0 0 0
2367 0 0 0 0 0
2368 0 0 0 0 0
2369 0 0 0 0 0
2370 0 0 0 0 0
2371 0 0 0 0 0
2372 2 0 0 0 0
2373 2 0 0 0 0
2374 2 0 0 0 0
2375 2 0 0 0 0
2376 2 0 0 0 0
2377 2 0 0 0 0
2378 2 0 0 0 0
2379 2 0 0 0 0
2380 2 0 0 0 0
2381 2 0 0 0 0
2382 2 0 0 0 0
2383 2 0 0 0 0
2384 2 0 0 0 0
2385 2 0 0 0 0
2386 2 0 0 0 0
2387 2 0 0 0 1
2388 2 0 0 0 1
2389 2 0 0 0 1
2390 2 0 0 0 1
2391 2 0 0 0 1
2392 2 0 0 0 1
2393 2 0 0 0 1
2394 2 0 0 0 1
2395 2 0 0 0 1
2396 2 0 0 0 1
2397 2 0 0 0 1
2398 2 0 0 0 1
2399 2 0 0 0 1
2400 2 0 0 0 1
2401 2 0 0 0 1
2402 2 0 2 0 1
2403 2 0 2 0 1
2404 2 0 2 0 1
2405 2 0 2 0 1
2406 2 0 2 0 1
2407 2 0 2 0 1
2408 2 0 2 0 1
2409 2 0 2 0 1
2410 2 0 2 0 1
2411 2 0 2 0 1
2412 2 0 2 0 1
2413 2 0 2 0 1
2414 2 0 2 0 1
2415 2 0 2 0 1
2416 2 0 2 0 1
2417 2 0 2 0 1
2418 2 0 2 0 1
2419 2 0 2 0 1
2420 2 0 2 0 1
2421 2 0 2 0 1
2422 2 0 2 0 1
2423 2 0 2 0 1
2424 2 0 2 0 1
2425 2 0 2 0 1
2426 2 0 2 0 1
2427 2 0 2 0 1
2428 2 0 2 0 1
2429 2 0 2 0 1
2430 2 0 2 0 1
2431 2 0 2 0 1
2432 2 0 2 0 1
2433 2 0 2 0 1
2434 2 0 2 0 1
2435 2 0 2 0 1
2436 2 0 2 0 1
2437 2 0 2 0 1
2438 2 0 2 0 1
2439 2 0 2 0 1
2440 2 0 2 0 1
2441 2 0 2 0 1
2442 2 0 2 0 1
2443 2 0 2 0 1
2444 2 0 2 0 1
2445 0 0 2 0 2
2446 0 0 2 0 2
2447 0 0 2 0 2
2448 0 0 2 0 2
2449 0 0 2 0 2
2450 0 0 2 0 2
2451 0 0 2 0 2
2452 0 0 2 0 2
2453 0 0 2 0 2
2454 0 0 2 0 2
2455 0 0 2 0 2
2456 0 0 2 0 2
2457 0 0 2 0 2
2458 0 0 2 0 2
2459 0 0 2 0 2
2460 0 0 0 0 2
2461 0 0 0 0 2
2462 0 0 0 0 2
2463 0 0 0 0 2
2464 0 0 0 0 2
2465 0 0 0 0 2
2466 0 0 0 0 2
2467 0 0 0 0 2
2468 0 0 0 0 2
2469 0 0 0 0 2
2470 0 0 0 0 2
2471 0 0 0 0 2
2472 0 0 0 0 2
2473 0 0 0 0 2
2474 0 0 0 0 2
2475 0 0 0 0 2
2476 0 0 0 0 2
2477 0 0 0 0 2
2478 0 0 0 0 2
2479 0 0 0 0 2
2480 0 0 0 0 2
2481 0 0 0 0 2
2482 0 0 0 0 2
2483 0 0 0 0 2
2484 0 0 0 0 2
2485 0 0 0 0 2
2486 0 0 0 0 2
2487 0 0 0 0 2
2488 0 0 0 0 2
2489 0 0 0 0 2
2490 0 0 0 0 0
2491 0 0 0 0 0
2492 0 0 0 0 0
2493 0 0 0 0 0
2494 0 0 0 0 0
2495 0 0 0 0 0
2496 0 0 0 0 0
2497 0 0 0 0 0
2498 0 0 0 0 0
2499 0 0 0 0 0
2500 0 0 0 0 0
2501 0 0 0 0 0
2502 0 0 0 0 0
2503 0 0 0 0 0
2504 0 0 0 0 0
2505 0 0 0 0 1
2506 0 0 0 0 1
2507 0 0 0 0 1
2508 0 0 0 0 1
2509 0 0 0 0 1
2510 0 0 0 0 1
2511 0 0 0 0 1
2512 0 0 0 0 1
2513 0 0 0 0 1
2514 0 0 0 0 1
2515 0 0 0 0 1
2516 0 0 0 0 1
2517 0 0 0 0 1
2518 0 0 0 0 1
2519 0 0 0 0 1
2520 0 0 2 0 1
2521 0 0 2 0 1
2522 0 0 2 0 1
2523 0 0 2 0 1
2524 0 0 2 0 1
2525 0 0 2 0 1
2526 0 0 2 0 1
2527 0 0 2 0 1
2528 0 0 2 0 1
2529 0 0 2 0 1
2530 0 0 2 0 1
2531 0 0 2 0 1
2532 0 0 2 0 1
2533 0 0 2 0 1
2534 0 0 2 0 1
2535 2 0 2 0 1
2536 2 0 2 0 1
2537 2 0 2 0 1
2538 2 0 2 0 1
2539 2 0 2 0 1
2540 2 0 2 0 1
2541 2 0 2 0 1
2542 2 0 2 0 1
2543 2 0 2 0 1
2544 2 0 2 0 1
2545 2 0 2 0 1
2546 2 0 2 0 1
2547 2 0 2 0 1
2548 2 0 2 0 1
2549 2 0 2 0 1
2550 2 0 2 0 1
2551 2 0 2 0 1
2552 2 0 2 0 1
2553 2 0 2 0 1
2554 2 0 2 0 1
2555 2 0 2 0 1
2556 2 0 2 0 1
2557 2 0 2 0 1
2558 2 0 2 0 1
2559 2 0 2 0 1
2560 2 0 2 0 1
2561 2 0 2 0 1
2562 2 0 2 0 1
2563 2 0 2 0 1
2564 2 0 2 0 1
2565 3 0 2 0 1
2566 3 0 2 0 1
2567 3 0 2 0 1
2568 3 0 2 0 1
2569 3 0 2 0 1
2570 3 0 2 0 1
2571 3 0 2 0 1
2572 3 0 2 0 1
2573 3 0 2 0 1
2574 3 0 2 0 1
2575 3 0 2 0 1
2576 3 0 2 0 1
2577 3 0 2 0 1
2578 3 0 2 0 1
2579 3 0 2 0 1
2580 0 0 2 0 1
2581 0 0 2 0 1
2582 0 0 2 0 1
2583 0 0 2 0 1
2584 0 0 2 0 1
2585 0 0 2 0 1
2586 0 0 2 0 1
2587 0 0 2 0 1
2588 0 0 2 0 1
2589 0 0 2 0 1
2590 0 0 2 0 1
2591 0 0 2 0 1
2592 0 0 2 0 1
2593 0 0 2 0 1
2594 0 0 2 0 1
2595 3 0 2 0 1
2596 3 0 2 0 1
2597 3 0 2 0 1
2598 3 0 2 0 1
2599 3 0 2 0 1
2600 3 0 2 0 1
2601 3 0 2 0 1
2602 3 0 2 0 1
2603 3 0 2 0 1
2604 3 0 2 0 1
2605 3 0 2 0 1
2606 3 0 2 0 1
2607 3 0 2 0 1
2608 3 0 2 0 1
2609 3 0 2 0 1
2610 3 0 0 0 1
2611 3 0 0 0 1
2612 3 0 0 0 1
2613 3 0 0 0 1
2614 3 0 0 0 1
2615 3 0 0 0 1
2616 3 0 0 0 1
2617 3 0 0 0 1
2618 3 0 0 0 1
2619 3 0 0 0 1
2620 3 0 0 0 1
2621 3 0 0 0 1
2622 3 0 0 0 1
2623 3 0 0 0 1
2624 3 0 0 0 1
2625 3 0 0 0 0
2626 3 0 0 0 0
2627 3 0 0 0 0
2628 3 0 0 0 0
2629 3 0 0 0 0
2630 3 0 0 0 0
2631 3 0 0 0 0
2632 3 0 0 0 0
2633 3 0 0 0 0
2634 3 0 0 0 0
2635 3 0 0 0 0
2636 3 0 0 0 0
2637 3 0 0 0 0
2638 3 0 0 0 0
2639 3 0 0 0 0
2640 0 0 2 0 1
2641 0 0 2 0 1
2642 0 0 2 0 1
2643 0 0 2 0 1
2644 0 0 2 0 1
2645 0 0 2 0 1
2646 0 0 2 0 1
2647 0 0 2 0 1
2648 0 0 2 0 1
2649 0 0 2 0 1
2650 0 0 2 0 1
2651 0 0 2 0 1
2652 0 0 2 0 1
2653 0 0 2 0 1
2654 0 0 2 0 1
2655 0 0 2 0 1
2656 0 0 2 0 1
2657 0 0 2 0 1
2658 0 0 2 0 1
2659 0 0 2 0 1
2660 0 0 2 0 1
2661 0 0 2 0 1
2662 0 0 2 0 1
2663 0 0 2 0 1
2664 0 0 2 0 1
2665 0 0 2 0 1
2666 0 0 2 0 1
2667 0 0 2 0 1
2668 0 0 2 0 1
2669 0 0 2 0 1
2670 0 0 2 0 1
2671 0 0 2 0 1
2672 0 0 2 0 1
2673 0 0 2 0 1
2674 0 0 2 0 1
2675 0 0 2 0 1
2676 0 0 2 0 1
2677 0 0 2 0 1
2678 0 0 2 0 1
2679 0 0 2 0 1
2680 0 0 2 0 1
2681 0 0 2 0 1
2682 0 0 2 0 1
2683 0 0 2 0 1
2684 0 0 2 0 1
2685 0 0 2 0 2
2686 0 0 2 0 2
2687 0 0 2 0 2
2688 0 0 2 0 2
2689 0 0 2 0 2
2690 0 0 2 0 2
2691 0 0 2 0 2
2692 0 0 2 0 2
2693 0 0 2 0 2
2694 0 0 2 0 2
2695 0 0 2 0 2
2696 0 0 2 0 2
2697 0 0 2 0 2
2698 0 0 2 0 2
2699 0 0 2 0 2
2700 0 0 2 0 2
2701 0 0 2 0 2
2702 0 0 2 0 2
2703 0 0 2 0 2
2704 0 0 2 0 2
2705 0 0 2 0 2
2706 0 0 2 0 2
2707 0 0 2 0 2
2708 0 0 2 0 2
2709 0 0 2 0 2
2710 0 0 2 0 2
2711 0 0 2 0 2
2712 0 0 2 0 2
2713 0 0 2 0 2
2714 0 0 2 0 2
2715 0 0 2 0 2
2716 0 0 2 0 2
2717 0 0 2 0 2
2718 0 0 2 0 2
2719 0 0 2 0 2
2720 0 0 2 0 2
2721 0 0 2 0 2
2722 0 0 2 0 2
2723 0 0 2 0 2
2724 0 0 2 0 2
2725 0 0 2 0 2
2726 0 0 2 0 2
2727 0 0 2 0 2
2728 0 0 2 0 2
2729 0 0 2 0 2
2730 0 0 2 0 2
2731 0 0 2 0 2
2732 0 0 2 0 2
2733 0 0 2 0 2
2734 0 0 2 0 2
2735 0 0 2 0 2
2736 0 0 2 0 2
2737 0 0 2 0 2
2738 0 0 2 0 2
2739 0 0 2 0 2
2740 0 0 2 0 2
2741 0 0 2 0 2
2742 0 0 2 0 2
2743 0 0 2 0 2
2744 0 0 2 0 2
2745 0 0 2 0 2
2746 0 0 2 0 2
2747 0 0 2 0 2
2748 0 0 2 0 2
2749 0 0 2 0 2
2750 0 0 2 0 2
2751 0 0 2 0 2
2752 0 0 2 0 2
2753 0 0 2 0 2
2754 0 0 2 0 2
2755 0 0 2 0 2
2756 0 0 2 0 2
2757 0 0 2 0 2
2758 0 0 2 0 2
2759 0 0 2 0 2
2760 0 0 2 0 2
2761 0 0 2 0 2
2762 0 0 2 0 2
2763 0 0 2 0 2
2764 0 0 2 0 2
2765 0 0 2 0 2
2766 0 0 2 0 2
2767 0 0 2 0 2
2768 0 0 2 0 2
2769 0 0 2 0 2
2770 0 0 2 0 2
2771 0 0 2 0 2
2772 0 0 2 0 2
2773 0 0 2 0 2
2774 0 0 2 0 2
2775 0 0 2 0 2
2776 0 0 2 0 2
2777 0 0 2 0 2
2778 0 0 2 0 2
2779 0 0 2 0 2
2780 0 0 2 0 2
2781 0 0 2 0 2
2782 0 0 2 0 2
2783 0 0 2 0 2
2784 0 0 2 0 2
2785 0 0 2 0 2
2786 0 0 2 0 2
2787 0 0 2 0 2
2788 0 0 2 0 2
2789 0 0 2 0 2
2790 0 0 2 0 2
2791 0 0 2 0 2
2792 0 0 2 0 2
2793 0 0 2 0 2
2794 0 0 2 0 2
2795 0 0 2 0 2
2796 0 0 2 0 2
2797 0 0 2 0 2
2798 0 0 2 0 2
2799 0 0 2 0 2
2800 0 0 2 0 2
2801 0 0 2 0 2
2802 0 0 2 0 2
2803 0 0 2 0 2
2804 0 0 2 0 2
2805 0 0 2 0 2
2806 0 0 2 0 2
2807 0 0 2 0 2
2808 0 0 2 0 2
2809 0 0 2 0 2
2810 0 0 2 0 2
2811 0 0 2 0 2
2812 0 0 2 0 2
2813 0 0 2 0 2
2814 0 0 2 0 2
2815 0 0 2 0 2
2816 0 0 2 0 2
2817 0 0 2 0 2
2818 0 0 2 0 2
2819 0 0 2 0 2
2820 0 0 2 0 2
2821 0 0 2 0 2
2822 0 0 2 0 2
2823 0 0 2 0 2
2824 0 0 2 0 2
2825 0 0 2 0 2
2826 0 0 2 0 2
2827 0 0 2 0 2
2828 0 0 2 0 2
2829 0 0 2 0 2
2830 0 0 2 0 2
2831 0 0 2 0 2
2832 0 0 2 0 2
2833 0 0 2 0 2
2834 0 0 2 0 2
2835 3 0 2 0 2
2836 3 0 2 0 2
2837 3 0 2 0 2
2838 3 0 2 0 2
2839 3 0 2 0 2
2840 3 0 2 0 2
2841 3 0 2 0 2
2842 3 0 2 0 2
2843 3 0 2 0 2
2844 3 0 2 0 2
2845 3 0 2 0 2
2846 3 0 2 0 2
2847 3 0 2 0 2
2848 3 0 2 0 2
2849 3 0 2 0 2
2850 2 0 2 0 2
2851 2 0 2 0 2
2852 2 0 2 0 2
2853 2 0 2 0 2
2854 2 0 2 0 2
2855 2 0 2 0 2
2856 2 0 2 0 2
2857 2 0 2 0 2
2858 2 0 2 0 2
2859 2 0 2 0 2
2860 2 0 2 0 2
2861 2 0 2 0 2
2862 2 0 2 0 2
2863 2 0 2 0 2
2864 2 0 2 0 2
2865 2 0 2 0 2
2866 2 0 2 0 2
2867 2 0 2 0 2
2868 2 0 2 0 2
2869 2 0 2 0 2
2870 2 0 2 0 2
2871 2 0 2 0 2
2872 2 0 2 0 2
2873 2 0 2 0 2
2874 2 0 2 0 2
2875 2 0 2 0 2
2876 2 0 2 0 2
2877 2 0 2 0 2
2878 2 0 2 0 2
2879 2 0 2 0 2
2880 2 0 2 0 2
2881 2 0 2 0 2
2882 2 0 2 0 2
2883 2 0 2 0 2
2884 2 0 2 0 2
2885 2 0 2 0 2
2886 2 0 2 0 2
2887 2 0 2 0 2
2888 2 0 2 0 2
2889 2 0 2 0 2
2890 2 0 2 0 2
2891 2 0 2 0 2
2892 2 0 2 0 2
2893 2 0 2 0 2
2894 2 0 2 0 2
2895 2 0 2 0 2
2896 2 0 2 0 2
2897 2 0 2 0 2
2898 2 0 2 0 2
2899 2 0 2 0 2
2900 2 0 2 0 2
2901 2 0 2 0 2
2902 2 0 2 0 2
2903 2 0 2 0 2
2904 2 0 2 0 2
2905 2 0 2 0 2
2906 2 0 2 0 2
2907 2 0 2 0 2
2908 2 0 2 0 2
2909 2 0 2 0 2
2910 2 0 2 0 2
2911 2 0 2 0 2
2912 2 0 2 0 2
2913 2 0 2 0 2
2914 2 0 2 0 2
2915 2 0 2 0 2
2916 2 0 2 0 2
2917 2 0 2 0 2
2918 2 0 2 0 2
2919 2 0 2 0 2
2920 2 0 2 0 2
2921 2 0 2 0 2
2922 2 0 2 0 2
2923 2 0 2 0 2
2924 2 0 2 0 2
2925 2 0 2 0 2
2926 2 0 2 0 2
2927 2 0 2 0 2
2928 2 0 2 0 2
2929 2 0 2 0 2
2930 2 0 2 0 2
2931 2 0 2 0 2
2932 2 0 2 0 2
2933 2 0 2 0 2
2934 2 0 2 0 2
2935 2 0 2 0 2
2936 2 0 2 0 2
2937 2 0 2 0 2
2938 2 0 2 0 2
2939 2 0 2 0 2
2940 2 0 2 0 2
2941 2 0 2 0 2
2942 2 0 2 0 2
2943 2 0 2 0 2
2944 2 0 2 0 2
2945 2 0 2 0 2
2946 2 0 2 0 2
2947 2 0 2 0 2
2948 2 0 2 0 2
2949 2 0 2 0 2
2950 2 0 2 0 2
2951 2 0 2 0 2
2952 2 0 2 0 2
2953 2 0 2 0 2
2954 2 0 2 0 2
2955 2 0 2 0 2
2956 2 0 2 0 2
2957 2 0 2 0 2
2958 2 0 2 0 2
2959 2 0 2 0 2
2960 2 0 2 0 2
2961 2 0 2 0 2
2962 2 0 2 0 2
2963 2 0 2 0 2
2964 2 0 2 0 2
2965 2 0 2 0 2
2966 2 0 0 0 2
2967 2 0 0 0 2
2968 2 0 0 0 2
2969 2 0 0 0 2
2970 2 0 0 0 2
2971 2 0 0 0 2
2972 2 0 0 0 2
2973 2 0 0 0 2
2974 2 0 0 0 2
2975 2 0 0 0 2
2976 2 0 0 0 2
2977 2 0 0 0 2
2978 2 0 0 0 2
2979 2 0 0 0 2
2980 2 0 0 0 2
2981 2 0 0 0 2
2982 2 0 0 0 2
2983 2 0 0 0 2
2984 2 0 0 0 2
2985 2 0 0 0 2
2986 2 0 0 0 2
2987 2 0 0 0 2
2988 2 0 0 0 2
2989 2 0 0 0 2
2990 2 0 0 0 2
2991 2 0 0 0 2
2992 2 0 0 0 2
2993 2 0 0 0 2
2994 2 0 0 0 2
2995 2 0 0 0 2
2996 2 0 0 0 2
2997 2 0 0 0 2
2998 2 0 0 0 2
2999 2 0 0 0 2
3000 2 0 0 0 2
3001 2 0 0 0 2
3002 2 0 0 0 2
3003 2 0 0 0 2
3004 2 0 0 0 2
3005 2 0 0 0 2
3006 2 0 0 0 2
3007 2 0 0 0 2
3008 2 0 0 0 2
3009 2 0 0 0 2
3010 2 0 0 0 2
3011 2 0 0 0 0
3012 2 0 0 0 0
3013 2 0 0 0 0
3014 2 0 0 0 0
3015 2 0 0 0 0
3016 2 0 0 0 0
3017 2 0 0 0 0
3018 2 0 0 0 0
3019 2 0 0 0 0
3020 2 0 0 0 0
3021 2 0 0 0 0
3022 2 0 0 0 0
3023 2 0 0 0 0
3024 2 0 0 0 0
3025 2 0 0 0 0
3026 2 0 0 0 0
3027 2 0 0 0 0
3028 2 0 0 0 0
3029 2 0 0 0 0
3030 2 0 0 0 0
3031 2 0 0 0 0
3032 2 0 0 0 0
3033 2 0 0 0 0
3034 2 0 0 0 0
3035 2 0 0 0 0
3036 2 0 0 0 0
3037 2 0 0 0 0
3038 2 0 0 0 0
3039 2 0 0 0 0
3040 2 0 0 0 0
3041 2 0 0 0 0
3042 2 0 0 0 0
3043 2 0 0 0 0
3044 2 0 0 0 0
3045 2 0 0 0 0
3046 2 0 0 0 0
3047 2 0 0 0 0
3048 2 0 0 0 0
3049 2 0 0 0 0
3050 2 0 0 0 0
3051 2 0 0 0 0
3052 2 0 0 0 0
3053 2 0 0 0 0
3054 2 0 0 0 0
3055 2 0 0 0 0
3056 2 0 0 0 0
3057 2 0 0 0 0
3058 2 0 0 0 0
3059 2 0 0 0 0
3060 2 0 0 0 0
3061 2 0 0 0 0
3062 2 0 0 0 0
3063 2 0 0 0 0
3064 2 0 0 0 0
3065 2 0 0 0 0
3066 2 0 0 0 0
3067 2 0 0 0 0
3068 2 0 0 0 0
3069 2 0 0 0 0
3070 2 0 0 0 0
3071 2 0 0 0 0
3072 2 0 0 0 0
3073 2 0 0 0 0
3074 2 0 0 0 0
3075 2 0 0 0 0
3076 2 0 0 0 0
3077 2 0 0 0 0
3078 2 0 0 0 0
3079 2 0 0 0 0
3080 2 0 0 0 0
3081 2 0 0 0 0
3082 2 0 0 0 0
3083 2 0 0 0 0
3084 2 0 0 0 0
3085 2 0 0 0 0
3086 2 0 0 0 0
3087 2 0 0 0 0
3088 2 0 0 0 0
3089 2 0 0 0 0
3090 2 0 0 0 0
3091 2 0 0 0 0
3092 2 0 0 0 0
3093 2 0 0 0 0
3094 2 0 0 0 0
3095 2 0 0 0 0
3096 2 0 0 0 0
3097 2 0 0 0 0
3098 2 0 0 0 0
3099 2 0 0 0 0
3100 0 0 0 0 0
3101 0 0 0 0 0
3102 0 0 0 0 0
3103 0 0 0 0 0
3104 0 0 0 0 0
3105 0 0 0 0 0
3106 0 0 0 0 0
3107 0 0 0 0 0
3108 0 0 0 0 0
3109 0 0 0 0 0
3110 0 0 0 0 0
3111 0 0 0 0 0
3112 0 0 0 0 0
3113 0 0 0 0 0
3114 0 0 0 0 0
3115 2 0 0 0 0
3116 2 0 0 0 0
3117 2 0 0 0 0
3118 2 0 0 0 0
3119 2 0 0 0 0
3120 2 0 0 0 0
3121 2 0 0 0 0
3122 2 0 0 0 0
3123 2 0 0 0 0
3124 2 0 0 0 0
3125 2 0 0 0 0
3126 2 0 0 0 0
3127 2 0 0 0 0
3128 2 0 0 0 0
3129 2 0 0 0 0
3130 2 0 0 0 0
3131 2 0 0 0 0
3132 2 0 0 0 0
3133 2 0 0 0 0
3134 2 0 0 0 0
3135 2 0 0 0 0
3136 2 0 0 0 0
3137 2 0 0 0 0
3138 2 0 0 0 0
3139 2 0 0 0 0
3140 2 0 0 0 0
3141 2 0 0 0 0
3142 2 0 0 0 0
3143 2 0 0 0 0
3144 2 0 0 0 0
3145 2 0 0 0 0
3146 2 0 0 0 0
3147 2 0 0 0 0
3148 2 0 0 0 0
3149 2 0 0 0 0
3150 2 0 0 0 0
3151 2 0 0 0 0
3152 2 0 0 0 0
3153 2 0 0 0 0
3154 2 0 0 0 0
3155 2 0 0 0 0
3156 2 0 0 0 0
3157 2 0 0 0 0
3158 2 0 0 0 0
3159 2 0 0 0 0
3160 2 0 0 0 0
3161 2 0 0 0 0
3162 2 0 0 0 0
3163 2 0 0 0 0
3164 2 0 0 0 0
3165 2 0 0 0 0
3166 2 0 0 0 0
3167 2 0 0 0 0
3168 2 0 0 0 0
3169 2 0 0 0 0
3170 2 0 0 0 0
3171 2 0 0 0 0
3172 2 0 0 0 0
3173 2 0 0 0 0
3174 2 0 0 0 0
3175 0 0 0 0 0
3176 0 0 0 0 0
3177 0 0 0 0 0
3178 0 0 0 0 0
3179 0 0 0 0 0
3180 0 0 0 0 0
3181 0 0 0 0 0
3182 0 0 0 0 0
3183 0 0 0 0 0
3184 0 0 0 0 0
3185 0 0 0 0 0
3186 0 0 0 0 0
3187 0 0 0 0 0
3188 0 0 0 0 0
3189 0 0 0 0 0
3190 0 0 0 0 0
3191 0 0 0 0 0
3192 0 0 0 0 0
3193 0 0 0 0 0
3194 0 0 0 0 0
3195 0 0 0 0 0
3196 0 0 0 0 0
3197 0 0 0 0 0
3198 0 0 0 0 0
3199 0 0 0 0 0
3200 0 0 0 0 0
3201 0 0 0 0 0
3202 0 0 0 0 0
3203 0 0 0 0 0
3204 0 0 0 0 0
3205 0 0 3 0 0
3206 0 0 3 0 0
3207 0 0 3 0 0
3208 0 0 3 0 0
3209 0 0 3 0 0
3210 0 0 3 0 0
3211 0 0 3 0 0
3212 0 0 3 0 0
3213 0 0 3 0 0
3214 0 0 3 0 0
3215 0 0 3 0 0
3216 0 0 3 0 0
3217 0 0 3 0 0
3218 0 0 3 0 0
3219 0 0 3 0 0
3220 0 0 0 0 0
3221 0 0 0 0 0
3222 0 0 0 0 0
3223 0 0 0 0 0
3224 0 0 0 0 0
3225 0 0 0 0 0
3226 0 0 0 0 0
3227 0 0 0 0 0
3228 0 0 0 0 0
3229 0 0 0 0 0
3230 0 0 0 0 0
3231 0 0 0 0 0
3232 0 0 0 0 0
3233 0 0 0 0 0
3234 0 0 0 0 0
3235 0 0 0 0 0
3236 0 0 0 0 0
3237 0 0 0 0 0
3238 0 0 0 0 0
3239 0 0 0 0 0
3240 0 0 0 0 0
3241 0 0 0 0 0
3242 0 0 0 0 0
3243 0 0 0 0 0
3244 0 0 0 0 0
3245 0 0 0 0 0
3246 0 0 0 0 0
3247 0 0 0 0 0
3248 0 0 0 0 0
3249 0 0 0 0 0
3250 0 0 0 0 0
3251 0 0 0 0 0
3252 0 0 0 0 0
3253 0 0 0 0 0
3254 0 0 0 0 0
3255 0 0 0 0 0
