60 0 0 0 0 0
75 0 0 2 0 0
90 0 0 2 0 0
105 0 0 2 0 0
120 0 0 2 0 0
135 0 0 2 0 0
140 0 0 2 0 0
143 0 0 2 0 0
158 0 0 2 0 0
173 0 0 2 0 0
188 0 0 2 0 0
193 0 0 2 0 1
196 0 0 2 0 2
211 0 0 2 0 2
226 0 0 2 0 2
241 0 0 2 0 2
251 0 0 2 0 2
254 0 0 2 0 2
269 0 0 2 0 2
284 0 0 2 0 2
299 0 0 2 0 2
314 0 0 2 0 2
329 0 0 2 0 2
344 0 0 2 0 2
359 0 0 2 0 2
374 0 0 2 0 2
389 0 0 2 0 2
404 0 0 2 0 2
419 2 0 2 0 2
434 2 0 2 0 2
447 2 0 2 0 2
450 2 0 2 0 2
465 2 0 2 0 2
480 2 0 3 0 0
495 0 0 0 2 0
510 2 0 0 0 0
525 2 0 0 0 0
540 2 0 0 0 0
555 2 0 0 0 0
570 2 0 0 0 1
577 2 0 0 0 0
580 2 0 0 0 0
595 2 0 0 0 0
610 2 0 0 0 0
625 2 0 0 2 0
640 2 0 3 0 0
655 2 0 2 0 0
670 2 0 2 0 0
687 3 0 2 0 0
690 2 0 2 0 0
705 0 3 2 0 0
720 0 3 2 0 0
735 0 0 2 0 1
742 3 0 2 0 1
745 3 0 2 0 1
760 3 0 2 0 1
775 3 0 2 0 1
790 3 0 2 0 1
805 3 0 2 0 1
820 3 0 2 0 1
835 3 0 2 0 2
850 3 0 2 0 2
865 0 0 2 0 2
880 3 0 2 0 2
895 3 0 2 0 2
910 3 0 2 0 2
925 2 0 2 0 2
940 2 0 2 0 2
955 2 0 2 0 2
966 3 0 2 0 2
969 3 0 2 0 2
984 3 0 2 0 2
999 2 0 0 0 2
1014 2 0 2 0 2
1029 2 0 2 0 2
1044 2 0 2 0 2
1059 2 0 0 0 2
1074 2 0 0 0 2
1092 0 0 0 0 2
1095 2 0 0 0 2
1110 2 0 0 0 2
1125 2 0 0 0 2
1140 2 0 3 0 2
1155 2 0 3 0 2
1170 0 0 2 0 2
1185 0 0 2 0 2
1200 2 0 2 0 2
1215 2 0 2 0 2
1230 2 0 2 0 2
1245 2 0 2 0 2
1260 2 0 2 0 2
1265 2 0 2 0 2
1268 2 0 2 0 2
1283 0 0 2 0 2
1298 0 0 2 0 2
1313 0 0 2 0 2
1330 0 0 2 0 2
1333 0 0 2 0 2
1348 0 0 2 0 2
1363 0 0 2 0 2
1378 0 0 2 0 2
1393 0 0 2 0 2
1408 0 0 2 0 2
1423 0 0 2 0 2
1438 0 0 2 0 2
1453 0 3 2 0 2
1468 0 2 2 0 2
1483 0 2 2 0 2
1498 2 0 2 0 2
1505 2 0 2 0 2
1508 2 0 2 0 2
1523 2 0 2 0 2
1538 2 0 3 0 2
1553 2 0 3 0 2
1568 2 0 0 0 2
1583 2 0 0 0 2
1598 2 0 0 0 2
1613 2 0 0 0 2
1628 0 0 0 0 2
1643 0 0 0 0 0
1660 2 0 0 0 0
1663 2 0 0 0 0
1678 2 0 0 0 0
1693 2 0 0 0 1
1708 3 0 0 2 1
1723 2 0 2 0 1
1738 2 0 2 0 1
1753 2 0 2 0 1
1768 2 0 2 0 1
1775 2 0 2 0 1
1778 2 0 2 0 1
1793 0 3 2 0 1
1808 2 0 2 0 1
1823 0 0 2 0 1
1838 0 0 2 0 1
1848 0 0 2 0 1
1851 0 0 2 0 1
1866 0 0 2 0 1
1881 0 0 2 0 1
1896 0 0 2 0 1
1911 0 0 2 0 1
1926 0 0 2 0 1
1941 0 0 2 0 2
1956 0 0 2 0 2
1971 0 0 2 0 2
1986 0 0 2 0 2
2001 0 0 2 0 2
2016 2 0 2 0 2
2031 0 2 2 0 2
2046 2 0 2 0 2
2053 2 0 2 0 2
2056 2 0 2 0 2
2071 2 0 2 0 2
2086 2 0 3 0 2
2101 2 0 0 0 2
2116 2 0 0 0 2
2128 2 0 0 0 2
2131 2 0 0 0 2
2146 2 0 3 0 2
2161 2 0 2 0 2
2176 2 0 2 0 2
2191 2 0 2 0 2
2206 0 2 2 0 2
2221 0 0 2 0 2
2236 0 2 2 0 2
2251 0 2 2 0 2
2266 0 2 2 0 2
2281 2 0 2 0 2
2296 2 0 2 0 2
2311 2 0 3 0 2
2326 2 0 2 0 2
2341 0 0 2 0 2
2356 3 0 2 0 2
2371 2 0 2 0 2
2386 0 0 2 0 2
2401 3 0 2 0 2
2416 0 0 2 0 2
2431 0 3 2 0 2
2446 0 0 0 0 2
2461 0 0 3 0 2
2476 0 0 0 0 2
2491 0 0 0 0 2
2506 2 0 0 0 2
2521 2 0 0 0 2
2536 2 0 0 0 2
2551 2 0 0 0 2
2566 2 0 0 0 2
2573 2 0 0 0 2
