2 0 0 2 0 0
14 0 0 0 2 0
28 0 0 2 0 0
31 0 0 2 0 0
46 0 0 2 0 0
61 0 0 2 0 0
76 0 0 2 0 0
91 0 2 2 0 1
106 0 2 2 0 1
121 0 2 2 0 2
139 0 0 2 0 2
142 0 0 3 0 2
157 2 0 2 0 2
172 2 0 0 0 0
187 2 0 3 0 0
202 2 0 2 0 0
217 2 0 0 2 0
232 2 0 2 0 0
247 2 0 2 0 0
255 2 0 2 0 0
258 2 0 2 0 1
273 3 0 2 0 2
288 0 0 2 0 2
303 0 0 3 0 2
311 0 0 2 0 2
314 0 0 2 0 2
329 0 0 2 0 2
344 0 0 2 0 2
359 0 0 2 0 0
374 0 0 2 0 1
389 0 0 2 0 1
404 0 2 2 0 1
419 0 2 2 0 1
434 0 2 2 0 1
449 0 2 2 0 1
456 2 0 2 0 1
459 2 0 2 0 1
474 2 0 2 0 1
489 2 0 3 0 1
504 0 0 0 0 0
519 0 0 0 0 0
534 0 0 0 0 0
549 0 0 0 0 0
564 0 0 0 0 0
581 0 0 0 0 0
584 0 0 0 0 0
599 0 0 0 0 0
614 2 0 3 0 0
629 2 0 0 3 0
644 3 0 0 2 1
659 2 0 0 2 2
674 2 0 0 3 0
689 2 0 0 3 1
708 2 0 0 0 1
711 3 0 2 0 1
726 3 0 2 0 1
741 3 0 2 0 1
756 0 0 2 0 2
771 3 0 2 0 2
786 3 0 2 0 2
801 3 0 2 0 2
816 3 0 2 0 2
831 3 0 2 0 2
841 3 0 2 0 2
844 3 0 2 0 2
859 3 0 2 0 2
874 3 0 2 0 2
889 3 0 0 0 2
904 3 0 2 0 2
919 3 0 2 0 2
934 3 0 2 0 2
949 3 0 2 0 2
964 3 0 2 0 2
979 3 0 2 0 2
994 3 0 2 0 2
1009 0 0 2 0 2
1024 0 0 2 0 0
1039 0 2 2 0 0
1054 0 2 2 0 1
1071 0 0 2 0 1
1074 0 0 2 0 1
1089 2 0 2 0 1
1104 2 0 3 0 1
1119 2 0 3 0 0
1134 2 0 3 0 0
1149 2 0 3 0 0
1164 2 0 3 0 0
1179 2 0 3 0 0
1197 2 0 3 0 0
1200 2 0 3 0 0
1215 2 0 3 0 0
1230 2 0 3 0 0
1245 2 0 0 0 0
1260 2 0 0 0 0
1275 2 0 0 2 0
1290 2 0 0 2 0
1305 2 0 0 2 0
1320 2 0 2 0 0
1323 2 0 2 0 0
1338 3 0 2 0 1
1353 3 0 2 0 2
1368 3 0 2 0 2
1383 3 0 2 0 2
1398 0 0 2 0 2
1409 3 0 2 0 2
1412 3 0 2 0 2
1427 3 0 2 0 2
1442 3 0 2 0 2
1457 3 0 2 0 2
1472 3 0 2 0 2
1487 3 0 2 0 2
1502 3 0 2 0 2
1517 3 0 2 0 2
1532 0 0 2 0 2
1547 2 0 2 0 2
1562 0 2 2 0 2
1577 2 0 2 0 2
1592 2 0 2 0 2
1600 2 0 2 0 2
1603 2 0 2 0 2
1618 3 0 2 0 2
1633 0 0 3 0 2
1648 0 0 3 0 0
1663 0 0 3 0 0
1678 0 0 3 0 0
1693 0 0 3 0 0
1700 0 0 3 0 0
1703 0 0 3 0 0
1718 0 0 3 0 0
1733 2 0 3 0 0
1748 2 0 0 2 0
1763 2 0 0 2 0
1773 2 0 2 0 0
1776 2 0 2 0 0
1791 2 0 2 0 1
1806 3 0 2 0 2
1821 3 0 2 0 2
1836 3 0 2 0 2
1851 3 0 2 0 2
1866 3 0 2 0 2
1874 3 0 2 0 2
1877 3 0 2 0 2
1892 3 0 2 0 2
1907 3 0 2 0 2
1922 3 0 2 0 2
1937 3 0 2 0 2
1952 3 0 2 0 2
1967 3 0 2 0 2
1982 3 0 2 0 2
1997 3 0 2 0 2
2012 0 0 2 0 2
2027 2 0 2 0 2
2042 2 0 2 0 2
2048 2 0 2 0 2
2051 2 0 2 0 2
2066 2 0 3 0 2
2081 2 0 3 0 2
2096 2 0 3 0 2
2111 2 0 0 0 0
2126 2 0 0 0 0
2141 2 0 0 0 0
2156 2 0 0 0 0
2171 2 0 0 0 0
2186 2 0 0 0 0
2201 2 0 3 0 0
2216 0 0 0 3 0
2231 2 0 0 3 0
2248 2 0 0 3 0
2251 2 0 0 3 0
2266 0 0 2 0 0
2281 0 0 2 0 0
2296 0 0 2 0 0
2311 0 0 2 0 0
2326 0 0 2 0 0
2341 0 0 2 0 0
2356 0 0 3 0 0
2371 2 0 3 0 0
2386 2 0 0 0 0
2401 2 0 0 0 0
2416 2 0 0 0 0
2431 2 0 0 0 0
2448 2 0 0 0 0
