0 0 0 2 0 0
10 0 0 2 0 0
20 0 0 0 2 0
30 0 0 0 2 0
40 0 0 2 0 0
50 0 0 2 0 0
60 0 0 2 0 0
70 0 0 2 0 0
80 0 0 2 0 0
90 0 2 2 0 1
100 0 2 2 0 1
110 0 2 2 0 1
120 0 2 2 0 0
130 0 2 2 0 0
140 0 0 3 0 0
150 0 2 2 0 1
160 2 0 2 0 1
170 2 0 0 0 1
180 2 0 3 0 1
190 2 0 3 0 1
200 2 0 0 0 1
210 2 0 0 2 1
220 2 0 0 2 1
230 2 0 0 2 1
240 2 0 0 2 0
250 2 0 2 0 0
260 2 0 2 0 2
270 3 0 2 0 0
280 0 0 2 0 1
290 0 0 2 0 1
300 0 0 2 0 1
310 0 0 2 0 1
320 0 0 2 0 1
330 0 0 2 0 1
340 0 0 3 0 0
350 0 0 2 0 1
360 0 0 2 0 1
370 0 0 2 0 1
380 0 0 2 0 1
390 0 0 2 0 1
400 0 0 2 0 2
410 0 0 2 0 1
420 0 2 2 0 1
430 0 2 2 0 1
440 0 2 2 0 1
450 0 2 2 0 1
460 2 0 2 0 2
470 2 0 2 0 2
480 2 0 3 0 1
490 2 0 3 0 1
500 2 0 0 0 0
510 0 0 0 0 0
520 0 0 0 0 0
530 0 0 0 0 0
540 0 0 0 0 0
550 0 0 0 0 0
560 0 0 0 0 0
570 0 0 0 0 0
580 0 0 0 0 0
590 0 0 0 0 0
600 0 0 0 0 0
610 0 0 3 0 0
620 2 0 3 0 1
630 2 0 0 0 1
640 2 0 0 2 1
650 2 0 0 2 0
660 2 0 0 2 0
670 2 0 0 2 1
680 2 0 0 2 1
690 2 0 0 2 1
700 2 0 0 2 1
710 3 0 2 0 0
720 3 0 2 0 0
730 0 0 2 0 0
740 3 0 2 0 0
750 3 0 2 0 0
760 0 0 2 0 0
770 3 0 2 0 1
780 3 0 2 0 1
790 3 0 2 0 0
800 3 0 2 0 1
810 3 0 2 0 1
820 3 0 2 0 1
830 3 0 2 0 1
840 3 0 2 0 0
850 3 0 2 0 0
860 3 0 2 0 0
870 3 0 2 0 1
880 3 0 2 0 1
890 3 0 2 0 1
900 3 0 2 0 1
910 3 0 2 0 1
920 3 0 2 0 1
930 3 0 2 0 1
940 3 0 2 0 1
950 3 0 2 0 1
960 3 0 2 0 1
970 3 0 2 0 1
980 3 0 2 0 1
990 3 0 2 0 1
1000 3 0 2 0 2
1010 2 0 2 0 2
1020 2 0 2 0 2
1030 0 2 2 0 1
1040 0 2 2 0 1
1050 0 2 2 0 1
1060 0 2 2 0 1
1070 0 0 2 0 2
1080 2 0 2 0 2
1090 2 0 2 0 2
1100 2 0 2 0 2
1110 2 0 2 0 2
1120 2 0 3 0 0
1130 0 0 3 0 0
1140 0 0 0 0 0
1150 0 0 0 0 0
1160 0 0 0 0 0
1170 0 0 0 0 0
1180 0 0 0 0 0
1190 0 0 0 0 0
1200 0 0 0 0 0
1210 0 0 0 0 0
1220 0 0 0 0 0
1230 0 0 0 0 0
1240 2 0 0 0 0
1250 2 0 0 0 1
1260 2 0 0 3 1
1270 2 0 0 2 1
1280 2 0 0 2 1
1290 2 0 0 2 1
1300 2 0 0 2 1
1310 2 0 0 2 1
1320 2 0 0 2 1
1330 3 0 2 0 1
1340 0 0 2 0 1
1350 0 0 2 0 0
1360 3 0 2 0 0
1370 3 0 2 0 0
1380 0 0 2 0 0
1390 3 0 2 0 1
1400 0 0 2 0 1
1410 3 0 2 0 1
1420 3 0 2 0 1
1430 3 0 2 0 1
1440 3 0 2 0 1
1450 3 0 2 0 1
1460 3 0 2 0 1
1470 3 0 2 0 1
1480 3 0 2 0 1
1490 3 0 2 0 1
1500 3 0 2 0 1
1510 3 0 2 0 1
1520 3 0 2 0 1
1530 0 0 2 0 1
1540 2 0 2 0 2
1550 0 2 2 0 2
1560 0 2 2 0 1
1570 0 2 2 0 1
1580 0 2 2 0 1
1590 0 2 2 0 1
1600 2 0 2 0 2
1610 2 0 2 0 1
1620 2 0 2 0 1
1630 0 0 3 0 0
1640 0 0 3 0 0
1650 0 0 0 0 0
1660 0 0 0 0 0
1670 0 0 0 0 0
1680 0 0 0 0 0
1690 0 0 0 0 0
1700 0 0 0 0 0
1710 0 0 0 0 0
1720 0 0 0 0 0
1730 2 0 3 0 2
1740 2 0 2 0 2
1750 2 0 0 2 1
1760 2 0 0 2 1
1770 2 0 0 2 1
1780 2 0 2 0 1
1790 2 0 2 0 2
1800 0 0 2 0 1
1810 0 3 2 0 1
1820 0 3 2 0 0
1830 3 0 2 0 1
1840 3 0 2 0 1
1850 3 0 2 0 1
1860 3 0 2 0 1
1870 3 0 2 0 1
1880 3 0 2 0 1
1890 3 0 2 0 1
1900 3 0 2 0 1
1910 3 0 2 0 1
1920 3 0 2 0 1
1930 3 0 2 0 1
1940 3 0 2 0 0
1950 3 0 2 0 0
1960 3 0 2 0 0
1970 3 0 2 0 1
1980 3 0 2 0 1
1990 3 0 2 0 1
2000 3 0 2 0 1
2010 3 0 2 0 1
2020 2 0 2 0 2
2030 0 2 2 0 1
2040 0 2 2 0 1
2050 2 0 2 0 2
2060 2 0 2 0 2
2070 2 0 3 0 2
2080 2 0 2 0 2
2090 2 0 2 0 0
2100 0 0 0 3 0
2110 0 0 0 0 0
2120 0 0 0 0 0
2130 0 0 0 0 0
2140 0 0 3 0 0
2150 0 0 3 0 0
2160 0 0 0 0 0
2170 0 0 3 0 0
2180 0 0 3 0 0
2190 0 0 0 0 0
2200 0 0 3 0 0
2210 0 0 3 0 2
2220 2 0 0 2 1
2230 2 0 0 3 1
2240 2 0 0 3 1
2250 2 0 0 3 1
2260 2 0 0 2 0
2270 0 0 2 0 0
2280 0 0 2 0 0
2290 0 0 2 0 0
2300 0 0 2 0 0
2310 0 0 2 0 0
2320 0 0 2 0 0
2330 0 0 2 0 0
2340 0 0 2 0 0
2350 0 0 2 0 0
2360 0 0 3 0 0
2370 2 0 3 0 0
2380 2 0 3 0 0
2390 2 0 0 0 0
2400 2 0 0 0 0
2410 2 0 0 0 0
2420 2 0 0 0 0
2430 2 0 0 0 0
2440 2 0 0 0 0
2450 2 0 0 0 0
2460 2 0 0 0 0
2470 2 0 0 0 0
2480 2 0 0 0 0
2490 2 0 0 0 0
