0 0 0 0 0 0
1 0 0 0 0 0
2 0 0 0 0 0
3 0 0 0 0 0
4 0 0 0 0 0
5 0 0 0 0 0
6 0 0 0 0 0
7 0 0 0 0 0
8 0 0 0 0 0
9 0 0 0 0 0
10 0 0 0 0 0
11 0 0 0 0 0
12 0 0 0 0 0
13 0 0 0 0 0
14 0 0 0 0 0
15 0 0 0 0 0
16 0 0 0 0 0
17 0 0 0 0 0
18 0 0 0 0 0
19 0 0 0 0 0
20 0 0 0 0 0
21 0 0 0 0 0
22 0 0 0 0 0
23 0 0 0 0 0
24 0 0 0 0 0
25 0 0 0 0 0
26 0 0 0 0 0
27 0 0 0 0 0
28 0 0 0 0 0
29 0 0 0 0 0
30 0 0 0 0 0
31 0 0 0 0 0
32 0 0 0 0 0
33 0 0 0 0 0
34 0 0 0 0 0
35 0 0 0 0 0
36 0 0 0 0 0
37 0 0 0 0 0
38 0 0 0 0 0
39 0 0 0 0 0
40 0 0 0 0 0
41 0 0 0 0 0
42 0 0 0 0 0
43 0 0 0 0 0
44 0 0 0 0 0
45 0 0 0 0 0
46 0 0 0 0 0
47 0 0 0 0 0
48 0 0 0 0 0
49 0 0 0 0 0
50 0 0 0 0 0
51 0 0 0 0 0
52 0 0 0 0 0
53 0 0 0 0 0
54 0 0 0 0 0
55 0 0 0 0 0
56 0 0 0 0 0
57 0 0 0 0 0
58 0 0 0 0 0
59 0 0 0 0 0
60 0 0 0 0 0
61 0 0 0 0 0
62 0 0 0 0 0
63 0 0 0 0 0
64 0 0 0 0 0
65 0 0 0 0 0
66 0 0 0 0 0
67 0 0 0 0 0
68 0 0 0 0 0
69 0 0 0 0 0
70 0 0 0 0 0
71 0 0 0 0 0
72 0 0 0 0 0
73 0 0 0 0 0
74 0 0 0 0 0
75 0 0 0 0 0
76 0 0 0 0 0
77 0 0 0 0 0
78 0 0 0 0 0
79 0 0 0 0 0
80 0 0 0 0 0
81 0 0 0 0 0
82 0 0 0 0 0
83 0 0 0 0 0
84 0 0 0 0 0
85 0 0 0 0 0
86 0 0 0 0 0
87 0 0 0 0 0
88 0 0 0 0 0
89 0 0 0 0 0
90 0 0 0 0 0
91 0 0 0 0 0
92 0 0 0 0 0
93 0 0 0 0 0
94 0 0 0 0 0
95 0 0 0 0 0
96 0 0 0 0 0
97 0 0 0 0 0
98 0 0 0 0 0
99 0 0 0 0 0
100 0 0 0 0 0
101 0 0 0 0 0
102 0 0 0 0 0
103 0 0 0 0 0
104 0 0 0 0 0
105 0 0 0 0 0
106 0 0 0 0 0
107 0 0 0 0 0
108 0 0 0 0 0
109 0 0 0 0 0
110 0 0 0 0 0
111 0 0 0 0 0
112 0 0 0 0 0
113 0 0 0 0 0
114 0 0 0 0 0
115 0 0 0 0 0
116 0 0 0 0 0
117 0 0 0 0 0
118 0 0 0 0 0
119 0 0 0 0 0
120 0 0 0 0 0
121 0 0 0 0 0
122 0 0 0 0 0
123 0 0 0 0 0
124 0 0 0 0 0
125 0 0 0 0 0
126 0 0 0 0 0
127 0 0 0 0 0
128 0 0 0 0 0
129 0 0 0 0 0
130 0 0 0 0 0
131 0 0 0 0 0
132 0 0 0 0 0
133 0 0 0 0 0
134 0 0 0 0 0
135 0 0 0 0 0
136 0 0 0 0 0
137 0 0 0 0 0
138 0 0 0 0 0
139 0 0 0 0 0
140 0 0 0 0 0
141 0 0 0 0 0
142 0 0 0 0 0
143 0 0 0 0 0
144 0 0 0 0 0
145 0 0 0 0 0
146 0 0 0 0 0
147 0 0 0 0 0
148 0 0 0 0 0
149 0 0 0 0 0
150 0 0 0 0 0
151 0 0 0 0 0
152 0 0 0 0 0
153 0 0 0 0 0
154 0 0 0 0 0
155 0 0 0 0 0
156 0 0 0 0 0
157 0 0 0 0 0
158 0 0 0 0 0
159 0 0 0 0 0
160 0 0 0 0 0
161 0 0 0 0 0
162 0 0 0 0 0
163 0 0 0 0 0
164 0 0 0 0 0
165 0 0 0 0 0
166 0 0 0 0 0
167 0 0 0 0 0
168 0 0 0 0 0
169 0 0 0 0 0
170 0 0 0 0 0
171 0 0 0 0 0
172 0 0 0 0 0
173 0 0 0 0 0
174 0 0 0 0 0
175 0 0 0 0 0
176 0 0 0 0 0
177 0 0 0 0 0
178 0 0 0 0 0
179 0 0 0 0 0
180 0 0 0 0 0
181 0 0 0 0 0
182 0 0 0 0 0
183 0 0 0 0 0
184 0 0 0 0 0
185 0 0 0 0 0
186 0 0 0 0 0
187 0 0 0 0 0
188 0 0 0 0 0
189 0 0 0 0 0
190 0 0 0 0 0
191 0 0 0 0 0
192 0 0 0 0 0
193 0 0 0 0 0
194 0 0 0 0 0
195 0 0 0 0 0
196 0 0 0 0 0
197 0 0 0 0 0
198 0 0 0 0 0
199 0 0 0 0 0
200 0 0 0 0 0
201 0 0 0 0 0
202 0 0 0 0 0
203 0 0 0 0 0
204 0 0 0 0 0
205 0 0 0 0 0
206 0 0 0 0 0
207 0 0 0 0 0
208 0 0 0 0 0
209 0 0 0 0 0
210 0 0 0 0 0
211 0 0 0 0 0
212 0 0 0 0 0
213 0 0 0 0 0
214 0 0 0 0 0
215 0 0 0 0 0
216 0 0 0 0 0
217 0 0 0 0 0
218 0 0 0 0 0
219 0 0 0 0 0
220 0 0 0 0 0
221 0 0 0 0 0
222 0 0 0 0 0
223 0 0 0 0 0
224 0 0 0 0 0
225 0 0 0 0 0
226 0 0 0 0 0
227 0 0 0 0 0
228 0 0 0 0 0
229 0 0 0 0 0
230 0 0 0 0 0
231 0 0 0 0 0
232 0 0 0 0 0
233 0 0 0 0 0
234 0 0 0 0 0
235 0 0 0 0 0
236 0 0 0 0 0
237 0 0 0 0 0
238 0 0 0 0 0
239 0 0 0 0 0
240 0 0 0 0 0
241 0 0 0 0 0
242 0 0 0 0 0
243 0 0 0 0 0
244 0 0 0 0 0
245 0 0 0 0 0
246 0 0 0 0 0
247 0 0 0 0 0
248 0 0 0 0 0
249 0 0 0 0 0
250 0 0 0 0 0
251 0 0 0 0 0
252 0 0 0 0 0
253 0 0 0 0 0
254 0 0 0 0 0
255 0 0 0 0 0
256 0 0 0 0 0
257 0 0 0 0 0
258 0 0 0 0 0
259 0 0 0 0 0
260 0 0 0 0 0
261 0 0 0 0 0
262 0 0 0 0 0
263 0 0 0 0 0
264 0 0 3 0 0
265 0 0 3 0 0
266 0 0 3 0 0
267 0 0 3 0 0
268 0 0 3 0 0
269 0 0 3 0 0
270 0 0 3 0 0
271 0 0 3 0 0
272 0 0 3 0 0
273 0 0 3 0 0
274 0 0 3 0 0
275 0 0 3 0 0
276 0 0 3 0 0
277 0 0 3 0 0
278 0 0 3 0 0
279 0 0 3 0 0
280 0 0 3 0 0
281 0 0 3 0 0
282 0 0 3 0 0
283 0 0 3 0 0
284 0 0 3 0 0
285 0 0 3 0 0
286 0 0 3 0 0
287 0 0 3 0 0
288 0 0 3 0 0
289 0 0 3 0 0
290 0 0 3 0 0
291 0 0 3 0 0
292 0 0 3 0 0
293 0 0 3 0 0
294 0 0 3 0 0
295 0 0 3 0 0
296 0 0 3 0 0
297 0 0 3 0 0
298 0 0 3 0 0
299 0 0 3 0 0
300 0 0 3 0 0
301 0 0 3 0 0
302 0 0 3 0 0
303 0 0 3 0 0
304 0 0 3 0 0
305 0 0 3 0 0
306 0 0 3 0 0
307 0 0 3 0 0
308 0 0 3 0 0
309 0 0 3 0 0
310 0 0 3 0 0
311 0 0 3 0 0
312 0 0 3 0 0
313 0 0 3 0 0
314 0 0 3 0 0
315 0 0 3 0 0
316 0 0 3 0 0
317 0 0 3 0 0
318 0 0 3 0 0
319 0 0 3 0 0
320 0 0 3 0 0
321 0 0 3 0 0
322 0 0 3 0 0
323 0 0 3 0 0
324 0 0 0 0 0
325 0 0 0 0 0
326 0 0 0 0 0
327 0 0 0 0 0
328 0 0 0 0 0
329 0 0 0 0 0
330 0 0 0 0 0
331 0 0 0 0 0
332 0 0 0 0 0
333 0 0 0 0 0
334 0 0 0 0 0
335 0 0 0 0 0
336 0 0 0 0 0
337 0 0 0 0 0
338 0 0 0 0 0
339 0 0 0 0 0
340 0 0 0 0 0
341 0 0 0 0 0
342 0 0 0 0 0
343 0 0 0 0 0
344 0 0 0 0 0
345 0 0 0 0 0
346 0 0 0 0 0
347 0 0 0 0 0
348 0 0 0 0 0
349 0 0 0 0 0
350 0 0 0 0 0
351 0 0 0 0 0
352 0 0 0 0 0
353 0 0 0 0 0
354 0 0 0 0 0
355 0 0 0 0 0
356 0 0 0 0 0
357 0 0 0 0 0
358 0 0 0 0 0
359 0 0 0 0 0
360 0 0 0 0 0
361 0 0 0 0 0
362 0 0 0 0 0
363 0 0 0 0 0
364 0 0 0 0 0
365 0 0 0 0 0
366 0 0 0 0 0
367 0 0 0 0 0
368 0 0 0 0 0
369 0 0 0 0 0
370 0 0 0 0 0
371 0 0 0 0 0
372 0 0 0 0 0
373 0 0 0 0 0
374 0 0 0 0 0
375 0 0 0 0 0
376 0 0 0 0 0
377 0 0 0 0 0
378 0 0 0 0 0
379 0 0 0 0 0
380 0 0 0 0 0
381 0 0 0 0 0
382 0 0 0 0 0
383 0 0 0 0 0
384 2 0 3 0 0
385 2 0 3 0 0
386 2 0 3 0 0
387 2 0 3 0 0
388 2 0 3 0 0
389 2 0 3 0 0
390 2 0 3 0 0
391 2 0 3 0 0
392 2 0 3 0 0
393 2 0 3 0 0
394 2 0 3 0 0
395 2 0 3 0 0
396 2 0 3 0 0
397 2 0 3 0 0
398 2 0 3 0 0
399 2 0 3 0 0
400 2 0 3 0 0
401 2 0 3 0 0
402 2 0 3 0 0
403 2 0 3 0 0
404 2 0 3 0 0
405 2 0 3 0 0
406 2 0 3 0 0
407 2 0 3 0 0
408 2 0 3 0 0
409 2 0 3 0 0
410 2 0 3 0 0
411 2 0 3 0 0
412 2 0 3 0 0
413 2 0 3 0 0
414 0 0 0 0 0
415 0 0 0 0 0
416 0 0 0 0 0
417 0 0 0 0 0
418 0 0 0 0 0
419 0 0 0 0 0
420 0 0 0 0 0
421 0 0 0 0 0
422 0 0 0 0 0
423 0 0 0 0 0
424 0 0 0 0 0
425 0 0 3 0 0
426 0 0 3 0 0
427 0 0 3 0 0
428 2 0 3 0 0
429 2 0 3 0 0
430 2 0 3 0 0
431 2 0 3 0 0
432 2 0 3 0 0
433 2 0 3 0 0
434 2 0 3 0 0
435 2 0 3 0 0
436 2 0 3 0 0
437 2 0 3 0 0
438 2 0 3 0 0
439 2 0 3 0 0
440 2 0 3 0 0
441 2 0 3 0 0
442 2 0 3 0 0
443 2 0 3 0 0
444 2 0 3 0 0
445 2 0 3 0 0
446 2 0 3 0 0
447 2 0 3 0 0
448 2 0 3 0 0
449 2 0 3 0 0
450 2 0 3 0 0
451 2 0 3 0 0
452 2 0 3 0 0
453 2 0 3 0 0
454 2 0 3 0 0
455 2 0 3 0 0
456 2 0 3 0 0
457 2 0 3 0 0
458 0 0 3 0 0
459 0 0 3 0 0
460 0 0 3 0 0
461 0 0 3 0 0
462 0 0 3 0 0
463 0 0 3 0 0
464 0 0 3 0 0
465 0 0 3 0 0
466 0 0 3 0 0
467 0 0 3 0 0
468 0 0 3 0 0
469 0 0 3 0 0
470 0 0 3 0 0
471 0 0 3 0 0
472 0 0 3 0 0
473 0 0 3 0 0
474 0 0 3 0 0
475 0 0 3 0 0
476 0 0 3 0 0
477 0 0 3 0 0
478 0 0 3 0 0
479 0 0 3 0 0
480 0 0 3 0 0
481 0 0 3 0 0
482 0 0 3 0 0
483 0 0 3 0 0
484 0 0 3 0 0
485 0 0 3 0 0
486 0 0 3 0 0
487 0 0 3 0 0
488 0 0 3 0 0
489 0 0 3 0 0
490 0 0 3 0 0
491 0 0 3 0 0
492 0 0 3 0 0
493 0 0 3 0 0
494 0 0 3 0 0
495 0 0 3 0 0
496 0 0 3 0 0
497 0 0 3 0 0
498 0 0 3 0 0
499 0 0 3 0 0
500 0 0 3 0 0
501 0 0 3 0 0
502 0 0 3 0 0
503 0 0 3 0 0
504 0 0 3 0 0
505 0 0 3 0 0
506 0 0 3 0 0
507 0 0 3 0 0
508 0 0 3 0 0
509 0 0 3 0 0
510 0 0 3 0 0
511 0 0 3 0 0
512 0 0 3 0 0
513 0 0 3 0 0
514 0 0 3 0 0
515 0 0 3 0 0
516 0 0 3 0 0
517 0 0 3 0 0
518 0 0 0 0 0
519 0 0 0 0 0
520 0 0 0 0 0
521 0 0 0 0 0
522 0 0 0 0 0
523 0 0 0 0 0
524 0 0 0 0 0
525 0 0 0 0 0
526 0 0 0 0 0
527 0 0 0 0 0
528 0 0 0 0 0
529 0 0 0 0 0
530 0 0 0 0 0
531 0 0 0 0 0
532 0 0 0 0 0
533 0 0 0 0 0
534 0 0 0 0 0
535 0 0 0 0 0
536 0 0 0 0 0
537 0 0 0 0 0
538 0 0 0 0 0
539 0 0 0 0 0
540 0 0 0 0 0
541 0 0 0 0 0
542 0 0 0 0 0
543 0 0 0 0 0
544 0 0 0 0 0
545 0 0 0 0 0
546 0 0 0 0 0
547 0 0 0 0 0
548 0 0 0 0 0
549 0 0 0 0 0
550 0 0 0 0 0
551 0 0 0 0 0
552 0 0 0 0 0
553 0 0 0 0 0
554 0 0 0 0 0
555 0 0 0 0 0
556 0 0 0 0 0
557 0 0 0 0 0
558 0 0 0 0 0
559 0 0 0 0 0
560 0 0 0 0 0
561 0 0 0 0 0
562 0 0 0 0 0
563 0 0 0 0 0
564 0 0 0 0 0
565 0 0 0 0 0
566 0 0 0 0 0
567 0 0 0 0 0
568 0 0 0 0 0
569 0 0 0 0 0
570 0 0 0 0 0
571 0 0 0 0 0
572 0 0 0 0 0
573 0 0 0 0 0
574 0 0 0 0 0
575 0 0 0 0 0
576 0 0 0 0 0
577 0 0 0 0 0
578 0 0 0 0 0
579 0 0 0 0 0
580 0 0 0 0 0
581 0 0 0 0 0
582 0 0 0 0 0
583 0 0 0 0 0
584 0 0 0 0 0
585 0 0 0 0 0
586 0 0 0 0 0
587 0 0 0 0 0
588 0 0 0 0 0
589 0 0 0 0 0
590 0 0 0 0 0
591 0 0 0 0 0
592 0 0 0 0 0
593 0 0 0 0 0
594 0 0 0 0 0
595 0 0 0 0 0
596 0 0 0 0 0
597 0 0 0 0 0
598 0 0 0 0 0
599 0 0 0 0 0
600 0 0 0 0 0
601 0 0 0 0 0
602 0 0 0 0 0
603 0 0 0 0 0
604 0 0 0 0 0
605 0 0 0 0 0
606 0 0 0 0 0
607 0 0 0 0 0
608 0 0 0 0 0
609 0 0 0 0 0
610 0 0 0 0 0
611 0 0 0 0 0
612 0 0 0 0 0
613 0 0 0 0 0
614 0 0 0 0 0
615 0 0 0 0 0
616 0 0 0 0 0
617 0 0 0 0 0
618 0 0 0 0 0
619 0 0 0 0 0
620 0 0 0 0 0
621 0 0 0 0 0
622 0 0 3 0 0
623 0 0 3 0 0
624 0 0 3 0 0
625 0 0 3 0 0
626 0 0 3 0 0
627 0 0 3 0 0
628 0 0 3 0 0
629 0 0 3 0 0
630 0 0 3 0 0
631 0 0 3 0 0
632 0 0 3 0 0
633 0 0 3 0 0
634 0 0 3 0 0
635 0 0 3 0 0
636 0 0 3 0 0
637 0 0 0 0 0
638 0 0 0 0 0
639 0 0 0 0 0
640 0 0 0 0 0
641 0 0 0 0 0
642 0 0 0 0 0
643 0 0 0 0 0
644 0 0 0 0 0
645 0 0 0 0 0
646 0 0 0 0 0
647 0 0 0 0 0
648 0 0 0 0 0
649 0 0 0 0 0
650 0 0 0 0 0
651 0 0 0 0 0
652 0 0 0 0 0
653 0 0 0 0 0
654 0 0 0 0 0
655 0 0 0 0 0
656 0 0 0 0 0
657 0 0 0 0 0
658 0 0 0 0 0
659 0 0 0 0 0
660 0 0 0 0 0
661 0 0 0 0 0
662 0 0 0 0 0
663 0 0 0 0 0
664 0 0 0 0 0
665 0 0 0 0 0
666 0 0 0 0 0
667 0 0 0 0 0
668 0 0 0 0 0
669 0 0 0 0 0
670 0 0 0 0 0
671 0 0 0 0 0
672 0 0 0 0 0
673 0 0 0 0 0
674 0 0 0 0 0
675 0 0 0 0 0
676 0 0 0 0 0
677 0 0 0 0 0
678 0 0 0 0 0
679 0 0 0 0 0
680 0 0 0 0 0
681 0 0 0 0 0
682 0 0 0 0 0
683 0 0 0 0 0
684 0 0 0 0 0
685 0 0 0 0 0
686 0 0 0 0 0
687 0 0 0 0 0
688 0 0 0 0 0
689 0 0 0 0 0
690 0 0 0 0 0
691 0 0 0 0 0
692 0 0 0 0 0
693 0 0 0 0 0
694 0 0 0 0 0
695 0 0 0 0 0
696 0 0 0 0 0
697 0 2 0 0 0
698 0 2 0 0 0
699 0 2 0 0 0
700 0 2 0 0 0
701 0 2 0 0 0
702 0 2 0 0 0
703 0 2 0 0 0
704 0 2 0 0 0
705 0 2 0 0 0
706 0 2 0 0 0
707 0 2 0 0 0
708 0 2 0 0 0
709 0 2 0 0 0
710 0 2 0 0 0
711 0 2 0 0 0
712 2 0 0 0 0
713 2 0 0 0 0
714 2 0 0 0 0
715 2 0 0 0 0
716 2 0 0 0 0
717 2 0 0 0 0
718 2 0 0 0 0
719 2 0 0 0 0
720 2 0 0 0 0
721 2 0 0 0 0
722 2 0 0 0 0
723 2 0 0 0 0
724 2 0 0 0 0
725 2 0 0 0 0
726 2 0 0 0 0
727 0 2 0 0 1
728 0 2 0 0 1
729 0 2 0 0 1
730 0 2 0 0 1
731 0 2 0 0 1
732 0 2 0 0 1
733 0 2 0 0 1
734 0 2 0 0 1
735 0 2 0 0 1
736 0 2 0 0 1
737 0 2 0 0 1
738 0 2 0 0 1
739 0 2 0 0 1
740 0 2 0 0 1
741 0 2 0 0 1
742 0 2 0 0 1
743 0 2 0 0 1
744 0 2 0 0 1
745 0 2 0 0 1
746 0 2 0 0 1
747 0 2 0 0 1
748 0 2 0 0 1
749 0 2 0 0 1
750 0 2 0 0 1
751 0 2 0 0 1
752 0 2 0 0 1
753 0 2 0 0 1
754 0 2 0 0 1
755 0 2 0 0 1
756 0 2 0 0 1
757 0 0 0 0 1
758 0 0 0 0 1
759 0 0 0 0 1
760 0 0 0 0 1
761 0 0 0 0 1
762 0 0 0 0 1
763 0 0 0 0 1
764 0 0 0 0 1
765 0 0 0 0 1
766 0 0 0 0 1
767 0 0 0 0 1
768 0 0 0 0 1
769 0 0 0 0 1
770 0 0 0 0 1
771 0 0 0 0 1
772 0 2 0 0 0
773 0 2 0 0 0
774 0 2 0 0 0
775 0 2 0 0 0
776 0 2 0 0 0
777 0 2 0 0 0
778 0 2 0 0 0
779 0 2 0 0 0
780 0 2 0 0 0
781 0 2 0 0 0
782 0 2 0 0 0
783 0 2 0 0 0
784 0 2 0 0 0
785 0 2 0 0 0
786 0 2 0 0 0
787 0 2 0 0 0
788 0 2 0 0 0
789 0 2 0 0 0
790 0 2 0 0 0
791 0 2 0 0 0
792 0 2 0 0 0
793 0 2 0 0 0
794 0 2 0 0 0
795 0 2 0 0 0
796 0 2 0 0 0
797 0 2 0 0 0
798 0 2 0 0 0
799 0 2 0 0 0
800 0 2 0 0 0
801 0 2 0 0 0
802 2 0 0 0 0
803 2 0 0 0 0
804 2 0 0 0 0
805 2 0 0 0 0
806 2 0 0 0 0
807 2 0 0 0 0
808 2 0 0 0 0
809 2 0 0 0 0
810 2 0 0 0 0
811 2 0 0 0 0
812 2 0 0 0 0
813 2 0 0 0 0
814 2 0 0 0 0
815 2 0 0 0 0
816 2 0 0 0 0
817 2 0 0 0 0
818 2 0 0 0 0
819 2 0 0 0 0
820 2 0 0 0 0
821 2 0 0 0 0
822 2 0 0 0 0
823 2 0 0 0 0
824 2 0 0 0 0
825 2 0 0 0 0
826 2 0 0 0 0
827 2 0 0 0 0
828 2 0 0 0 0
829 2 0 0 0 0
830 2 0 0 0 0
831 2 0 0 0 0
832 2 0 0 0 0
833 2 0 0 0 0
834 2 0 0 0 0
835 2 0 0 0 0
836 2 0 0 0 0
837 2 0 0 0 0
838 2 0 0 0 0
839 2 0 0 0 0
840 2 0 0 0 0
841 2 0 0 0 0
842 2 0 0 0 0
843 2 0 0 0 0
844 2 0 0 0 0
845 2 0 0 0 0
846 2 0 0 0 0
847 2 0 0 0 0
848 2 0 0 0 0
849 2 0 0 0 0
850 2 0 0 0 0
851 2 0 0 0 0
852 2 0 0 0 0
853 2 0 0 0 0
854 2 0 0 0 0
855 2 0 0 0 0
856 2 0 0 0 0
857 2 0 0 0 0
858 2 0 0 0 0
859 2 0 0 0 0
860 2 0 0 0 0
861 2 0 0 0 0
862 2 0 0 0 1
863 2 0 0 0 1
864 2 0 0 0 1
865 2 0 0 0 1
866 2 0 0 0 1
867 2 0 0 0 1
868 2 0 0 0 1
869 2 0 0 0 1
870 2 0 0 0 1
871 2 0 0 0 1
872 2 0 0 0 1
873 2 0 0 0 1
874 2 0 0 0 1
875 2 0 0 0 1
876 2 0 0 0 1
877 2 0 0 0 0
878 2 0 0 0 0
879 2 0 0 0 0
880 2 0 0 0 0
881 2 0 0 0 0
882 2 0 0 0 0
883 2 0 0 0 0
884 2 0 0 0 0
885 2 0 0 0 0
886 2 0 0 0 0
887 2 0 0 0 0
888 2 0 0 0 0
889 2 0 0 0 0
890 2 0 0 0 0
891 2 0 0 0 0
892 2 0 0 0 0
893 2 0 0 0 0
894 2 0 0 0 0
895 2 0 0 0 0
896 2 0 0 0 0
897 2 0 0 0 0
898 2 0 0 0 0
899 2 0 0 0 0
900 2 0 0 0 0
901 2 0 0 0 0
902 2 0 0 0 0
903 2 0 0 0 0
904 2 0 0 0 0
905 2 0 0 0 0
906 2 0 0 0 0
907 2 0 0 0 1
908 2 0 0 0 1
909 2 0 0 0 1
910 2 0 0 0 1
911 2 0 0 0 1
912 2 0 0 0 1
913 2 0 0 0 1
914 2 0 0 0 1
915 2 0 0 0 1
916 2 0 0 0 1
917 2 0 0 0 1
918 2 0 0 0 1
919 2 0 0 0 1
920 2 0 0 0 1
921 2 0 0 0 1
922 2 0 2 0 1
923 2 0 2 0 1
924 2 0 2 0 1
925 2 0 2 0 1
926 2 0 2 0 1
927 2 0 2 0 1
928 2 0 2 0 1
929 2 0 2 0 1
930 2 0 2 0 1
931 2 0 2 0 1
932 2 0 2 0 1
933 2 0 2 0 1
934 2 0 0 0 1
935 2 0 0 0 1
936 2 0 0 0 1
937 2 0 3 0 1
938 2 0 3 0 1
939 2 0 3 0 1
940 2 0 3 0 1
941 2 0 3 0 1
942 2 0 3 0 1
943 2 0 3 0 1
944 2 0 3 0 1
945 2 0 3 0 1
946 2 0 3 0 1
947 2 0 3 0 1
948 2 0 3 0 1
949 2 0 3 0 1
950 2 0 3 0 1
951 2 0 3 0 1
952 0 0 3 0 1
953 0 0 3 0 1
954 0 0 3 0 1
955 0 0 3 0 1
956 0 0 3 0 1
957 0 0 3 0 1
958 0 0 3 0 1
959 0 0 3 0 1
960 0 0 3 0 1
961 0 0 3 0 1
962 0 0 3 0 1
963 0 0 3 0 1
964 0 0 3 0 1
965 0 0 3 0 1
966 0 0 3 0 1
967 0 0 3 0 1
968 0 0 3 0 1
969 0 0 3 0 1
970 0 0 3 0 1
971 0 0 3 0 1
972 0 0 3 0 1
973 0 0 3 0 1
974 0 0 3 0 1
975 0 0 3 0 1
976 0 0 3 0 1
977 0 0 3 0 1
978 0 0 3 0 1
979 0 0 3 0 1
980 0 0 3 0 1
981 0 0 3 0 1
982 0 0 3 0 1
983 0 0 3 0 1
984 0 0 3 0 1
985 0 0 3 0 1
986 0 0 3 0 1
987 0 0 3 0 1
988 0 0 3 0 1
989 0 0 3 0 1
990 0 0 3 0 1
991 0 0 3 0 1
992 0 0 3 0 1
993 0 0 3 0 1
994 0 0 0 0 1
995 0 0 0 0 1
996 0 0 0 0 1
997 0 0 0 0 1
998 0 0 0 0 1
999 0 0 0 0 1
1000 0 0 0 0 1
1001 0 0 0 0 1
1002 0 0 0 0 1
1003 0 0 0 0 1
1004 0 0 0 0 1
1005 0 0 0 0 1
1006 0 0 0 0 1
1007 0 0 0 0 1
1008 0 0 0 0 1
1009 0 0 2 0 1
1010 0 0 2 0 1
1011 0 0 2 0 1
1012 0 0 2 0 1
1013 0 0 2 0 1
1014 0 0 2 0 1
1015 0 0 2 0 1
1016 0 0 2 0 1
1017 0 0 2 0 1
1018 0 0 2 0 1
1019 0 0 2 0 1
1020 0 0 2 0 1
1021 0 0 2 0 1
1022 0 0 2 0 1
1023 0 0 2 0 1
1024 0 0 3 0 1
1025 0 0 3 0 1
1026 0 0 3 0 1
1027 0 0 3 0 1
1028 0 0 3 0 1
1029 0 0 3 0 1
1030 0 0 3 0 1
1031 0 0 3 0 1
1032 0 0 3 0 1
1033 0 0 3 0 1
1034 0 0 3 0 1
1035 0 0 3 0 1
1036 0 0 3 0 1
1037 0 0 3 0 1
1038 0 0 3 0 1
1039 0 0 2 0 1
1040 0 0 2 0 1
1041 0 0 2 0 1
1042 0 0 2 0 1
1043 0 0 2 0 1
1044 0 0 2 0 1
1045 0 0 2 0 1
1046 0 0 2 0 1
1047 0 0 2 0 1
1048 0 0 2 0 1
1049 0 0 2 0 1
1050 0 0 2 0 1
1051 0 0 2 0 1
1052 0 0 2 0 1
1053 0 0 2 0 1
1054 0 0 0 0 1
1055 0 0 0 0 1
1056 0 0 0 0 1
1057 0 0 0 0 1
1058 0 0 0 0 1
1059 0 0 0 0 1
1060 0 0 0 0 1
1061 0 0 0 0 1
1062 0 0 0 0 1
1063 0 0 0 0 1
1064 0 0 0 0 1
1065 0 0 0 0 1
1066 0 0 0 0 1
1067 0 0 0 0 1
1068 0 0 0 0 1
1069 0 0 2 0 1
1070 0 0 2 0 1
1071 0 0 2 0 1
1072 0 0 2 0 1
1073 0 0 2 0 1
1074 0 0 2 0 1
1075 0 0 2 0 1
1076 0 0 2 0 1
1077 0 0 2 0 1
1078 0 0 2 0 1
1079 0 0 2 0 1
1080 0 0 2 0 1
1081 0 0 2 0 1
1082 0 0 2 0 1
1083 0 0 2 0 1
1084 3 0 2 0 0
1085 3 0 2 0 0
1086 3 0 2 0 0
1087 3 0 2 0 0
1088 3 0 2 0 0
1089 3 0 2 0 0
1090 3 0 2 0 0
1091 3 0 2 0 0
1092 3 0 2 0 0
1093 3 0 2 0 0
1094 3 0 2 0 0
1095 3 0 2 0 0
1096 3 0 2 0 0
1097 3 0 2 0 0
1098 3 0 2 0 0
1099 0 0 0 0 0
1100 0 0 0 0 0
1101 0 0 0 0 0
1102 0 0 0 0 0
1103 0 0 0 0 0
1104 0 0 0 0 0
1105 0 0 0 0 0
1106 0 0 0 0 0
1107 0 0 0 0 0
1108 0 0 0 0 0
1109 0 0 0 0 0
1110 0 0 0 0 0
1111 0 0 0 0 0
1112 0 0 0 0 0
1113 0 0 0 0 0
1114 3 0 0 0 0
1115 3 0 0 0 0
1116 3 0 0 0 0
1117 3 0 0 0 0
1118 3 0 0 0 0
1119 3 0 0 0 0
1120 3 0 0 0 0
1121 3 0 0 0 0
1122 3 0 0 0 0
1123 3 0 2 0 0
1124 3 0 2 0 0
1125 3 0 2 0 0
1126 3 0 2 0 0
1127 3 0 2 0 0
1128 3 0 2 0 0
1129 3 0 2 0 0
1130 3 0 2 0 0
1131 3 0 2 0 0
1132 3 0 2 0 0
1133 3 0 2 0 0
1134 3 0 2 0 0
1135 3 0 2 0 0
1136 3 0 2 0 0
1137 3 0 2 0 0
1138 3 0 2 0 0
1139 3 0 2 0 0
1140 3 0 2 0 0
1141 3 0 2 0 0
1142 3 0 2 0 0
1143 3 0 2 0 0
1144 3 0 2 0 0
1145 3 0 2 0 0
1146 3 0 2 0 0
1147 3 0 2 0 0
1148 3 0 2 0 0
1149 3 0 2 0 0
1150 3 0 2 0 0
1151 3 0 2 0 0
1152 3 0 2 0 0
1153 3 0 0 0 0
1154 3 0 0 0 0
1155 3 0 0 0 0
1156 3 0 0 0 0
1157 3 0 0 0 0
1158 3 0 0 0 0
1159 3 0 0 0 0
1160 3 0 0 0 0
1161 3 0 0 0 0
1162 3 0 0 0 0
1163 3 0 0 0 0
1164 3 0 0 0 0
1165 3 0 0 0 0
1166 3 0 0 0 0
1167 3 0 0 0 0
1168 3 0 3 0 0
1169 3 0 3 0 0
1170 3 0 3 0 0
1171 3 0 3 0 0
1172 3 0 3 0 0
1173 3 0 3 0 0
1174 3 0 3 0 0
1175 3 0 3 0 0
1176 3 0 3 0 0
1177 3 0 3 0 0
1178 3 0 3 0 0
1179 3 0 3 0 0
1180 3 0 3 0 0
1181 3 0 3 0 0
1182 3 0 3 0 0
1183 3 0 3 0 0
1184 3 0 3 0 0
1185 3 0 3 0 0
1186 3 0 3 0 0
1187 3 0 3 0 0
1188 3 0 3 0 0
1189 2 0 0 0 0
1190 2 0 0 0 0
1191 2 0 0 0 0
1192 2 0 0 0 0
1193 2 0 0 0 0
1194 2 0 0 0 0
1195 2 0 0 0 0
1196 2 0 0 0 0
1197 2 0 0 0 0
1198 2 0 0 0 0
1199 2 0 0 0 0
1200 2 0 0 0 0
1201 2 0 0 0 0
1202 2 0 0 0 0
1203 2 0 0 0 0
1204 3 0 0 0 0
1205 3 0 0 0 0
1206 3 0 0 0 0
1207 3 0 0 0 0
1208 3 0 0 0 0
1209 3 0 0 0 0
1210 3 0 0 0 0
1211 3 0 0 0 0
1212 3 0 0 0 0
1213 3 0 0 0 0
1214 3 0 0 0 0
1215 3 0 0 0 0
1216 3 0 0 0 0
1217 3 0 0 0 0
1218 3 0 0 0 0
1219 2 0 3 0 0
1220 2 0 3 0 0
1221 2 0 3 0 0
1222 2 0 3 0 0
1223 2 0 3 0 0
1224 2 0 3 0 0
1225 2 0 3 0 0
1226 2 0 3 0 0
1227 2 0 3 0 0
1228 2 0 3 0 0
1229 2 0 3 0 0
1230 2 0 3 0 0
1231 2 0 3 0 0
1232 2 0 3 0 0
1233 2 0 3 0 0
1234 2 0 3 0 0
1235 2 0 3 0 0
1236 2 0 3 0 0
1237 2 0 3 0 0
1238 2 0 3 0 0
1239 2 0 3 0 0
1240 2 0 3 0 0
1241 2 0 3 0 0
1242 2 0 3 0 0
1243 2 0 3 0 0
1244 2 0 3 0 0
1245 2 0 3 0 0
1246 2 0 3 0 0
1247 2 0 3 0 0
1248 2 0 3 0 0
1249 2 0 3 0 0
1250 2 0 3 0 0
1251 2 0 3 0 0
1252 2 0 3 0 0
1253 2 0 3 0 0
1254 2 0 3 0 0
1255 2 0 3 0 0
1256 2 0 3 0 0
1257 2 0 3 0 0
1258 2 0 3 0 0
1259 2 0 3 0 0
1260 2 0 3 0 0
1261 2 0 3 0 0
1262 2 0 3 0 0
1263 2 0 3 0 0
1264 2 0 3 0 0
1265 2 0 3 0 0
1266 2 0 3 0 0
1267 2 0 3 0 0
1268 2 0 3 0 0
1269 2 0 3 0 0
1270 2 0 3 0 0
1271 2 0 3 0 0
1272 2 0 3 0 0
1273 2 0 3 0 0
1274 2 0 3 0 0
1275 2 0 3 0 0
1276 2 0 3 0 0
1277 2 0 3 0 0
1278 2 0 3 0 0
1279 2 0 3 0 0
1280 2 0 3 0 0
1281 2 0 3 0 0
1282 2 0 3 0 0
1283 2 0 3 0 0
1284 2 0 3 0 0
1285 2 0 3 0 0
1286 2 0 3 0 0
1287 2 0 3 0 0
1288 2 0 3 0 0
1289 2 0 3 0 0
1290 2 0 3 0 0
1291 2 0 3 0 0
1292 2 0 3 0 0
1293 2 0 3 0 0
1294 2 0 0 0 0
1295 2 0 0 0 0
1296 2 0 0 0 0
1297 2 0 0 0 0
1298 2 0 0 0 0
1299 2 0 0 0 0
1300 2 0 0 0 0
1301 2 0 0 0 0
1302 2 0 0 0 0
1303 2 0 0 0 0
1304 2 0 0 0 0
1305 2 0 0 0 0
1306 2 0 0 0 0
1307 2 0 0 0 0
1308 2 0 0 0 0
1309 2 0 0 0 0
1310 2 0 0 0 0
1311 2 0 0 0 0
1312 2 0 0 0 0
1313 2 0 0 0 0
1314 2 0 0 0 0
1315 2 0 0 0 0
1316 2 0 0 0 0
1317 2 0 0 0 0
1318 2 0 0 0 0
1319 2 0 0 0 0
1320 2 0 0 0 0
1321 2 0 0 0 0
1322 2 0 0 0 0
1323 2 0 0 0 0
1324 0 0 3 0 1
1325 0 0 3 0 1
1326 0 0 3 0 1
1327 0 0 3 0 1
1328 0 0 3 0 1
1329 0 0 3 0 1
1330 0 0 3 0 1
1331 0 0 3 0 1
1332 0 0 3 0 1
1333 0 0 3 0 1
1334 0 0 3 0 1
1335 0 0 3 0 1
1336 0 0 3 0 1
1337 0 0 3 0 1
1338 0 0 3 0 1
1339 0 0 0 0 1
1340 0 0 0 0 1
1341 0 0 0 0 1
1342 0 0 0 0 1
1343 0 0 0 0 1
1344 0 0 0 0 1
1345 0 0 0 0 1
1346 0 0 0 0 1
1347 0 0 0 0 1
1348 0 0 0 0 1
1349 0 0 0 0 1
1350 0 0 0 0 1
1351 0 0 0 0 1
1352 0 0 0 0 1
1353 0 0 0 0 1
1354 0 0 0 0 0
1355 0 0 0 0 0
1356 0 0 0 0 0
1357 0 0 0 0 0
1358 0 0 0 0 0
1359 0 0 0 0 0
1360 0 0 0 0 0
1361 0 0 0 0 0
1362 0 0 0 0 0
1363 0 0 0 0 0
1364 0 0 0 0 0
1365 0 0 0 0 0
1366 0 0 0 0 0
1367 0 0 0 0 0
1368 0 0 0 0 0
1369 0 0 0 0 1
1370 0 0 0 0 1
1371 0 0 0 0 1
1372 0 0 0 0 1
1373 0 0 0 0 1
1374 0 0 0 0 1
1375 0 0 0 0 1
1376 0 0 0 0 1
1377 0 0 0 0 1
1378 0 0 0 0 1
1379 0 0 0 0 1
1380 0 0 0 0 1
1381 0 0 0 0 1
1382 0 0 0 0 1
1383 0 0 0 0 1
1384 0 0 2 0 0
1385 0 0 2 0 0
1386 0 0 2 0 0
1387 0 0 2 0 0
1388 0 0 2 0 0
1389 0 0 2 0 0
1390 0 0 2 0 0
1391 0 0 2 0 0
1392 0 0 2 0 0
1393 0 0 2 0 0
1394 0 0 2 0 0
1395 0 0 2 0 0
1396 0 0 2 0 0
1397 0 0 2 0 0
1398 0 0 2 0 0
1399 0 0 2 0 1
1400 0 0 2 0 1
1401 0 0 2 0 1
1402 0 0 2 0 1
1403 0 0 2 0 1
1404 0 0 2 0 1
1405 0 0 2 0 1
1406 0 0 2 0 1
1407 0 0 2 0 1
1408 0 0 2 0 1
1409 0 0 2 0 1
1410 0 0 2 0 1
1411 0 0 2 0 1
1412 0 0 2 0 1
1413 0 0 2 0 1
1414 0 0 0 0 0
1415 0 0 0 0 0
1416 0 0 0 0 0
1417 0 0 0 0 0
1418 0 0 0 0 0
1419 0 0 0 0 0
1420 0 0 0 0 0
1421 0 0 0 0 0
1422 0 0 0 0 0
1423 0 0 0 0 0
1424 0 0 0 0 0
1425 0 0 0 0 0
1426 0 0 0 0 0
1427 0 0 0 0 0
1428 0 0 0 0 0
1429 0 0 0 0 1
1430 0 0 0 0 1
1431 0 0 0 0 1
1432 0 0 0 0 1
1433 0 0 0 0 1
1434 0 0 0 0 1
1435 0 0 0 0 1
1436 0 0 0 0 1
1437 0 0 0 0 1
1438 0 0 0 0 1
1439 0 0 0 0 1
1440 0 0 0 0 1
1441 0 0 0 0 1
1442 0 0 0 0 1
1443 0 0 0 0 1
1444 0 0 2 0 1
1445 0 0 2 0 1
1446 0 0 2 0 1
1447 0 0 2 0 1
1448 0 0 2 0 1
1449 0 0 2 0 1
1450 0 0 2 0 1
1451 0 0 2 0 1
1452 0 0 2 0 1
1453 0 0 2 0 1
1454 0 0 2 0 1
1455 0 0 2 0 1
1456 0 0 2 0 1
1457 0 0 2 0 1
1458 0 0 2 0 1
1459 0 0 0 0 1
1460 0 0 0 0 1
1461 0 0 0 0 1
1462 0 0 0 0 1
1463 0 0 0 0 1
1464 0 0 0 0 1
1465 0 0 0 0 1
1466 0 0 0 0 1
1467 0 0 0 0 1
1468 0 0 0 0 1
1469 0 0 0 0 1
1470 0 0 0 0 1
1471 0 0 0 0 1
1472 0 0 0 0 1
1473 0 0 0 0 1
1474 0 0 2 0 0
1475 0 0 2 0 0
1476 0 0 2 0 0
1477 0 0 2 0 0
1478 0 0 2 0 0
1479 0 0 2 0 0
1480 0 0 2 0 0
1481 0 0 2 0 0
1482 0 0 2 0 0
1483 0 0 2 0 0
1484 0 0 2 0 0
1485 0 0 2 0 0
1486 0 0 2 0 0
1487 0 0 2 0 0
1488 0 0 2 0 0
1489 0 0 2 0 1
1490 0 0 2 0 1
1491 0 0 2 0 1
1492 0 0 2 0 1
1493 0 0 2 0 1
1494 0 0 2 0 1
1495 0 0 2 0 1
1496 0 0 2 0 1
1497 0 0 2 0 1
1498 0 0 2 0 1
1499 0 0 2 0 1
1500 0 0 2 0 1
1501 0 0 2 0 1
1502 0 0 2 0 1
1503 0 0 2 0 1
1504 0 0 2 0 0
1505 0 0 2 0 0
1506 0 0 2 0 0
1507 0 0 2 0 0
1508 0 0 2 0 0
1509 0 0 2 0 0
1510 0 0 2 0 0
1511 0 0 2 0 0
1512 0 0 2 0 0
1513 0 0 2 0 0
1514 0 0 2 0 0
1515 0 0 2 0 0
1516 0 0 2 0 0
1517 0 0 2 0 0
1518 0 0 2 0 0
1519 0 0 2 0 0
1520 0 0 2 0 0
1521 0 0 2 0 0
1522 0 0 2 0 0
1523 0 0 2 0 0
1524 0 0 2 0 0
1525 0 0 2 0 0
1526 0 0 2 0 0
1527 0 0 2 0 0
1528 0 0 2 0 0
1529 0 0 2 0 0
1530 0 0 2 0 0
1531 0 0 2 0 0
1532 0 0 2 0 0
1533 0 0 2 0 0
1534 0 0 2 0 1
1535 0 0 2 0 1
1536 0 0 2 0 1
1537 0 0 2 0 1
1538 0 0 2 0 1
1539 0 0 2 0 1
1540 0 0 2 0 1
1541 0 0 2 0 1
1542 0 0 2 0 1
1543 0 0 2 0 1
1544 0 0 2 0 1
1545 0 0 2 0 1
1546 0 0 2 0 1
1547 0 0 2 0 1
1548 0 0 2 0 1
1549 0 0 2 0 1
1550 0 0 2 0 1
1551 0 0 2 0 1
1552 0 0 2 0 1
1553 0 0 2 0 1
1554 0 0 2 0 1
1555 0 0 2 0 1
1556 0 0 2 0 1
1557 0 0 2 0 1
1558 0 0 2 0 1
1559 0 0 2 0 1
1560 0 0 2 0 1
1561 0 0 2 0 1
1562 0 0 2 0 1
1563 0 0 2 0 1
1564 0 0 0 0 0
1565 0 0 0 0 0
1566 0 0 0 0 0
1567 0 0 0 0 0
1568 0 0 0 0 0
1569 0 0 0 0 0
1570 0 0 0 0 0
1571 0 0 0 0 0
1572 0 0 0 0 0
1573 0 0 0 0 0
1574 0 0 0 0 0
1575 0 0 0 0 0
1576 0 0 0 0 0
1577 0 0 0 0 0
1578 0 0 0 0 0
1579 0 0 0 0 1
1580 0 0 0 0 1
1581 0 0 0 0 1
1582 0 0 0 0 1
1583 0 0 0 0 1
1584 0 0 0 0 1
1585 0 0 0 0 1
1586 0 0 0 0 1
1587 0 0 0 0 1
1588 0 0 0 0 1
1589 0 0 0 0 1
1590 0 0 0 0 1
1591 0 0 0 0 1
1592 0 0 0 0 1
1593 0 0 0 0 1
1594 0 0 0 0 1
1595 0 0 0 0 1
1596 0 0 0 0 1
1597 0 0 0 0 1
1598 0 0 0 0 1
1599 0 0 0 0 1
1600 0 0 0 0 1
1601 0 0 0 0 1
1602 0 0 0 0 1
1603 0 0 0 0 1
1604 0 0 0 0 1
1605 0 0 0 0 1
1606 0 0 0 0 1
1607 0 0 0 0 1
1608 0 0 0 0 1
1609 0 0 0 0 1
1610 0 0 0 0 1
1611 0 0 0 0 1
1612 0 0 0 0 1
1613 0 0 0 0 1
1614 0 0 0 0 1
1615 0 0 0 0 1
1616 0 0 0 0 1
1617 0 0 0 0 1
1618 0 0 0 0 1
1619 0 0 0 0 1
1620 0 0 0 0 1
1621 0 0 0 0 1
1622 0 0 0 0 1
1623 0 0 0 0 1
1624 0 0 0 0 1
1625 0 0 0 0 1
1626 0 0 0 0 1
1627 2 0 0 0 1
1628 2 0 0 0 1
1629 2 0 0 0 1
1630 2 0 0 0 1
1631 2 0 0 0 1
1632 2 0 0 0 1
1633 2 0 0 0 1
1634 2 0 0 0 1
1635 2 0 0 0 1
1636 2 0 0 0 1
1637 2 0 0 0 1
1638 2 0 0 0 1
1639 2 0 0 0 1
1640 2 0 0 0 1
1641 2 0 0 0 1
1642 3 0 0 0 1
1643 3 0 0 0 1
1644 3 0 0 0 1
1645 3 0 0 0 1
1646 3 0 0 0 1
1647 3 0 0 0 1
1648 3 0 0 0 1
1649 3 0 0 0 1
1650 3 0 0 0 1
1651 3 0 0 0 1
1652 3 0 0 0 1
1653 3 0 0 0 1
1654 3 0 0 0 1
1655 3 0 0 0 1
1656 3 0 0 0 1
1657 3 0 0 0 1
1658 3 0 0 0 1
1659 3 0 0 0 1
1660 3 0 0 0 1
1661 3 0 0 0 1
1662 3 0 0 0 1
1663 3 0 0 0 1
1664 3 0 0 0 1
1665 3 0 0 0 1
1666 3 0 0 0 1
1667 2 0 3 0 1
1668 2 0 3 0 1
1669 2 0 3 0 1
1670 2 0 3 0 1
1671 2 0 3 0 1
1672 2 0 3 0 1
1673 2 0 3 0 1
1674 2 0 3 0 1
1675 2 0 3 0 1
1676 2 0 3 0 1
1677 2 0 3 0 1
1678 2 0 3 0 1
1679 2 0 3 0 1
1680 2 0 3 0 1
1681 2 0 3 0 1
1682 2 0 3 0 1
1683 2 0 3 0 1
1684 2 0 3 0 1
1685 2 0 3 0 1
1686 2 0 3 0 1
1687 2 0 3 0 1
1688 2 0 3 0 1
1689 2 0 3 0 1
1690 2 0 3 0 1
1691 2 0 3 0 1
1692 2 0 3 0 1
1693 2 0 3 0 1
1694 2 0 3 0 1
1695 2 0 3 0 1
1696 2 0 3 0 1
1697 2 0 3 0 1
1698 2 0 3 0 1
1699 2 0 3 0 1
1700 3 0 0 0 1
1701 3 0 0 0 1
1702 3 0 0 0 1
1703 3 0 0 0 1
1704 3 0 0 0 1
1705 3 0 0 0 1
1706 3 0 0 0 1
1707 3 0 0 0 1
1708 0 0 0 0 0
1709 0 0 0 0 0
1710 0 0 0 0 0
1711 0 0 3 0 0
1712 0 0 3 0 0
1713 0 0 3 0 0
1714 0 0 3 0 0
1715 0 0 3 0 0
1716 0 0 3 0 0
1717 0 0 3 0 0
1718 0 0 3 0 0
1719 0 0 3 0 0
1720 0 0 3 0 0
1721 0 0 3 0 0
1722 0 0 3 0 0
1723 0 0 3 0 0
1724 0 0 3 0 0
1725 0 0 3 0 0
1726 0 0 3 0 0
1727 0 0 3 0 0
1728 0 0 3 0 0
1729 0 0 3 0 0
1730 0 0 3 0 0
1731 0 0 3 0 0
1732 0 0 3 0 0
1733 0 0 3 0 0
1734 0 0 3 0 0
1735 0 0 3 0 0
1736 0 0 3 0 0
1737 0 0 3 0 0
1738 0 0 3 0 0
1739 0 0 3 0 0
1740 0 0 3 0 0
1741 0 0 0 0 0
1742 0 0 0 0 0
1743 0 0 0 0 0
1744 0 0 0 0 0
1745 0 0 0 0 0
1746 0 0 0 0 0
1747 0 0 0 0 0
1748 0 0 0 0 0
1749 0 0 0 0 0
1750 0 0 0 0 0
1751 0 0 0 0 0
1752 0 0 0 0 0
1753 0 0 0 0 0
1754 0 0 0 0 0
1755 0 0 0 0 0
1756 0 0 0 0 0
1757 0 0 0 0 0
1758 0 0 0 0 0
1759 0 0 0 0 0
1760 0 0 0 0 0
1761 0 0 0 0 0
1762 0 0 0 0 0
1763 0 0 0 0 0
1764 0 0 0 0 0
1765 0 0 0 0 0
1766 0 0 0 0 0
1767 0 0 0 0 0
1768 0 0 0 0 0
1769 0 0 0 0 0
1770 0 0 0 0 0
1771 0 0 0 0 0
1772 0 0 0 0 0
1773 0 0 0 0 0
1774 0 0 0 0 0
1775 0 0 0 0 0
1776 0 0 0 0 0
1777 0 0 0 0 0
1778 0 0 0 0 0
1779 0 0 0 0 0
1780 0 0 0 0 0
1781 0 0 0 0 0
1782 0 0 0 0 0
1783 0 0 0 0 0
1784 0 0 0 0 0
1785 0 0 0 0 0
1786 0 0 0 0 0
1787 0 0 0 0 0
1788 0 0 0 0 0
1789 0 0 0 0 0
1790 0 0 0 0 0
1791 0 0 0 0 0
1792 0 0 0 0 0
1793 0 0 0 0 0
1794 0 2 0 0 0
1795 0 2 0 0 0
1796 0 2 0 0 0
1797 0 2 0 0 0
1798 0 2 0 0 0
1799 0 2 0 0 0
1800 0 2 0 0 0
1801 0 2 0 0 0
1802 0 2 0 0 0
1803 0 2 0 0 0
1804 0 2 0 0 0
1805 0 2 0 0 0
1806 0 2 0 0 0
1807 0 2 0 0 0
1808 0 2 0 0 0
1809 0 0 0 0 0
1810 0 0 0 0 0
1811 0 0 0 0 0
1812 0 0 0 0 0
1813 0 0 0 0 0
1814 0 0 0 0 0
1815 0 0 0 0 0
1816 0 0 0 0 0
1817 0 0 0 0 0
1818 0 0 0 0 0
1819 0 0 0 0 0
1820 0 0 0 0 0
1821 0 0 0 0 0
1822 0 0 0 0 0
1823 0 0 0 0 0
1824 0 2 3 0 1
1825 0 2 3 0 1
1826 0 2 3 0 1
1827 0 2 3 0 1
1828 0 2 3 0 1
1829 0 2 3 0 1
1830 0 2 3 0 1
1831 0 2 3 0 1
1832 0 2 3 0 1
1833 0 2 3 0 1
1834 0 2 3 0 1
1835 0 2 3 0 1
1836 0 2 3 0 1
1837 0 2 3 0 1
1838 0 2 3 0 1
1839 2 0 0 0 1
1840 2 0 0 0 1
1841 2 0 0 0 1
1842 2 0 0 0 1
1843 2 0 0 0 1
1844 2 0 0 0 1
1845 2 0 0 0 1
1846 2 0 0 0 1
1847 2 0 0 0 1
1848 2 0 0 0 1
1849 2 0 0 0 1
1850 2 0 0 0 1
1851 2 0 0 0 1
1852 2 0 0 0 1
1853 2 0 0 0 1
1854 0 2 3 0 1
1855 0 2 3 0 1
1856 0 2 3 0 1
1857 0 2 3 0 1
1858 0 2 3 0 1
1859 0 2 3 0 1
1860 0 2 3 0 1
1861 0 2 3 0 1
1862 0 2 3 0 1
1863 0 2 3 0 1
1864 0 2 3 0 1
1865 0 2 3 0 1
1866 0 2 3 0 1
1867 0 2 3 0 1
1868 0 2 3 0 1
1869 2 0 0 0 1
1870 2 0 0 0 1
1871 2 0 0 0 1
1872 2 0 0 0 1
1873 2 0 0 0 1
1874 2 0 0 0 1
1875 2 0 0 0 1
1876 2 0 0 0 1
1877 2 0 0 0 1
1878 2 0 0 0 1
1879 2 0 0 0 1
1880 2 0 0 0 1
1881 2 0 0 0 1
1882 2 0 0 0 1
1883 2 0 0 0 1
1884 2 0 0 0 1
1885 2 0 0 0 1
1886 2 0 0 0 1
1887 2 0 0 0 1
1888 2 0 0 0 1
1889 2 0 0 0 1
1890 2 0 0 0 1
1891 2 0 0 0 1
1892 2 0 0 0 1
1893 2 0 0 0 1
1894 2 0 0 0 1
1895 2 0 0 0 1
1896 2 0 0 0 1
1897 2 0 0 0 1
1898 2 0 0 0 1
1899 2 0 0 0 1
1900 2 0 0 0 1
1901 2 0 0 0 1
1902 2 0 0 0 1
1903 2 0 0 0 1
1904 2 0 0 0 1
1905 2 0 0 0 1
1906 2 0 0 0 1
1907 2 0 0 0 1
1908 2 0 0 0 1
1909 2 0 0 0 1
1910 2 0 0 0 1
1911 2 0 0 0 1
1912 2 0 0 0 1
1913 2 0 0 0 1
1914 2 0 0 0 0
1915 2 0 0 0 0
1916 2 0 0 0 0
1917 2 0 0 0 0
1918 2 0 0 0 0
1919 2 0 0 0 0
1920 2 0 0 0 0
1921 2 0 0 0 0
1922 2 0 0 0 0
1923 2 0 0 0 0
1924 2 0 0 0 0
1925 2 0 0 0 0
1926 2 0 0 0 0
1927 2 0 0 0 0
1928 2 0 0 0 0
1929 2 0 0 0 0
1930 2 0 0 0 0
1931 2 0 0 0 0
1932 2 0 0 0 0
1933 2 0 0 0 0
1934 2 0 0 0 0
1935 2 0 0 0 0
1936 2 0 0 0 0
1937 2 0 0 0 0
1938 2 0 0 0 0
1939 2 0 0 0 0
1940 2 0 0 0 0
1941 2 0 0 0 0
1942 2 0 0 0 0
1943 2 0 0 0 0
1944 2 0 0 0 1
1945 2 0 0 0 1
1946 2 0 0 0 1
1947 2 0 0 0 1
1948 2 0 0 0 1
1949 2 0 0 0 1
1950 2 0 0 0 1
1951 2 0 0 0 1
1952 2 0 0 0 1
1953 2 0 0 0 1
1954 2 0 0 0 1
1955 2 0 0 0 1
1956 2 0 0 0 1
1957 2 0 0 0 1
1958 2 0 0 0 1
1959 2 0 0 0 1
1960 2 0 0 0 1
1961 2 0 0 0 1
1962 2 0 0 0 1
1963 2 0 0 0 1
1964 2 0 0 0 1
1965 2 0 0 0 1
1966 2 0 0 0 1
1967 2 0 0 0 1
1968 2 0 0 0 1
1969 2 0 0 0 1
1970 2 0 0 0 1
1971 2 0 0 0 1
1972 2 0 0 0 1
1973 2 0 0 0 1
1974 2 0 0 0 1
1975 2 0 0 0 1
1976 2 0 0 0 1
1977 2 0 0 0 1
1978 2 0 0 0 1
1979 2 0 0 0 1
1980 2 0 0 0 1
1981 2 0 0 0 1
1982 2 0 0 0 1
1983 2 0 0 0 1
1984 2 0 0 0 1
1985 2 0 0 0 1
1986 2 0 0 0 1
1987 2 0 0 0 1
1988 2 0 0 0 1
1989 2 0 0 0 1
1990 2 0 0 0 1
1991 2 0 0 0 1
1992 2 0 0 0 1
1993 2 0 0 0 1
1994 2 0 0 0 1
1995 2 0 0 0 1
1996 2 0 0 0 1
1997 2 0 0 0 1
1998 2 0 0 0 1
1999 2 0 0 0 1
2000 2 0 0 0 1
2001 2 0 0 0 1
2002 2 0 0 0 1
2003 2 0 0 0 1
2004 2 0 0 0 1
2005 2 0 0 0 1
2006 2 0 0 0 1
2007 2 0 0 0 1
2008 2 0 0 0 1
2009 2 0 0 0 1
2010 2 0 0 0 1
2011 2 0 0 0 1
2012 2 0 0 0 1
2013 2 0 0 0 1
2014 2 0 0 0 1
2015 2 0 0 0 1
2016 2 0 0 0 1
2017 2 0 0 0 1
2018 2 0 0 0 1
2019 2 0 0 0 1
2020 2 0 0 0 1
2021 2 0 0 0 1
2022 2 0 0 0 1
2023 2 0 0 0 1
2024 2 0 0 0 1
2025 2 0 0 0 1
2026 2 0 0 0 1
2027 2 0 0 0 1
2028 2 0 0 0 1
2029 2 0 0 0 1
2030 2 0 0 0 1
2031 2 0 0 0 1
2032 2 0 0 0 1
2033 2 0 0 0 1
2034 2 0 0 0 1
2035 2 0 0 0 1
2036 2 0 0 0 1
2037 2 0 0 0 1
2038 2 0 0 0 1
2039 2 0 0 0 1
2040 2 0 0 0 1
2041 2 0 0 0 1
2042 2 0 0 0 1
2043 2 0 0 0 1
2044 2 0 0 0 1
2045 2 0 0 0 1
2046 2 0 0 0 1
2047 2 0 0 0 1
2048 2 0 0 0 1
2049 2 0 0 0 1
2050 2 0 0 0 1
2051 2 0 0 0 1
2052 2 0 0 0 1
2053 2 0 0 0 1
2054 2 0 0 0 1
2055 2 0 0 0 1
2056 2 0 0 0 1
2057 2 0 0 0 1
2058 2 0 0 0 1
2059 2 0 0 0 1
2060 2 0 0 0 1
2061 2 0 0 0 1
2062 2 0 0 0 1
2063 2 0 0 0 1
2064 2 0 0 0 1
2065 2 0 0 0 1
2066 0 0 0 0 0
2067 0 0 0 0 0
2068 0 0 0 0 0
2069 0 0 3 0 0
2070 0 0 3 0 0
2071 0 0 3 0 0
2072 0 0 3 0 0
2073 0 0 3 0 0
2074 0 0 3 0 0
2075 0 0 3 0 0
2076 0 0 3 0 0
2077 0 0 3 0 0
2078 0 0 3 0 0
2079 0 0 3 0 0
2080 0 0 3 0 0
2081 0 0 3 0 0
2082 0 0 3 0 0
2083 0 0 3 0 0
2084 2 0 0 0 0
2085 2 0 0 0 0
2086 2 0 0 0 0
2087 2 0 0 0 0
2088 2 0 0 0 0
2089 2 0 0 0 0
2090 2 0 0 0 0
2091 2 0 0 0 0
2092 2 0 0 0 0
2093 2 0 0 0 0
2094 2 0 0 0 0
2095 2 0 0 0 0
2096 2 0 0 0 0
2097 2 0 0 0 0
2098 2 0 0 0 0
2099 2 0 2 0 0
2100 2 0 2 0 0
2101 2 0 2 0 0
2102 2 0 2 0 0
2103 2 0 2 0 0
2104 2 0 2 0 0
2105 2 0 2 0 0
2106 2 0 2 0 0
2107 2 0 2 0 0
2108 2 0 2 0 0
2109 2 0 2 0 0
2110 2 0 2 0 0
2111 2 0 2 0 0
2112 2 0 2 0 0
2113 2 0 2 0 0
2114 2 0 2 0 1
2115 2 0 2 0 1
2116 2 0 2 0 1
2117 2 0 2 0 1
2118 2 0 2 0 1
2119 2 0 2 0 1
2120 2 0 2 0 1
2121 2 0 2 0 1
2122 2 0 2 0 1
2123 2 0 2 0 1
2124 2 0 2 0 1
2125 2 0 2 0 1
2126 2 0 2 0 1
2127 2 0 2 0 1
2128 2 0 2 0 1
2129 0 0 2 0 0
2130 0 0 2 0 0
2131 0 0 2 0 0
2132 0 0 2 0 0
2133 0 0 2 0 0
2134 0 0 2 0 0
2135 0 0 2 0 0
2136 0 0 2 0 0
2137 0 0 2 0 0
2138 0 0 2 0 0
2139 0 0 2 0 0
2140 0 0 2 0 0
2141 0 0 2 0 0
2142 0 0 2 0 0
2143 0 0 2 0 0
2144 0 0 2 0 0
2145 0 0 2 0 0
2146 0 0 2 0 0
2147 0 0 2 0 0
2148 0 0 2 0 0
2149 0 0 2 0 0
2150 0 0 2 0 0
2151 0 0 2 0 0
2152 0 0 2 0 0
2153 0 0 2 0 0
2154 2 0 0 0 0
2155 2 0 0 0 0
2156 2 0 0 0 0
2157 2 0 0 0 0
2158 2 0 0 0 0
2159 2 0 0 0 0
2160 2 0 0 0 0
2161 2 0 0 0 0
2162 2 0 0 0 0
2163 2 0 0 0 0
2164 2 0 0 0 0
2165 2 0 0 0 0
2166 2 0 0 0 0
2167 2 0 0 0 0
2168 2 0 0 0 0
2169 2 0 0 0 1
2170 2 0 0 0 1
2171 2 0 0 0 1
2172 2 0 0 0 1
2173 2 0 0 0 1
2174 2 0 0 0 1
2175 2 0 0 0 1
2176 2 0 0 0 1
2177 2 0 0 0 1
2178 2 0 0 0 1
2179 2 0 0 0 1
2180 2 0 0 0 1
2181 2 0 0 0 1
2182 2 0 0 0 1
2183 2 0 0 0 1
2184 2 0 0 0 0
2185 2 0 0 0 0
2186 2 0 0 0 0
2187 2 0 0 0 0
2188 2 0 0 0 0
2189 2 0 0 0 0
2190 2 0 0 0 0
2191 2 0 0 0 0
2192 2 0 0 0 0
2193 2 0 0 0 0
2194 2 0 0 0 0
2195 2 0 0 0 0
2196 2 0 0 0 0
2197 2 0 0 0 0
2198 2 0 0 0 0
2199 0 0 0 0 0
2200 0 0 0 0 0
2201 0 0 0 0 0
2202 0 0 0 0 0
2203 0 0 0 0 0
2204 0 0 0 0 0
2205 0 0 0 0 0
2206 0 0 0 0 0
2207 0 0 0 0 0
2208 0 0 0 0 0
2209 0 0 0 0 0
2210 0 0 0 0 0
2211 0 0 0 0 0
2212 0 0 0 0 0
2213 0 0 0 0 0
2214 2 0 0 0 0
2215 2 0 0 0 0
2216 2 0 0 0 0
2217 2 0 0 0 0
2218 2 0 0 0 0
2219 2 0 0 0 0
2220 2 0 0 0 0
2221 2 0 0 0 0
2222 2 0 0 0 0
2223 2 0 0 0 0
2224 2 0 0 0 0
2225 2 0 0 0 0
2226 2 0 0 0 0
2227 2 0 0 0 0
2228 2 0 0 0 0
2229 2 0 0 0 0
2230 2 0 0 0 0
2231 2 0 0 0 0
2232 2 0 2 0 0
2233 2 0 2 0 0
2234 2 0 2 0 0
2235 2 0 2 0 0
2236 2 0 2 0 0
2237 2 0 2 0 0
2238 2 0 2 0 0
2239 2 0 2 0 0
2240 2 0 2 0 0
2241 2 0 2 0 0
2242 2 0 2 0 0
2243 2 0 2 0 0
2244 2 0 2 0 0
2245 2 0 2 0 0
2246 2 0 2 0 0
2247 2 0 2 0 0
2248 2 0 2 0 0
2249 2 0 2 0 0
2250 2 0 2 0 0
2251 2 0 2 0 0
2252 2 0 2 0 0
2253 2 0 2 0 0
2254 2 0 2 0 0
2255 2 0 2 0 0
2256 2 0 2 0 0
2257 2 0 2 0 0
2258 2 0 2 0 0
2259 2 0 2 0 0
2260 2 0 2 0 0
2261 2 0 2 0 0
2262 2 0 2 0 0
2263 2 0 2 0 0
2264 2 0 2 0 0
2265 2 0 2 0 0
2266 2 0 2 0 0
2267 2 0 2 0 0
2268 2 0 2 0 0
2269 2 0 2 0 0
2270 2 0 2 0 0
2271 2 0 2 0 0
2272 2 0 2 0 0
2273 2 0 2 0 0
2274 2 0 2 0 0
2275 2 0 2 0 0
2276 2 0 2 0 0
2277 2 0 2 0 0
2278 2 0 2 0 0
2279 2 0 2 0 0
2280 2 0 2 0 0
2281 2 0 2 0 0
2282 2 0 2 0 0
2283 2 0 2 0 0
2284 2 0 2 0 0
2285 2 0 2 0 0
2286 2 0 2 0 0
2287 2 0 2 0 0
2288 2 0 2 0 0
2289 2 0 2 0 0
2290 2 0 2 0 0
2291 2 0 2 0 0
2292 2 0 2 0 0
2293 2 0 2 0 0
2294 2 0 2 0 0
2295 2 0 2 0 0
2296 2 0 2 0 0
2297 2 0 2 0 0
2298 2 0 2 0 0
2299 2 0 2 0 0
2300 2 0 2 0 0
2301 2 0 2 0 0
2302 2 0 2 0 0
2303 2 0 2 0 0
2304 2 0 0 0 0
2305 2 0 0 0 0
2306 2 0 0 0 0
2307 2 0 0 0 0
2308 2 0 0 0 0
2309 2 0 0 0 0
2310 2 0 0 0 0
2311 2 0 0 0 0
2312 2 0 0 0 0
2313 2 0 0 0 0
2314 2 0 0 0 0
2315 2 0 0 0 0
2316 2 0 0 0 0
2317 2 0 0 0 0
2318 2 0 0 0 0
2319 0 0 0 0 0
2320 0 0 0 0 0
2321 0 0 0 0 0
2322 0 0 0 0 0
2323 0 0 0 0 0
2324 0 0 0 0 0
2325 0 0 0 0 0
2326 0 0 0 0 0
2327 0 0 0 0 0
2328 0 0 0 0 0
2329 0 0 0 0 0
2330 0 0 0 0 0
2331 0 0 0 0 0
2332 0 0 0 0 0
2333 0 0 0 0 0
2334 0 0 0 0 0
2335 0 0 0 0 0
2336 0 0 0 0 0
2337 0 0 0 0 0
2338 0 0 0 0 0
2339 0 0 0 0 0
2340 0 0 0 0 0
2341 0 0 0 0 0
2342 0 0 0 0 0
2343 0 0 0 0 0
2344 0 0 0 0 0
2345 0 0 0 0 0
2346 0 0 0 0 0
2347 0 0 0 0 0
2348 0 0 0 0 0
2349 0 2 0 0 1
2350 0 2 0 0 1
2351 0 2 0 0 1
2352 0 2 0 0 1
2353 0 2 0 0 1
2354 0 2 0 0 1
2355 0 2 0 0 1
2356 0 2 0 0 1
2357 0 2 0 0 1
2358 0 2 0 0 1
2359 0 2 0 0 1
2360 0 2 0 0 1
2361 0 2 0 0 1
2362 0 2 0 0 1
2363 0 2 0 0 1
2364 0 2 0 0 1
2365 0 2 0 0 1
2366 0 2 0 0 1
2367 0 2 0 0 1
2368 0 2 0 0 1
2369 0 2 0 0 1
2370 0 2 0 0 1
2371 0 2 0 0 1
2372 0 2 0 0 1
2373 0 2 0 0 1
2374 0 2 0 0 1
2375 0 2 0 0 1
2376 0 2 0 0 1
2377 0 2 0 0 1
2378 0 2 0 0 1
2379 2 0 0 0 0
2380 2 0 0 0 0
2381 2 0 0 0 0
2382 2 0 0 0 0
2383 2 0 0 0 0
2384 2 0 0 0 0
2385 2 0 0 0 0
2386 2 0 0 0 0
2387 2 0 0 0 0
2388 2 0 0 0 0
2389 2 0 0 0 0
2390 2 0 0 0 0
2391 2 0 0 0 0
2392 2 0 0 0 0
2393 2 0 0 0 0
2394 2 0 0 0 0
2395 2 0 0 0 0
2396 2 0 0 0 0
2397 2 0 0 0 0
2398 2 0 0 0 0
2399 2 0 0 0 0
2400 2 0 0 0 0
2401 2 0 0 0 0
2402 2 0 0 0 0
2403 2 0 0 0 0
2404 2 0 0 0 0
2405 2 0 0 0 0
2406 0 0 0 0 0
2407 0 0 0 0 0
2408 0 0 0 0 0
2409 0 0 3 0 0
2410 0 0 3 0 0
2411 0 0 3 0 0
2412 0 0 3 0 0
2413 0 0 3 0 0
2414 0 0 3 0 0
2415 0 0 3 0 0
2416 0 0 3 0 0
2417 0 0 3 0 0
2418 0 0 3 0 0
2419 0 0 3 0 0
2420 0 0 3 0 0
2421 0 0 3 0 0
2422 0 0 3 0 0
2423 0 0 3 0 0
2424 0 0 0 0 0
2425 0 0 0 0 0
2426 0 0 0 0 0
2427 0 0 0 0 0
2428 0 0 0 0 0
2429 0 0 0 0 0
2430 0 0 0 0 0
2431 0 0 0 0 0
2432 0 0 0 0 0
2433 0 0 0 0 0
2434 0 0 0 0 0
2435 0 0 0 0 0
2436 0 0 0 0 0
2437 0 0 0 0 0
2438 0 0 0 0 0
2439 0 0 0 0 0
2440 0 0 0 0 0
2441 0 0 0 0 0
2442 0 0 0 0 0
2443 0 0 0 0 0
2444 0 0 0 0 0
2445 0 0 0 0 0
2446 0 0 0 0 0
2447 0 0 0 0 0
2448 0 0 0 0 0
2449 0 0 0 0 0
2450 0 0 0 0 0
2451 0 0 0 0 0
2452 0 0 0 0 0
2453 0 0 0 0 0
2454 0 0 0 0 0
2455 0 0 0 0 0
2456 0 0 0 0 0
2457 0 0 0 0 0
2458 0 0 0 0 0
2459 0 0 0 0 0
2460 0 0 0 0 0
2461 0 0 0 0 0
2462 0 0 0 0 0
2463 0 0 0 0 0
2464 0 0 0 0 0
2465 0 0 0 0 0
2466 0 0 0 0 0
2467 0 0 0 0 0
2468 0 0 0 0 0
2469 0 0 0 0 0
2470 0 0 0 0 0
2471 0 0 0 0 0
2472 0 0 0 0 0
2473 0 0 0 0 0
2474 0 0 0 0 0
2475 0 0 0 0 0
2476 0 0 0 0 0
2477 0 0 0 0 0
2478 0 0 0 0 0
2479 0 0 0 0 0
2480 0 0 0 0 0
2481 0 0 0 0 0
2482 0 0 0 0 0
2483 0 0 0 0 0
2484 0 0 0 0 0
2485 0 0 0 0 0
2486 0 0 0 0 0
2487 0 0 0 0 0
2488 2 0 0 0 0
2489 2 0 0 0 0
2490 2 0 0 0 0
2491 2 0 0 0 0
2492 2 0 0 0 0
2493 2 0 0 0 0
2494 2 0 0 0 0
2495 2 0 0 0 0
2496 2 0 0 0 0
2497 2 0 0 0 0
2498 2 0 0 0 0
2499 2 0 0 0 0
2500 2 0 0 0 0
2501 2 0 0 0 0
2502 2 0 0 0 0
2503 2 0 0 0 0
2504 2 0 0 0 0
2505 2 0 0 0 0
2506 2 0 0 0 0
2507 2 0 0 0 0
2508 2 0 0 0 0
2509 2 0 0 0 0
2510 2 0 0 0 0
2511 2 0 0 0 0
2512 2 0 0 0 0
2513 2 0 0 0 0
2514 2 0 0 0 0
2515 2 0 0 0 0
2516 2 0 0 0 0
2517 2 0 0 0 0
2518 0 2 0 0 1
2519 0 2 0 0 1
2520 0 2 0 0 1
2521 0 2 0 0 1
2522 0 2 0 0 1
2523 0 2 0 0 1
2524 0 2 0 0 1
2525 0 2 0 0 1
2526 0 2 0 0 1
2527 0 2 0 0 1
2528 0 2 0 0 1
2529 0 2 0 0 1
2530 0 2 0 0 1
2531 0 2 0 0 1
2532 0 2 0 0 1
2533 0 2 0 0 1
2534 0 2 0 0 1
2535 0 2 0 0 1
2536 0 2 0 0 1
2537 0 2 0 0 1
2538 0 2 0 0 1
2539 0 2 0 0 1
2540 0 2 0 0 1
2541 0 2 0 0 1
2542 0 2 0 0 1
2543 0 2 0 0 1
2544 0 2 0 0 1
2545 0 2 0 0 1
2546 0 2 0 0 1
2547 0 2 0 0 1
2548 2 0 0 0 1
2549 2 0 0 0 1
2550 2 0 0 0 1
2551 2 0 0 0 1
2552 2 0 0 0 1
2553 2 0 0 0 1
2554 2 0 0 0 1
2555 2 0 0 0 1
2556 2 0 0 0 1
2557 2 0 0 0 1
2558 2 0 0 0 1
2559 2 0 0 0 1
2560 2 0 0 0 1
2561 2 0 0 0 1
2562 2 0 0 0 1
2563 0 0 0 0 1
2564 0 0 0 0 1
2565 0 0 0 0 1
2566 0 0 0 0 1
2567 0 0 0 0 1
2568 0 0 0 0 1
2569 0 0 0 0 1
2570 0 0 0 0 1
2571 0 0 0 0 1
2572 0 0 0 0 1
2573 0 0 0 0 1
2574 0 0 0 0 1
2575 0 0 0 0 1
2576 0 0 0 0 1
2577 0 0 0 0 1
2578 0 0 0 0 1
2579 0 0 0 0 1
2580 0 0 0 0 1
2581 0 0 0 0 1
2582 0 0 0 0 1
2583 0 0 0 0 1
2584 0 0 0 0 1
2585 0 0 0 0 1
2586 0 0 0 0 1
2587 0 0 0 0 1
2588 0 0 0 0 1
2589 0 0 0 0 1
2590 0 0 0 0 1
2591 0 0 0 0 1
2592 0 0 0 0 1
2593 2 0 0 0 1
2594 2 0 0 0 1
2595 2 0 0 0 1
2596 2 0 0 0 1
2597 2 0 0 0 1
2598 2 0 0 0 1
2599 2 0 0 0 1
2600 2 0 0 0 1
2601 2 0 0 0 1
2602 2 0 0 0 1
2603 2 0 0 0 1
2604 2 0 0 0 1
2605 2 0 0 0 1
2606 2 0 0 0 1
2607 2 0 0 0 1
2608 2 0 0 0 1
2609 2 0 0 0 1
2610 2 0 0 0 1
2611 2 0 0 0 1
2612 2 0 0 0 1
2613 2 0 0 0 1
2614 2 0 0 0 1
2615 2 0 0 0 1
2616 2 0 0 0 1
2617 2 0 0 0 1
2618 2 0 0 0 1
2619 2 0 0 0 1
2620 2 0 0 0 1
2621 2 0 0 0 1
2622 2 0 0 0 1
2623 2 0 0 0 1
2624 2 0 0 0 1
2625 2 0 0 0 1
2626 2 0 0 0 1
2627 2 0 0 0 1
2628 2 0 0 0 1
2629 2 0 0 0 1
2630 2 0 0 0 1
2631 2 0 0 0 1
2632 2 0 0 0 1
2633 2 0 0 0 1
2634 2 0 0 0 1
2635 2 0 0 0 1
2636 2 0 0 0 1
2637 2 0 0 0 1
2638 2 0 0 0 1
2639 2 0 0 0 1
2640 2 0 0 0 1
2641 2 0 0 0 1
2642 2 0 0 0 1
2643 2 0 0 0 1
2644 2 0 0 0 1
2645 2 0 0 0 1
2646 2 0 0 0 1
2647 2 0 0 0 1
2648 2 0 0 0 1
2649 2 0 0 0 1
2650 2 0 0 0 1
2651 2 0 0 0 1
2652 2 0 0 0 1
2653 0 0 0 0 1
2654 0 0 0 0 1
2655 0 0 0 0 1
2656 0 0 0 0 1
2657 0 0 0 0 1
2658 0 0 0 0 1
2659 0 0 0 0 1
2660 0 0 0 0 1
2661 0 0 0 0 1
2662 0 0 0 0 1
2663 0 0 0 0 1
2664 0 0 0 0 1
2665 0 0 0 0 1
2666 0 0 0 0 1
2667 0 0 0 0 1
2668 0 0 0 0 1
2669 0 0 0 0 1
2670 0 0 0 0 1
2671 0 0 0 0 1
2672 0 0 0 0 1
2673 0 0 0 0 1
2674 0 0 0 0 1
2675 0 0 0 0 1
2676 0 0 0 0 1
2677 0 0 0 0 1
2678 0 0 0 0 1
2679 0 0 0 0 1
2680 0 0 0 0 1
2681 0 0 0 0 1
2682 0 0 0 0 1
2683 0 0 2 0 0
2684 0 0 2 0 0
2685 0 0 2 0 0
2686 0 0 2 0 0
2687 0 0 2 0 0
2688 0 0 2 0 0
2689 0 0 2 0 0
2690 0 0 2 0 0
2691 0 0 2 0 0
2692 0 0 2 0 0
2693 0 0 2 0 0
2694 0 0 2 0 0
2695 0 0 2 0 0
2696 0 0 2 0 0
2697 0 0 2 0 0
2698 0 0 0 0 0
2699 0 0 0 0 0
2700 0 0 0 0 0
2701 0 0 0 0 0
2702 0 0 0 0 0
2703 0 0 0 0 0
2704 0 0 0 0 0
2705 0 0 0 0 0
2706 0 0 0 0 0
2707 0 0 0 0 0
2708 0 0 0 0 0
2709 0 0 0 0 0
2710 0 0 0 0 0
2711 0 0 0 0 0
2712 0 0 0 0 0
2713 0 0 0 0 0
2714 0 0 0 0 0
2715 0 0 0 0 0
2716 0 0 0 0 0
2717 0 0 0 0 0
2718 0 0 0 0 0
2719 0 0 0 0 0
2720 0 0 0 0 0
2721 0 0 0 0 0
2722 0 0 0 0 0
2723 0 0 0 0 0
2724 0 0 0 0 0
2725 0 0 0 0 0
2726 0 0 0 0 0
2727 0 0 0 0 0
2728 2 0 0 0 1
2729 2 0 0 0 1
2730 2 0 0 0 1
2731 2 0 0 0 1
2732 2 0 0 0 1
2733 2 0 0 0 1
2734 2 0 0 0 1
2735 2 0 0 0 1
2736 2 0 0 0 1
2737 2 0 0 0 1
2738 2 0 0 0 1
2739 2 0 0 0 1
2740 2 0 0 0 1
2741 2 0 0 0 1
2742 2 0 0 0 1
2743 2 0 0 0 1
2744 2 0 0 0 1
2745 2 0 0 0 1
2746 2 0 0 0 1
2747 2 0 0 0 1
2748 2 0 0 0 1
2749 2 0 0 0 1
2750 2 0 0 0 1
2751 2 0 0 0 1
2752 2 0 0 0 1
2753 2 0 0 0 1
2754 2 0 0 0 1
2755 2 0 0 0 1
2756 2 0 0 0 1
2757 2 0 0 0 1
2758 2 0 0 0 0
2759 2 0 0 0 0
2760 2 0 0 0 0
2761 2 0 0 0 0
2762 2 0 0 0 0
2763 2 0 0 0 0
2764 2 0 0 0 0
2765 2 0 0 0 0
2766 2 0 0 0 0
2767 2 0 0 0 0
2768 2 0 0 0 0
2769 2 0 0 0 0
2770 2 0 0 0 0
2771 2 0 0 0 0
2772 2 0 0 0 0
2773 2 0 0 0 1
2774 2 0 0 0 1
2775 2 0 0 0 1
2776 2 0 0 0 1
2777 2 0 0 0 1
2778 2 0 0 0 1
2779 2 0 0 0 1
2780 2 0 0 0 1
2781 2 0 0 0 1
2782 2 0 0 0 1
2783 2 0 0 0 1
2784 2 0 0 0 1
2785 2 0 0 0 1
2786 2 0 0 0 1
2787 2 0 0 0 1
2788 2 0 0 0 1
2789 2 0 0 0 1
2790 2 0 0 0 1
2791 2 0 0 0 1
2792 2 0 0 0 1
2793 2 0 0 0 1
2794 2 0 0 0 1
2795 2 0 0 0 1
2796 2 0 0 0 1
2797 2 0 0 0 1
2798 2 0 0 0 1
2799 2 0 0 0 1
2800 2 0 0 0 1
2801 2 0 0 0 1
2802 2 0 0 0 1
2803 2 0 0 0 1
2804 2 0 0 0 1
2805 2 0 0 0 1
2806 2 0 0 0 1
2807 2 0 0 0 1
2808 2 0 0 0 1
2809 2 0 0 0 1
2810 2 0 0 0 1
2811 2 0 0 0 1
2812 2 0 0 0 1
2813 2 0 0 0 1
2814 2 0 0 0 1
2815 2 0 0 0 1
2816 2 0 0 0 1
2817 2 0 0 0 1
2818 2 0 0 0 1
2819 2 0 0 0 1
2820 2 0 0 0 1
2821 2 0 0 0 1
2822 2 0 0 0 1
2823 2 0 0 0 1
2824 2 0 0 0 1
2825 2 0 0 0 1
2826 2 0 0 0 1
2827 2 0 0 0 1
2828 2 0 0 0 1
2829 2 0 0 0 1
2830 2 0 0 0 1
2831 2 0 0 0 1
2832 2 0 0 0 1
2833 2 0 0 0 1
2834 2 0 0 0 1
2835 2 0 0 0 1
2836 2 0 0 0 1
2837 2 0 0 0 1
2838 2 0 0 0 1
2839 2 0 0 0 1
2840 2 0 0 0 1
2841 2 0 0 0 1
2842 2 0 0 0 1
2843 2 0 0 0 1
2844 2 0 0 0 1
2845 2 0 0 0 1
2846 2 0 0 0 1
2847 2 0 0 0 1
2848 0 0 2 0 1
2849 0 0 2 0 1
2850 0 0 2 0 1
2851 0 0 2 0 1
2852 0 0 2 0 1
2853 0 0 2 0 1
2854 0 0 2 0 1
2855 0 0 2 0 1
2856 0 0 2 0 1
2857 0 0 2 0 1
2858 0 0 2 0 1
2859 0 0 2 0 1
2860 0 0 2 0 1
2861 0 0 2 0 1
2862 0 0 2 0 1
2863 2 0 0 0 1
2864 2 0 0 0 1
2865 2 0 0 0 1
2866 2 0 0 0 1
2867 2 0 0 0 1
2868 2 0 0 0 1
2869 2 0 0 0 1
2870 2 0 0 0 1
2871 2 0 0 0 1
2872 2 0 0 0 1
2873 2 0 0 0 1
2874 2 0 0 0 1
2875 2 0 0 0 1
2876 2 0 0 0 1
2877 2 0 0 0 1
2878 2 0 0 0 1
2879 2 0 0 0 1
2880 2 0 0 0 1
2881 2 0 0 0 1
2882 2 0 0 0 1
2883 2 0 0 0 1
2884 2 0 0 0 1
2885 2 0 0 0 1
2886 2 0 0 0 1
2887 2 0 0 0 1
2888 2 0 0 0 1
2889 2 0 0 0 1
2890 2 0 0 0 1
2891 2 0 0 0 1
2892 2 0 0 0 1
2893 2 0 0 0 1
2894 2 0 0 0 1
2895 2 0 0 0 1
2896 2 0 0 0 1
2897 2 0 0 0 1
2898 2 0 0 0 1
2899 2 0 0 0 1
2900 2 0 0 0 1
2901 2 0 0 0 1
2902 2 0 0 0 1
2903 2 0 0 0 1
2904 2 0 0 0 1
2905 2 0 0 0 1
2906 2 0 0 0 1
2907 2 0 0 0 1
2908 2 0 0 0 1
2909 2 0 0 0 1
2910 2 0 0 0 1
2911 2 0 0 0 1
2912 2 0 0 0 1
2913 2 0 0 0 1
2914 2 0 0 0 1
2915 2 0 0 0 1
2916 2 0 0 0 1
2917 2 0 0 0 1
2918 2 0 0 0 1
2919 2 0 0 0 1
2920 2 0 0 0 1
2921 2 0 0 0 1
2922 2 0 0 0 1
2923 2 0 0 0 1
2924 2 0 0 0 1
2925 2 0 0 0 1
2926 2 0 0 0 1
2927 2 0 0 0 1
2928 2 0 0 0 1
2929 2 0 0 0 1
2930 2 0 0 0 1
2931 2 0 0 0 1
2932 2 0 0 0 1
2933 2 0 0 0 1
2934 2 0 0 0 1
2935 2 0 0 0 1
2936 2 0 0 0 1
2937 2 0 0 0 1
2938 2 0 0 0 1
2939 2 0 0 0 1
2940 2 0 0 0 1
2941 2 0 0 0 1
2942 2 0 0 0 1
2943 2 0 0 0 1
2944 2 0 0 0 1
2945 2 0 0 0 1
2946 2 0 0 0 1
2947 2 0 0 0 1
2948 2 0 0 0 1
2949 2 0 0 0 1
2950 2 0 0 0 1
2951 2 0 0 0 1
2952 2 0 0 0 1
2953 2 0 0 0 0
2954 2 0 0 0 0
2955 2 0 0 0 0
2956 2 0 0 0 0
2957 2 0 0 0 0
2958 2 0 0 0 0
2959 2 0 0 0 0
2960 2 0 0 0 0
2961 2 0 0 0 0
2962 2 0 0 0 0
2963 2 0 0 0 0
2964 2 0 0 0 0
2965 2 0 0 0 0
2966 2 0 0 0 0
2967 2 0 0 0 0
2968 2 0 0 0 1
2969 2 0 0 0 1
2970 2 0 0 0 1
2971 2 0 0 0 1
2972 2 0 0 0 1
2973 2 0 0 0 1
2974 2 0 0 0 1
2975 2 0 0 0 1
2976 2 0 0 0 1
2977 2 0 0 0 1
2978 2 0 0 0 1
2979 2 0 0 0 1
2980 2 0 0 0 1
2981 2 0 0 0 1
2982 2 0 0 0 1
2983 2 0 0 0 1
2984 2 0 0 0 1
2985 2 0 0 0 1
2986 2 0 0 0 1
2987 2 0 0 0 1
2988 2 0 0 0 1
2989 2 0 0 0 1
2990 2 0 0 0 1
2991 2 0 0 0 1
2992 2 0 0 0 1
2993 2 0 0 0 1
2994 2 0 0 0 1
2995 2 0 0 0 1
2996 2 0 0 0 1
2997 2 0 0 0 1
2998 2 0 0 0 1
2999 2 0 0 0 1
3000 2 0 0 0 1
3001 2 0 0 0 1
3002 2 0 0 0 1
3003 2 0 0 0 1
3004 2 0 0 0 1
3005 2 0 0 0 1
3006 2 0 0 0 1
3007 2 0 0 0 1
3008 2 0 0 0 1
3009 2 0 0 0 1
3010 2 0 0 0 1
3011 2 0 0 0 1
3012 2 0 0 0 1
3013 2 0 0 0 2
3014 2 0 0 0 2
3015 2 0 0 0 2
3016 2 0 0 0 2
3017 2 0 0 0 2
3018 2 0 0 0 2
3019 2 0 0 0 2
3020 2 0 0 0 2
3021 2 0 0 0 2
3022 2 0 0 0 2
3023 2 0 0 0 2
3024 2 0 0 0 2
3025 2 0 0 0 2
3026 2 0 0 0 2
3027 2 0 0 0 2
3028 2 0 0 0 2
3029 2 0 0 0 2
3030 2 0 0 0 2
3031 2 0 0 0 2
3032 2 0 0 0 2
3033 2 0 0 0 2
3034 2 0 0 0 2
3035 2 0 0 0 2
3036 2 0 0 0 2
3037 2 0 0 0 2
3038 2 0 0 0 2
3039 2 0 0 0 2
3040 2 0 0 0 2
3041 2 0 0 0 2
3042 2 0 0 0 2
3043 2 0 0 0 2
3044 2 0 0 0 2
3045 2 0 0 0 2
3046 2 0 0 0 2
3047 0 0 0 0 0
3048 0 0 0 0 0
3049 0 0 0 0 0
3050 0 0 0 0 0
3051 0 0 0 0 0
3052 0 0 0 0 0
3053 0 0 0 0 0
3054 0 0 0 0 0
3055 0 0 0 0 0
3056 0 0 0 0 0
3057 0 0 0 0 0
3058 0 0 0 0 0
3059 0 0 0 0 0
3060 0 0 0 0 0
3061 0 0 0 0 0
3062 0 0 0 0 0
3063 0 0 0 0 0
3064 0 0 0 0 0
3065 0 0 0 0 0
3066 0 0 0 0 0
3067 0 0 0 0 0
3068 0 0 0 0 0
3069 0 0 0 0 0
3070 0 0 0 0 0
3071 0 0 0 0 0
3072 0 0 0 0 0
3073 0 0 0 0 0
3074 0 0 0 0 0
3075 0 0 0 0 0
3076 0 0 0 0 0
3077 0 0 0 0 0
3078 0 0 0 0 0
3079 0 0 0 0 0
3080 0 0 0 0 0
3081 0 0 0 0 0
3082 0 0 0 0 0
3083 0 0 0 0 0
3084 0 0 0 0 0
3085 0 0 0 0 0
3086 0 0 0 0 0
3087 0 0 0 0 0
3088 0 0 0 0 0
3089 0 0 0 0 0
3090 0 0 0 0 0
3091 0 0 0 0 0
3092 0 0 0 0 0
3093 0 0 0 0 0
3094 0 0 0 0 0
3095 0 0 0 0 0
3096 0 0 0 0 0
3097 0 0 0 0 0
3098 0 0 0 0 0
3099 0 0 0 0 0
3100 0 0 0 0 0
3101 0 0 0 0 0
3102 0 0 0 0 0
3103 0 0 0 0 0
3104 0 0 0 0 0
3105 0 0 0 0 0
3106 0 0 0 0 0
3107 0 0 0 0 0
3108 0 0 0 0 0
3109 0 0 0 0 0
3110 0 0 0 0 0
3111 0 0 0 0 0
3112 0 0 0 0 0
3113 0 0 0 0 0
3114 0 0 0 0 0
3115 0 0 0 0 0
3116 0 0 0 0 0
3117 0 0 0 0 0
3118 0 0 0 0 0
3119 0 0 0 0 0
3120 0 0 0 0 0
3121 0 0 0 0 0
3122 0 0 0 0 0
3123 0 0 0 0 0
3124 0 0 0 0 0
3125 0 0 0 0 1
3126 0 0 0 0 1
3127 0 0 0 0 1
3128 0 0 0 0 1
3129 0 0 0 0 1
3130 0 0 0 0 1
3131 0 0 0 0 1
3132 0 0 0 0 1
3133 0 0 0 0 1
3134 0 0 0 0 1
3135 0 0 0 0 1
3136 0 0 0 0 1
3137 0 0 0 0 1
3138 0 0 0 0 1
3139 0 0 0 0 1
3140 0 0 0 0 2
3141 0 0 0 0 2
3142 0 0 0 0 2
3143 0 0 0 0 2
3144 0 0 0 0 2
3145 0 0 0 0 2
3146 0 0 0 0 2
3147 0 0 0 0 2
3148 0 0 0 0 2
3149 0 0 0 0 2
3150 0 0 0 0 2
3151 0 0 0 0 2
3152 0 0 0 0 2
3153 0 0 0 0 2
3154 0 0 0 0 2
3155 0 0 0 0 0
3156 0 0 0 0 0
3157 0 0 0 0 0
3158 0 0 0 0 0
3159 0 0 0 0 0
3160 0 0 0 0 0
3161 0 0 0 0 0
3162 0 0 0 0 0
3163 0 0 0 0 0
3164 0 0 0 0 0
3165 0 0 0 0 0
3166 0 0 0 0 0
3167 0 0 0 0 0
3168 0 0 0 0 0
3169 0 0 0 0 0
3170 0 0 0 0 0
3171 0 0 0 0 0
3172 0 0 0 0 0
3173 0 0 0 0 0
3174 0 0 0 0 0
3175 0 0 0 0 0
3176 0 0 0 0 0
3177 0 0 0 0 0
3178 0 0 0 0 0
3179 0 0 0 0 0
3180 0 0 0 0 0
3181 0 0 0 0 0
3182 0 0 0 0 0
3183 0 0 0 0 0
3184 0 0 0 0 0
3185 0 0 0 0 0
3186 0 0 0 0 0
3187 0 0 0 0 0
3188 0 0 0 0 0
3189 0 0 0 0 0
3190 0 0 0 0 0
3191 0 0 0 0 0
3192 0 0 0 0 0
3193 0 0 0 0 0
3194 0 0 0 0 0
3195 0 0 0 0 0
3196 0 0 0 0 0
3197 0 0 0 0 0
3198 0 0 0 0 0
3199 0 0 0 0 0
3200 0 0 0 0 0
3201 0 0 0 0 0
3202 0 0 0 0 0
3203 0 0 0 0 0
3204 0 0 0 0 0
3205 0 0 0 0 0
3206 0 0 0 0 0
3207 0 0 0 0 0
3208 0 0 0 0 0
3209 0 0 0 0 0
3210 0 0 0 0 0
3211 0 0 0 0 0
3212 0 0 0 0 0
3213 0 0 0 0 0
3214 0 0 0 0 0
3215 0 0 0 0 0
3216 0 0 0 0 0
3217 0 0 0 0 0
3218 0 0 0 0 0
3219 0 0 0 0 0
3220 0 0 0 0 0
3221 0 0 0 0 0
3222 0 0 0 0 0
3223 0 0 0 0 0
3224 0 0 0 0 0
3225 0 0 0 0 0
3226 0 0 0 0 0
3227 0 0 0 0 0
3228 0 0 0 0 0
3229 0 0 0 0 0
3230 0 0 0 0 0
3231 0 0 0 0 0
3232 0 0 0 0 0
3233 0 0 0 0 0
3234 0 0 0 0 0
3235 0 0 0 0 0
3236 0 0 0 0 0
3237 0 0 0 0 0
3238 0 0 0 0 0
3239 0 0 0 0 0
3240 0 0 0 0 0
3241 0 0 0 0 0
3242 0 0 0 0 0
3243 0 0 0 0 0
3244 0 0 0 0 0
3245 0 0 0 0 0
3246 0 0 0 0 0
3247 0 0 0 0 0
3248 0 0 0 0 0
3249 0 0 0 0 0
3250 0 0 0 0 0
3251 0 0 0 0 0
3252 0 0 0 0 0
3253 0 0 0 0 0
3254 0 0 0 0 0
3255 0 0 0 0 0
3256 0 0 0 0 0
3257 0 0 0 0 0
3258 0 0 0 0 0
3259 0 2 0 0 0
3260 0 2 0 0 0
3261 0 2 0 0 0
3262 0 2 0 0 0
3263 0 2 0 0 0
3264 0 2 0 0 0
3265 0 2 0 0 0
3266 0 2 0 0 0
3267 0 2 0 0 0
3268 0 2 0 0 0
3269 0 2 0 0 0
3270 0 2 0 0 0
3271 0 2 0 0 0
3272 0 2 0 0 0
3273 0 2 0 0 0
3274 0 0 2 0 0
3275 0 0 2 0 0
3276 0 0 2 0 0
3277 0 0 2 0 0
3278 0 0 2 0 0
3279 0 0 2 0 0
3280 0 0 2 0 0
3281 0 0 2 0 0
3282 0 0 2 0 0
3283 0 0 2 0 0
3284 0 0 2 0 0
3285 0 0 2 0 0
3286 0 0 2 0 0
3287 0 0 2 0 0
3288 0 0 2 0 0
3289 0 2 0 0 0
3290 0 2 0 0 0
3291 0 2 0 0 0
3292 0 2 0 0 0
3293 0 2 0 0 0
3294 0 2 0 0 0
3295 0 2 0 0 0
3296 0 2 0 0 0
3297 0 2 0 0 0
3298 0 2 0 0 0
3299 0 2 0 0 0
3300 0 2 0 0 0
3301 0 2 0 0 0
3302 0 2 0 0 0
3303 0 2 0 0 0
3304 0 2 0 0 0
3305 0 2 0 0 0
3306 0 0 0 0 0
3307 0 0 0 0 0
3308 0 0 0 0 0
3309 0 2 0 0 0
3310 0 2 0 0 0
3311 0 2 0 0 0
3312 0 2 0 0 0
3313 0 2 0 0 0
3314 0 2 0 0 0
3315 0 2 0 0 0
3316 0 2 0 0 0
3317 0 2 0 0 0
3318 0 2 0 0 0
3319 0 2 0 0 0
3320 0 2 0 0 0
3321 0 2 0 0 0
3322 0 2 0 0 0
3323 0 2 0 0 0
3324 0 0 0 0 1
3325 0 0 0 0 1
3326 0 0 0 0 1
3327 0 0 0 0 1
3328 0 0 0 0 1
3329 0 0 0 0 1
3330 0 0 0 0 1
3331 0 0 0 0 1
3332 0 0 0 0 1
3333 0 0 0 0 1
3334 0 0 0 0 1
3335 0 0 0 0 1
3336 0 0 0 0 1
3337 0 0 0 0 1
3338 0 0 0 0 1
3339 0 0 0 0 0
3340 0 0 0 0 0
3341 0 0 0 0 0
3342 0 0 0 0 0
3343 0 0 0 0 0
3344 0 0 0 0 0
3345 0 0 0 0 0
3346 0 0 0 0 0
3347 0 0 0 0 0
3348 0 0 0 0 0
3349 0 0 0 0 0
3350 0 0 0 0 0
3351 0 0 0 0 0
3352 0 0 0 0 0
3353 0 0 0 0 0
3354 0 0 0 0 1
3355 0 0 0 0 1
3356 0 0 0 0 1
3357 0 0 0 0 1
3358 0 0 0 0 1
3359 0 0 0 0 1
3360 0 0 0 0 1
3361 0 0 0 0 1
3362 0 0 0 0 1
3363 0 0 0 0 1
3364 0 0 0 0 1
3365 0 0 0 0 1
3366 0 0 0 0 1
3367 0 0 0 0 1
3368 0 0 0 0 1
3369 0 0 0 0 1
3370 0 0 0 0 1
3371 0 0 0 0 1
3372 0 0 0 0 1
3373 0 0 0 0 1
3374 0 0 0 0 1
3375 0 0 0 0 1
3376 0 0 0 0 1
3377 0 0 0 0 1
3378 0 0 0 0 1
3379 0 0 0 0 1
3380 0 0 0 0 1
3381 0 0 0 0 1
3382 0 0 0 0 1
3383 0 0 0 0 1
3384 0 0 0 0 1
3385 0 0 0 0 1
3386 0 0 0 0 1
3387 0 0 0 0 1
3388 0 0 0 0 1
3389 0 0 0 0 1
3390 0 0 0 0 1
3391 0 0 0 0 1
3392 0 0 0 0 1
3393 0 0 0 0 1
3394 0 0 0 0 1
3395 0 0 0 0 1
3396 0 0 0 0 1
3397 0 0 0 0 1
3398 0 0 0 0 1
3399 0 0 0 0 1
3400 0 0 0 0 1
3401 0 0 0 0 1
3402 0 0 0 0 1
3403 0 0 0 0 1
3404 0 0 0 0 1
3405 0 0 0 0 1
3406 0 0 0 0 1
3407 0 0 0 0 1
3408 0 0 0 0 1
3409 0 0 0 0 1
3410 0 0 0 0 1
3411 0 0 0 0 1
3412 0 0 0 0 1
3413 0 0 0 0 1
3414 0 0 0 0 1
3415 0 0 0 0 1
3416 0 0 0 0 1
3417 0 0 0 0 1
3418 0 0 0 0 1
3419 0 0 0 0 1
3420 0 0 0 0 1
3421 0 0 0 0 1
3422 0 0 0 0 1
3423 0 0 0 0 1
3424 0 0 0 0 1
3425 0 0 0 0 1
3426 0 0 0 0 1
3427 0 0 0 0 1
3428 0 0 0 0 1
3429 0 0 0 0 1
3430 0 0 0 0 1
3431 0 0 0 0 1
3432 0 0 0 0 1
3433 0 0 0 0 1
3434 0 0 0 0 1
3435 0 0 0 0 1
3436 0 0 0 0 1
3437 0 0 0 0 1
3438 0 0 0 0 1
3439 0 0 0 0 1
3440 0 0 0 0 1
3441 0 0 0 0 1
3442 0 0 0 0 1
3443 0 0 0 0 1
3444 0 0 0 0 1
3445 0 0 0 0 1
3446 0 0 0 0 1
3447 0 0 0 0 1
3448 0 0 0 0 1
3449 0 0 0 0 1
3450 0 0 0 0 1
3451 0 0 0 0 1
3452 0 0 0 0 1
3453 0 0 0 0 1
3454 0 0 0 0 1
3455 0 0 0 0 1
3456 0 0 0 0 1
3457 0 0 0 0 1
3458 0 0 0 0 1
3459 0 0 0 0 1
3460 0 0 0 0 1
3461 0 0 0 0 1
3462 0 0 0 0 1
3463 0 0 0 0 1
3464 0 0 0 0 1
3465 0 0 0 0 1
3466 0 0 0 0 1
3467 0 0 0 0 1
3468 0 0 0 0 1
3469 0 0 0 0 1
3470 0 0 0 0 1
3471 0 0 0 0 1
3472 0 0 0 0 1
3473 0 0 0 0 1
3474 0 0 0 0 1
3475 0 0 0 0 1
3476 0 0 0 0 1
3477 0 0 0 0 1
3478 0 0 0 0 1
3479 0 0 0 0 1
3480 0 0 0 0 1
3481 0 0 0 0 1
3482 0 0 0 0 1
3483 0 0 0 0 1
3484 0 0 0 0 1
3485 0 0 0 0 1
3486 0 0 0 0 1
3487 0 0 0 0 1
3488 0 0 0 0 1
3489 0 0 0 0 1
3490 0 0 0 0 1
3491 0 0 0 0 1
3492 0 0 0 0 1
3493 0 0 0 0 1
3494 0 0 0 0 1
3495 0 0 0 0 1
3496 0 0 0 0 1
3497 0 0 0 0 1
3498 0 0 0 0 1
3499 0 0 0 0 1
3500 0 0 0 0 1
3501 0 0 0 0 1
3502 0 0 0 0 1
3503 0 0 0 0 1
3504 0 0 0 0 1
3505 0 0 2 0 1
3506 0 0 2 0 1
3507 0 0 2 0 1
3508 0 0 2 0 1
3509 0 0 2 0 1
3510 0 0 2 0 1
3511 0 0 2 0 1
3512 0 0 2 0 1
3513 0 0 2 0 1
3514 0 0 2 0 1
3515 0 0 2 0 1
3516 0 0 2 0 1
3517 0 0 2 0 1
3518 0 0 2 0 1
3519 0 0 2 0 1
3520 2 0 0 0 1
3521 2 0 0 0 1
3522 2 0 0 0 1
3523 2 0 0 0 1
3524 2 0 0 0 1
3525 2 0 0 0 1
3526 2 0 0 0 1
3527 2 0 0 0 1
3528 2 0 0 0 1
3529 2 0 0 0 1
3530 2 0 0 0 1
3531 2 0 0 0 1
3532 2 0 0 0 1
3533 2 0 0 0 1
3534 2 0 0 0 1
3535 0 0 0 0 0
3536 0 0 0 0 0
3537 0 0 0 0 0
3538 0 0 0 0 0
3539 0 0 0 0 0
3540 0 0 0 0 0
3541 0 0 0 0 0
3542 0 0 0 0 0
3543 0 0 0 0 0
3544 0 0 0 0 0
3545 0 0 0 0 0
3546 0 0 0 0 0
3547 0 0 0 0 0
3548 0 0 0 0 0
3549 0 0 0 0 0
3550 0 0 2 0 1
3551 0 0 2 0 1
3552 0 0 2 0 1
3553 0 0 2 0 1
3554 0 0 2 0 1
3555 0 0 2 0 1
3556 0 0 2 0 1
3557 0 0 2 0 1
3558 0 0 2 0 1
3559 0 0 2 0 1
3560 0 0 2 0 1
3561 0 0 2 0 1
3562 0 0 2 0 1
3563 0 0 2 0 1
3564 0 0 2 0 1
3565 2 0 0 0 1
3566 2 0 0 0 1
3567 2 0 0 0 1
3568 2 0 0 0 1
3569 2 0 0 0 1
3570 2 0 0 0 1
3571 2 0 0 0 1
3572 2 0 0 0 1
3573 2 0 0 0 1
3574 2 0 0 0 1
3575 2 0 0 0 1
3576 2 0 0 0 1
3577 2 0 0 0 1
3578 2 0 0 0 1
3579 2 0 0 0 1
3580 0 0 2 0 1
3581 0 0 2 0 1
3582 0 0 2 0 1
3583 0 0 2 0 1
3584 0 0 2 0 1
3585 0 0 2 0 1
3586 0 0 2 0 1
3587 0 0 2 0 1
3588 0 0 2 0 1
3589 0 0 2 0 1
3590 0 0 2 0 1
3591 0 0 2 0 1
3592 0 0 2 0 1
3593 0 0 2 0 1
3594 0 0 2 0 1
3595 2 0 2 0 1
3596 2 0 2 0 1
3597 2 0 2 0 1
3598 2 0 2 0 1
3599 2 0 2 0 1
3600 2 0 2 0 1
3601 2 0 2 0 1
3602 2 0 2 0 1
3603 2 0 2 0 1
3604 2 0 2 0 1
3605 2 0 2 0 1
3606 2 0 2 0 1
3607 2 0 2 0 1
3608 2 0 2 0 1
3609 2 0 2 0 1
3610 2 0 2 0 1
3611 2 0 2 0 1
3612 2 0 0 0 1
3613 2 0 0 0 1
3614 2 0 0 0 1
3615 0 0 0 0 0
3616 0 0 0 0 0
3617 0 0 0 0 0
3618 0 0 0 0 0
3619 0 0 0 0 0
3620 0 0 0 0 0
3621 0 0 0 0 0
3622 0 0 0 0 0
3623 0 0 0 0 0
3624 0 0 0 0 0
3625 0 0 0 0 0
3626 0 0 0 0 0
3627 0 0 0 0 0
3628 0 0 0 0 0
3629 0 0 0 0 0
3630 0 0 0 0 0
3631 0 0 0 0 0
3632 0 0 0 0 0
3633 0 0 0 0 0
3634 0 0 0 0 0
3635 0 0 0 0 0
3636 0 0 0 0 0
3637 0 0 0 0 0
3638 0 0 0 0 0
3639 0 0 0 0 0
3640 0 0 0 0 0
3641 0 0 0 0 0
3642 0 0 0 0 0
3643 0 0 0 0 0
3644 0 0 0 0 0
3645 0 0 0 0 0
3646 0 0 0 0 0
3647 0 0 0 0 0
3648 0 0 0 0 0
3649 0 0 0 0 0
3650 0 0 0 0 0
3651 0 0 0 0 0
3652 0 0 0 0 0
3653 0 0 0 0 0
3654 0 0 0 0 0
3655 0 0 0 0 0
3656 0 0 0 0 0
3657 0 0 2 0 1
3658 0 0 2 0 1
3659 0 0 2 0 1
3660 0 0 0 0 0
3661 0 0 0 0 0
3662 0 0 0 0 0
3663 0 0 0 0 0
3664 0 0 0 0 0
3665 0 0 0 0 0
3666 0 0 0 0 0
3667 0 0 0 0 0
3668 0 0 0 0 0
3669 0 0 0 0 0
3670 0 0 0 0 0
3671 0 0 0 0 0
3672 0 0 0 0 0
3673 0 0 0 0 0
3674 0 0 0 0 0
3675 0 0 0 0 0
3676 0 0 0 0 0
3677 0 0 0 0 0
3678 0 0 0 0 0
3679 0 0 0 0 0
3680 0 0 0 0 0
3681 0 0 0 0 0
3682 0 0 0 0 0
3683 0 0 0 0 0
3684 0 0 0 0 0
3685 0 0 0 0 0
3686 0 0 0 0 0
3687 0 0 0 0 0
3688 0 0 0 0 0
3689 0 0 0 0 0
3690 0 0 0 0 0
3691 0 0 0 0 0
3692 0 0 0 0 0
3693 0 0 0 0 0
3694 0 0 0 0 0
3695 0 0 0 0 0
3696 0 0 0 0 0
3697 0 0 0 0 0
3698 0 0 0 0 0
3699 0 0 0 0 0
3700 0 0 0 0 0
3701 0 0 0 0 0
3702 0 0 0 0 0
3703 0 0 0 0 0
3704 0 0 0 0 0
3705 0 0 0 0 0
3706 0 0 0 0 0
3707 0 0 0 0 0
3708 0 0 0 0 0
3709 0 0 0 0 0
3710 0 0 0 0 0
3711 0 0 0 0 0
3712 0 0 0 0 0
3713 0 0 0 0 0
3714 0 0 0 0 0
3715 0 0 0 0 0
3716 0 0 0 0 0
3717 0 0 0 0 0
3718 0 0 0 0 0
3719 0 0 0 0 0
3720 0 0 0 0 0
3721 0 0 0 0 0
3722 0 0 0 0 0
3723 0 0 0 0 0
3724 0 0 0 0 0
3725 0 0 0 0 0
3726 0 0 0 0 0
3727 0 0 0 0 0
3728 0 0 0 0 0
3729 0 0 0 0 0
3730 0 0 0 0 0
3731 0 0 0 0 0
3732 0 0 0 0 0
3733 0 0 0 0 0
3734 0 0 0 0 0
3735 0 0 0 0 0
3736 0 0 0 0 0
3737 0 0 0 0 0
3738 0 0 0 0 0
3739 0 0 0 0 0
3740 0 0 0 0 0
3741 0 0 0 0 0
3742 0 0 0 0 0
3743 0 0 0 0 0
3744 0 0 0 0 0
3745 0 0 0 0 0
3746 0 0 0 0 0
3747 0 0 0 0 0
3748 0 0 0 0 0
3749 0 0 0 0 0
3750 0 0 0 0 0
3751 2 0 0 0 1
3752 2 0 0 0 1
3753 2 0 0 0 1
3754 2 0 0 0 1
3755 2 0 0 0 1
3756 2 0 0 0 1
3757 2 0 0 0 1
3758 2 0 0 0 1
3759 2 0 0 0 1
3760 2 0 0 0 1
3761 2 0 0 0 1
3762 2 0 0 0 1
3763 2 0 0 0 1
3764 2 0 0 0 1
3765 2 0 0 0 1
3766 0 0 0 0 1
3767 0 0 0 0 1
3768 0 0 0 0 1
3769 0 0 0 0 1
3770 0 0 0 0 1
3771 0 0 0 0 1
3772 0 0 0 0 1
3773 0 0 0 0 1
3774 0 0 0 0 1
3775 0 0 0 0 1
3776 0 0 0 0 1
3777 0 0 0 0 1
3778 0 0 0 0 1
3779 0 0 0 0 1
3780 0 0 0 0 1
3781 0 0 2 0 1
3782 0 0 2 0 1
3783 0 0 2 0 1
3784 0 0 2 0 1
3785 0 0 2 0 1
3786 0 0 2 0 1
3787 0 0 2 0 1
3788 0 0 2 0 1
3789 0 0 2 0 1
3790 0 0 2 0 1
3791 0 0 2 0 1
3792 0 0 2 0 1
3793 0 0 2 0 1
3794 0 0 2 0 1
3795 0 0 2 0 1
3796 0 0 2 0 1
3797 0 0 2 0 1
3798 0 0 2 0 1
3799 0 0 2 0 1
3800 0 0 2 0 1
3801 0 0 2 0 1
3802 0 0 2 0 1
3803 0 0 2 0 1
3804 0 0 2 0 1
3805 0 0 2 0 1
3806 0 0 2 0 1
3807 0 0 2 0 1
3808 0 0 2 0 1
3809 0 0 2 0 1
3810 0 0 2 0 1
3811 0 0 0 0 1
3812 0 0 0 0 1
3813 0 0 0 0 1
3814 0 0 0 0 1
3815 0 0 0 0 1
3816 0 0 0 0 1
3817 0 0 0 0 1
3818 0 0 0 0 1
3819 0 0 0 0 1
3820 0 0 0 0 1
3821 0 0 0 0 1
3822 0 0 0 0 1
3823 0 0 0 0 1
3824 0 0 0 0 1
3825 0 0 0 0 1
3826 0 0 2 0 1
3827 0 0 2 0 1
3828 0 0 2 0 1
3829 0 0 2 0 1
3830 0 0 2 0 1
3831 0 0 2 0 1
3832 0 0 2 0 1
3833 0 0 2 0 1
3834 0 0 2 0 1
3835 0 0 2 0 1
3836 0 0 2 0 1
3837 0 0 2 0 1
3838 0 0 2 0 1
3839 0 0 2 0 1
3840 0 0 2 0 1
3841 0 0 2 0 1
3842 0 0 2 0 1
3843 0 0 2 0 1
3844 0 0 2 0 1
3845 0 0 2 0 1
3846 0 0 2 0 1
3847 0 0 2 0 1
3848 0 0 2 0 1
3849 0 0 2 0 1
3850 0 0 2 0 1
3851 0 0 2 0 1
3852 0 0 2 0 1
3853 0 0 2 0 1
3854 0 0 2 0 1
3855 0 0 2 0 1
3856 0 0 2 0 1
3857 0 0 2 0 1
3858 0 0 2 0 1
3859 0 0 2 0 1
3860 0 0 2 0 1
3861 0 0 2 0 1
3862 0 0 2 0 1
3863 0 0 2 0 1
3864 0 0 2 0 2
3865 0 0 2 0 2
3866 0 0 2 0 2
3867 0 0 2 0 2
3868 0 0 2 0 2
3869 0 0 2 0 2
3870 0 0 2 0 2
3871 0 0 2 0 2
3872 0 0 2 0 2
3873 0 0 2 0 2
3874 0 0 2 0 2
3875 0 0 2 0 2
3876 0 0 2 0 2
3877 0 0 2 0 2
3878 0 0 2 0 2
3879 0 0 0 0 0
3880 0 0 0 0 0
3881 0 0 0 0 0
3882 0 0 0 0 0
3883 0 0 0 0 0
3884 0 0 0 0 0
3885 0 0 0 0 0
3886 0 0 0 0 0
3887 0 0 0 0 0
3888 0 0 0 0 0
3889 0 0 0 0 0
3890 0 0 0 0 0
3891 0 0 0 0 0
3892 0 0 0 0 0
3893 0 0 0 0 0
3894 0 0 0 0 0
3895 0 0 0 0 0
3896 0 0 0 0 0
3897 0 0 0 0 0
3898 0 0 0 0 0
3899 0 0 0 0 0
3900 0 0 0 0 0
3901 0 0 0 0 0
3902 0 0 0 0 0
3903 0 0 0 0 0
3904 0 0 0 0 0
3905 0 0 0 0 0
3906 0 0 0 0 0
3907 0 0 0 0 0
3908 0 0 0 0 0
3909 0 0 0 0 0
3910 0 0 0 0 0
3911 0 0 0 0 0
3912 0 0 0 0 0
3913 0 0 0 0 0
3914 0 0 0 0 0
3915 0 0 0 0 0
3916 0 0 0 0 0
3917 0 0 0 0 0
3918 0 0 0 0 0
3919 0 0 0 0 0
3920 0 0 0 0 0
3921 0 0 0 0 0
3922 0 0 0 0 0
3923 0 0 0 0 0
3924 0 0 0 0 0
3925 0 0 0 0 0
3926 0 0 0 0 0
3927 0 0 0 0 0
3928 0 0 0 0 0
3929 0 0 0 0 0
3930 0 0 0 0 0
3931 0 0 0 0 0
3932 0 0 0 0 0
3933 0 0 0 0 0
3934 0 0 0 0 0
3935 0 0 0 0 0
3936 0 0 0 0 0
3937 0 0 0 0 0
3938 0 0 0 0 0
3939 0 0 0 0 0
3940 0 0 0 0 0
3941 0 0 0 0 0
3942 0 0 0 0 0
3943 0 0 0 0 0
3944 0 0 0 0 0
3945 0 0 0 0 0
3946 0 0 0 0 0
3947 0 0 0 0 0
3948 0 0 0 0 0
3949 0 0 0 0 0
3950 0 0 0 0 0
3951 0 0 0 0 0
3952 0 0 0 0 0
3953 0 0 0 0 0
3954 0 0 0 0 0
3955 0 0 0 0 0
3956 0 0 0 0 0
3957 0 0 0 0 0
3958 0 0 0 0 0
3959 0 0 0 0 0
3960 0 0 0 0 0
3961 0 0 0 0 0
3962 0 0 0 0 0
3963 0 0 0 0 0
3964 0 0 0 0 0
3965 0 0 0 0 0
3966 0 0 0 0 0
3967 0 0 0 0 0
3968 0 0 0 0 0
3969 0 0 0 0 0
3970 0 0 0 0 0
3971 0 0 0 0 0
3972 0 0 0 0 0
3973 0 0 0 0 0
3974 0 0 0 0 0
3975 0 0 0 0 0
3976 0 0 0 0 0
3977 0 0 0 0 0
3978 0 0 0 0 0
3979 0 0 0 0 0
3980 0 0 0 0 0
3981 0 0 0 0 0
3982 0 0 0 0 0
3983 0 0 0 0 0
3984 0 0 0 0 0
3985 0 0 0 0 0
3986 0 0 0 0 0
3987 0 0 0 0 0
3988 0 0 0 0 0
3989 0 0 0 0 0
3990 0 0 0 0 0
3991 0 0 0 0 0
3992 0 0 0 0 0
3993 0 0 0 0 0
3994 0 0 0 0 0
3995 0 0 0 0 0
3996 0 0 0 0 0
3997 0 0 0 0 0
3998 0 0 0 0 0
3999 0 0 0 0 0
4000 0 0 0 0 0
4001 0 0 0 0 0
4002 0 0 0 0 0
4003 0 0 0 0 0
4004 0 0 0 0 0
4005 0 0 0 0 0
4006 0 0 0 0 0
4007 0 0 0 0 0
4008 0 0 0 0 0
4009 0 0 0 0 0
4010 0 0 0 0 0
4011 0 0 0 0 0
4012 0 0 0 0 0
4013 0 0 0 0 0
4014 0 0 0 0 0
4015 0 0 0 0 0
4016 0 0 0 0 0
4017 0 0 0 0 0
4018 0 0 0 0 0
4019 0 0 0 0 0
4020 0 0 0 0 0
4021 0 0 0 0 0
4022 0 0 0 0 0
4023 0 0 0 0 0
4024 0 0 0 0 0
4025 0 0 0 0 0
4026 0 0 0 0 0
4027 0 0 0 0 1
4028 0 0 0 0 1
4029 0 0 0 0 1
4030 0 0 0 0 1
4031 0 0 0 0 1
4032 0 0 0 0 1
4033 0 0 0 0 1
4034 0 0 0 0 1
4035 0 0 0 0 1
4036 0 0 0 0 1
4037 0 0 0 0 1
4038 0 0 0 0 1
4039 0 0 0 0 1
4040 0 0 0 0 1
4041 0 0 0 0 1
4042 0 0 0 0 0
4043 0 0 0 0 0
4044 0 0 0 0 0
4045 0 0 0 0 0
4046 0 0 0 0 0
4047 0 0 0 0 0
4048 0 0 0 0 0
4049 0 0 0 0 0
4050 0 0 0 0 0
4051 0 0 0 0 0
4052 0 0 0 0 0
4053 0 0 0 0 0
4054 0 0 0 0 0
4055 0 0 0 0 0
4056 0 0 0 0 0
4057 0 0 0 0 1
4058 0 0 0 0 1
4059 0 0 0 0 1
4060 0 0 0 0 1
4061 0 0 0 0 1
4062 0 0 0 0 1
4063 0 0 0 0 1
4064 0 0 0 0 1
4065 0 0 0 0 1
4066 0 0 0 0 1
4067 0 0 0 0 1
4068 0 0 0 0 1
4069 0 0 0 0 1
4070 0 0 0 0 1
4071 0 0 0 0 1
4072 0 0 0 0 1
4073 0 0 0 0 1
4074 0 0 0 0 1
4075 0 0 0 0 1
4076 0 0 0 0 1
4077 0 0 0 0 1
4078 0 0 0 0 1
4079 0 0 0 0 1
4080 0 0 0 0 1
4081 0 0 0 0 1
4082 0 0 0 0 1
4083 0 0 0 0 1
4084 0 0 0 0 1
4085 0 0 0 0 1
4086 0 0 0 0 1
4087 0 0 0 0 1
4088 0 0 0 0 1
4089 0 0 0 0 1
4090 0 0 0 0 1
4091 0 0 0 0 1
4092 0 0 0 0 1
4093 0 0 0 0 1
4094 0 0 0 0 1
4095 0 0 0 0 1
4096 0 0 0 0 1
4097 0 0 0 0 1
4098 0 0 0 0 1
4099 0 0 0 0 1
4100 0 0 0 0 1
4101 0 0 0 0 1
4102 0 0 0 0 1
4103 0 0 0 0 1
4104 0 0 0 0 1
4105 0 0 0 0 1
4106 0 0 0 0 1
4107 0 0 0 0 1
4108 0 0 0 0 1
4109 0 0 0 0 1
4110 0 0 0 0 1
4111 0 0 0 0 1
4112 0 0 0 0 1
4113 0 0 0 0 1
4114 0 0 0 0 1
4115 0 0 0 0 1
4116 0 0 0 0 1
4117 0 0 0 0 1
4118 0 0 0 0 1
4119 0 0 0 0 1
4120 0 0 0 0 1
4121 0 0 0 0 1
4122 0 0 0 0 1
4123 0 0 0 0 1
4124 0 0 0 0 1
4125 0 0 0 0 1
4126 0 0 0 0 1
4127 0 0 0 0 1
4128 0 0 0 0 1
4129 0 0 0 0 1
4130 0 0 0 0 1
4131 0 0 0 0 1
4132 0 0 0 0 1
4133 0 0 0 0 1
4134 0 0 0 0 1
4135 0 0 0 0 1
4136 0 0 0 0 1
4137 0 0 0 0 1
4138 0 0 0 0 1
4139 0 0 0 0 1
4140 0 0 0 0 1
4141 0 0 0 0 1
4142 0 0 0 0 1
4143 0 0 0 0 1
4144 0 0 0 0 1
4145 0 0 0 0 1
4146 0 0 0 0 1
4147 0 0 0 0 1
4148 0 0 0 0 1
4149 0 0 0 0 1
4150 0 0 0 0 1
4151 0 0 0 0 1
4152 0 0 0 0 1
4153 0 0 0 0 1
4154 0 0 0 0 1
4155 0 0 0 0 1
4156 0 0 0 0 1
4157 0 0 0 0 1
4158 0 0 0 0 1
4159 0 0 0 0 1
4160 0 0 0 0 1
4161 0 0 0 0 1
4162 0 0 3 0 1
4163 0 0 3 0 1
4164 0 0 3 0 1
4165 0 0 3 0 1
4166 0 0 3 0 1
4167 0 0 3 0 1
4168 0 0 3 0 1
4169 0 0 3 0 1
4170 0 0 3 0 1
4171 0 0 3 0 1
4172 0 0 3 0 1
4173 0 0 3 0 1
4174 0 0 3 0 1
4175 0 0 3 0 1
4176 0 0 3 0 1
4177 0 0 0 0 0
4178 0 0 0 0 0
4179 0 0 0 0 0
4180 0 0 0 0 0
4181 0 0 0 0 0
4182 0 0 0 0 0
4183 0 0 0 0 0
4184 0 0 0 0 0
4185 0 0 0 0 0
4186 0 0 0 0 0
4187 0 0 0 0 0
4188 0 0 0 0 0
4189 0 0 0 0 0
4190 0 0 0 0 0
4191 0 0 0 0 0
4192 0 0 0 0 1
4193 0 0 0 0 1
4194 0 0 0 0 1
4195 0 0 0 0 1
4196 0 0 0 0 1
4197 0 0 0 0 1
4198 0 0 0 0 1
4199 0 0 0 0 1
4200 0 0 0 0 1
4201 0 0 0 0 1
4202 0 0 0 0 1
4203 0 0 0 0 1
4204 0 0 0 0 1
4205 0 0 0 0 1
4206 0 0 0 0 1
4207 0 0 0 0 1
4208 0 0 0 0 1
4209 0 0 0 0 1
4210 0 0 0 0 1
4211 0 0 0 0 1
4212 0 0 0 0 1
4213 0 0 0 0 1
4214 0 0 0 0 1
4215 0 0 0 0 1
4216 0 0 0 0 1
4217 0 0 0 0 1
4218 0 0 0 0 1
4219 0 0 0 0 1
4220 0 0 0 0 1
4221 0 0 0 0 1
4222 0 0 0 0 0
4223 0 0 0 0 0
4224 0 0 0 0 0
4225 0 0 0 0 0
4226 0 0 0 0 0
4227 0 0 0 0 0
4228 0 0 0 0 0
4229 0 0 0 0 0
4230 0 0 0 0 0
4231 0 0 0 0 0
4232 0 0 0 0 0
4233 0 0 0 0 0
4234 0 0 0 0 0
4235 0 0 0 0 0
4236 0 0 0 0 0
4237 0 0 0 0 0
4238 0 0 0 0 0
4239 0 0 0 0 0
4240 0 0 0 0 0
4241 0 0 0 0 0
4242 0 0 0 0 0
4243 0 0 0 0 0
4244 0 0 0 0 0
4245 0 0 0 0 0
4246 0 0 0 0 0
4247 0 0 0 0 0
4248 0 0 0 0 0
4249 0 0 0 0 0
4250 0 0 0 0 0
4251 0 0 0 0 0
4252 0 0 0 0 0
4253 0 0 0 0 0
4254 0 0 0 0 0
4255 0 0 0 0 0
4256 0 0 0 0 0
4257 0 0 0 0 0
4258 0 0 0 0 0
4259 0 0 0 0 0
4260 0 0 0 0 0
4261 0 0 0 0 0
4262 0 0 0 0 0
4263 0 0 0 0 0
4264 0 0 0 0 0
4265 0 0 0 0 0
4266 0 0 0 0 0
4267 0 0 0 0 0
4268 0 0 0 0 0
4269 0 0 0 0 0
4270 0 0 0 0 0
4271 0 0 0 0 0
4272 0 0 0 0 0
4273 0 0 0 0 0
4274 0 0 0 0 0
4275 0 0 0 0 0
4276 0 0 0 0 0
4277 0 0 0 0 0
4278 0 0 0 0 0
4279 0 0 0 0 0
4280 0 0 0 0 0
4281 0 0 0 0 0
4282 0 0 0 0 0
4283 0 0 0 0 0
4284 0 0 0 0 0
4285 0 0 0 0 0
4286 0 0 0 0 0
4287 0 0 0 0 0
4288 0 0 0 0 0
4289 0 0 0 0 0
4290 0 0 0 0 0
4291 0 0 0 0 0
4292 0 0 0 0 0
4293 0 0 0 0 0
4294 0 0 0 0 0
4295 0 0 0 0 0
4296 0 0 0 0 0
4297 0 0 0 0 0
4298 0 0 0 0 0
4299 0 0 0 0 0
4300 0 0 0 0 0
4301 0 0 0 0 0
4302 0 0 0 0 0
4303 0 0 0 0 0
4304 0 0 0 0 0
4305 0 0 0 0 0
4306 0 0 0 0 0
4307 0 0 0 0 0
4308 0 0 0 0 0
4309 0 0 0 0 0
4310 0 0 0 0 0
4311 0 0 0 0 0
4312 0 0 0 0 0
4313 0 0 0 0 0
4314 0 0 0 0 0
4315 0 0 0 0 0
4316 0 0 0 0 0
4317 0 0 0 0 0
4318 0 0 0 0 0
4319 0 0 0 0 0
4320 0 0 0 0 0
4321 0 0 0 0 0
4322 0 0 0 0 0
4323 0 0 0 0 0
4324 0 0 0 0 0
4325 0 0 0 0 0
4326 0 0 0 0 0
4327 0 0 0 0 0
4328 0 0 0 0 0
4329 0 0 0 0 0
4330 0 0 0 0 0
4331 0 0 0 0 0
4332 0 0 0 0 0
4333 0 0 0 0 0
4334 0 0 0 0 0
4335 0 0 0 0 0
4336 0 0 0 0 0
4337 0 0 0 0 0
4338 0 0 0 0 0
4339 0 0 0 0 0
4340 0 0 0 0 0
4341 0 0 0 0 0
4342 0 0 0 0 0
4343 0 0 0 0 0
4344 0 0 0 0 0
4345 0 0 0 0 0
4346 0 0 0 0 0
4347 0 0 0 0 0
4348 0 0 0 0 0
4349 0 0 0 0 0
4350 0 0 0 0 0
4351 0 0 0 0 0
4352 0 0 0 0 0
4353 0 0 0 0 0
4354 0 0 0 0 0
4355 0 0 0 0 0
4356 0 0 0 0 0
4357 0 0 0 0 0
4358 0 0 0 0 0
4359 0 0 0 0 0
4360 0 0 0 0 0
4361 0 0 0 0 0
4362 0 0 0 0 0
4363 0 0 0 0 0
4364 0 0 0 0 0
4365 0 0 0 0 0
4366 0 0 0 0 0
4367 0 0 0 0 0
4368 0 0 0 0 0
4369 0 0 0 0 0
4370 0 0 0 0 0
4371 0 0 0 0 0
4372 0 0 0 0 1
4373 0 0 0 0 1
4374 0 0 0 0 1
4375 0 0 0 0 1
4376 0 0 0 0 1
4377 0 0 0 0 1
4378 0 0 0 0 1
4379 0 0 0 0 1
4380 0 0 0 0 1
4381 0 0 0 0 1
4382 0 0 0 0 1
4383 0 0 0 0 1
4384 0 0 0 0 1
4385 0 0 0 0 1
4386 0 0 0 0 1
4387 0 0 0 0 2
4388 0 0 0 0 2
4389 0 0 0 0 2
4390 0 0 0 0 2
4391 0 0 0 0 2
4392 0 0 0 0 2
4393 0 0 0 0 2
4394 0 0 0 0 2
4395 0 0 0 0 2
4396 0 0 0 0 2
4397 0 0 0 0 2
4398 0 0 0 0 2
4399 0 0 0 0 2
4400 0 0 0 0 2
4401 0 0 0 0 2
4402 0 0 0 0 0
4403 0 0 0 0 0
4404 0 0 0 0 0
4405 0 0 0 0 0
4406 0 0 0 0 0
4407 0 0 0 0 0
4408 0 0 0 0 0
4409 0 0 0 0 0
4410 0 0 0 0 0
4411 0 0 0 0 0
4412 0 0 0 0 0
4413 0 0 0 0 0
4414 0 0 0 0 0
4415 0 0 0 0 0
4416 0 0 0 0 0
4417 0 0 0 0 0
4418 0 0 0 0 0
4419 0 0 0 0 0
4420 0 0 0 0 0
4421 0 0 0 0 0
4422 0 0 0 0 0
4423 0 0 0 0 0
4424 0 0 0 0 0
4425 0 0 0 0 0
4426 0 0 0 0 0
4427 0 0 0 0 0
4428 0 0 0 0 0
4429 0 0 0 0 0
4430 0 0 0 0 0
4431 0 0 0 0 0
4432 0 0 0 0 0
4433 0 0 0 0 0
4434 0 0 0 0 0
4435 0 0 0 0 0
4436 0 0 0 0 0
4437 0 0 0 0 0
4438 0 0 0 0 0
4439 0 0 0 0 0
4440 0 0 0 0 0
4441 0 0 0 0 0
4442 0 0 0 0 0
4443 0 0 0 0 0
4444 0 0 0 0 0
4445 0 0 0 0 0
4446 0 0 0 0 0
4447 0 0 0 0 0
4448 0 0 0 0 0
4449 0 0 0 0 0
4450 0 0 0 0 0
4451 0 0 0 0 0
4452 0 0 0 0 0
4453 0 0 0 0 0
4454 0 0 0 0 0
4455 0 0 0 0 0
4456 0 0 0 0 0
4457 0 0 0 0 0
4458 0 0 0 0 0
4459 0 0 0 0 0
4460 0 0 0 0 0
4461 0 0 0 0 0
4462 0 0 0 0 0
4463 0 0 0 0 0
4464 0 0 0 0 0
4465 0 0 0 0 0
4466 0 0 0 0 0
4467 0 0 0 0 0
4468 0 0 0 0 0
4469 0 0 0 0 0
4470 0 0 0 0 0
4471 0 0 0 0 0
4472 0 0 0 0 0
4473 0 0 0 0 0
4474 0 0 0 0 0
4475 0 0 0 0 0
4476 0 0 0 0 0
4477 0 0 0 0 0
4478 0 0 0 0 0
4479 0 0 0 0 0
4480 0 0 0 0 0
4481 0 0 0 0 0
4482 0 0 0 0 0
4483 0 0 0 0 0
4484 0 0 0 0 0
4485 0 0 0 0 0
4486 0 0 0 0 0
4487 0 0 0 0 0
4488 0 0 0 0 0
4489 0 0 0 0 0
4490 0 0 0 0 0
4491 0 0 0 0 0
4492 0 0 0 0 0
4493 0 0 0 0 0
4494 0 0 0 0 0
4495 0 0 0 0 0
4496 0 0 0 0 0
4497 0 0 0 0 0
4498 0 0 0 0 0
4499 0 0 0 0 0
4500 0 0 0 0 0
4501 0 0 0 0 0
4502 0 0 0 0 0
4503 0 0 0 0 0
4504 0 0 0 0 0
4505 0 0 0 0 0
4506 0 0 0 0 0
4507 0 0 0 0 0
4508 0 0 0 0 0
4509 0 0 0 0 0
4510 0 0 0 0 0
4511 0 0 0 0 0
4512 0 0 0 0 0
4513 0 0 0 0 0
4514 0 0 0 0 0
4515 0 0 0 0 0
4516 0 0 0 0 0
4517 0 0 0 0 0
4518 0 0 0 0 0
4519 0 0 0 0 0
4520 0 0 0 0 0
4521 0 0 0 0 0
4522 0 0 0 0 0
4523 0 0 0 0 0
4524 0 0 0 0 0
4525 0 0 0 0 0
4526 0 0 0 0 0
4527 0 0 0 0 0
4528 0 0 0 0 0
4529 0 0 0 0 0
4530 0 0 0 0 0
4531 0 0 0 0 0
4532 0 0 0 0 0
4533 0 0 0 0 0
4534 0 0 0 0 0
4535 0 0 0 0 0
4536 0 0 0 0 0
4537 0 0 0 0 0
4538 0 0 0 0 0
4539 0 0 0 0 0
4540 0 0 0 0 0
4541 0 0 0 0 0
4542 0 0 0 0 0
4543 0 0 0 0 0
4544 0 0 0 0 0
4545 0 0 0 0 0
4546 0 0 0 0 0
4547 0 0 0 0 0
4548 0 0 0 0 0
4549 0 0 0 0 0
4550 0 0 0 0 0
4551 0 0 0 0 0
4552 0 0 0 0 0
4553 0 0 0 0 0
4554 0 0 0 0 0
4555 0 0 0 0 0
4556 0 0 0 0 0
4557 0 0 0 0 0
4558 0 0 0 0 0
4559 0 0 0 0 0
4560 0 0 0 0 0
4561 0 0 0 0 0
4562 0 0 0 0 0
4563 0 0 0 0 0
4564 0 0 0 0 0
4565 0 0 0 0 0
4566 0 0 0 0 0
4567 0 0 0 0 0
4568 0 0 0 0 0
4569 0 0 0 0 0
4570 0 0 0 0 0
4571 0 0 0 0 0
4572 0 0 0 0 0
4573 0 0 0 0 0
4574 0 0 0 0 0
4575 0 0 0 0 0
4576 0 0 0 0 0
4577 0 0 0 0 0
4578 0 0 0 0 0
4579 0 0 0 0 0
4580 0 0 0 0 0
4581 0 0 0 0 0
4582 0 0 0 0 0
4583 0 0 0 0 0
4584 0 0 0 0 0
4585 0 0 0 0 0
4586 0 0 0 0 0
4587 0 0 0 0 0
4588 0 0 0 0 0
4589 0 0 0 0 0
4590 0 0 0 0 0
4591 0 0 0 0 0
4592 0 0 0 0 0
4593 0 0 0 0 0
4594 0 0 0 0 0
4595 0 0 0 0 0
4596 0 0 0 0 0
4597 0 0 0 0 0
4598 0 0 0 0 0
4599 0 0 0 0 0
4600 0 0 0 0 0
4601 0 0 0 0 0
4602 0 0 0 0 0
4603 0 0 0 0 0
4604 0 0 0 0 0
4605 0 0 0 0 0
4606 0 0 0 0 0
4607 0 0 0 0 0
4608 0 0 0 0 0
4609 0 0 0 0 0
4610 0 0 0 0 0
4611 0 0 0 0 0
4612 0 0 0 0 0
4613 0 0 0 0 0
4614 0 0 0 0 0
4615 0 0 0 0 0
4616 0 0 0 0 0
4617 0 0 0 0 0
4618 0 0 0 0 0
4619 0 0 0 0 0
4620 0 0 0 0 0
4621 0 0 0 0 0
4622 0 0 0 0 0
4623 0 0 0 0 0
4624 0 0 0 0 0
4625 0 0 0 0 0
4626 0 0 0 0 0
4627 0 0 0 0 0
4628 0 0 0 0 0
4629 0 0 0 0 0
4630 0 0 0 0 0
4631 0 0 0 0 0
4632 0 0 0 0 0
4633 0 0 0 0 0
4634 0 0 0 0 0
4635 0 0 0 0 0
4636 0 0 0 0 0
4637 0 0 0 0 0
4638 0 0 0 0 0
4639 0 0 0 0 0
4640 0 0 0 0 0
4641 0 0 0 0 0
4642 0 0 0 0 0
4643 0 0 0 0 0
4644 0 0 0 0 0
4645 0 0 0 0 0
4646 0 0 0 0 0
4647 0 0 0 0 0
4648 0 0 0 0 0
4649 0 0 0 0 0
