0 0 0 0 0 0
1 0 0 0 0 0
2 0 0 0 0 0
3 0 0 0 0 0
4 0 0 0 0 0
5 0 0 0 0 0
6 0 0 0 0 0
7 0 0 0 0 0
8 0 0 0 0 0
9 0 0 0 0 0
10 0 0 0 0 0
11 0 0 0 0 0
12 0 0 0 0 0
13 0 0 0 0 0
14 0 0 0 0 0
15 0 0 0 0 0
16 0 0 0 0 0
17 0 0 0 0 0
18 0 0 0 0 0
19 0 0 0 0 0
20 0 0 0 0 0
21 0 0 0 0 0
22 0 0 0 0 0
23 0 0 0 0 0
24 0 0 0 0 0
25 0 0 0 0 0
26 0 0 0 0 0
27 0 0 0 0 0
28 0 0 0 0 0
29 0 0 0 0 0
30 0 0 0 0 0
31 0 0 0 0 0
32 0 0 0 0 0
33 0 0 0 0 0
34 0 0 0 0 0
35 0 0 0 0 0
36 0 0 0 0 0
37 0 0 0 0 0
38 0 0 0 0 0
39 0 0 0 0 0
40 0 0 0 0 0
41 0 0 0 0 0
42 0 0 0 0 0
43 0 0 0 0 0
44 0 0 0 0 0
45 0 0 0 0 0
46 0 0 0 0 0
47 0 0 0 0 0
48 0 0 0 0 0
49 0 0 0 0 0
50 0 0 0 0 0
51 0 0 0 0 0
52 0 0 0 0 0
53 0 0 0 0 0
54 0 0 0 0 0
55 0 0 0 0 0
56 0 0 0 0 0
57 0 0 0 0 0
58 0 0 0 0 0
59 0 0 0 0 0
60 0 0 0 0 0
61 0 0 0 0 0
62 0 0 0 0 0
63 0 0 0 0 0
64 0 0 0 0 0
65 0 0 0 0 0
66 0 0 0 0 0
67 0 0 0 0 0
68 0 0 0 0 0
69 0 0 0 0 0
70 0 0 0 0 0
71 0 0 0 0 0
72 0 0 0 0 0
73 0 0 0 0 0
74 0 0 0 0 0
75 0 0 0 0 0
76 0 0 0 0 0
77 0 0 0 0 0
78 0 0 0 0 0
79 0 0 0 0 0
80 0 0 0 0 0
81 0 0 0 0 0
82 0 0 0 0 0
83 0 0 0 0 0
84 0 0 0 0 0
85 0 0 0 0 0
86 0 0 0 0 0
87 0 0 0 0 0
88 0 0 0 0 0
89 0 0 0 0 0
90 0 0 0 0 0
91 0 0 0 0 0
92 0 0 0 0 0
93 0 0 0 0 0
94 0 0 0 0 0
95 0 0 0 0 0
96 0 0 0 0 0
97 0 0 0 0 0
98 0 0 0 0 0
99 0 0 0 0 0
100 0 0 0 0 0
101 0 0 0 0 0
102 0 0 0 0 0
103 0 0 0 0 0
104 0 0 0 0 0
105 0 0 0 0 0
106 0 0 0 0 0
107 0 0 0 0 0
108 0 0 0 0 0
109 0 0 0 0 0
110 0 0 0 0 0
111 0 0 0 0 0
112 0 0 0 0 0
113 0 0 0 0 0
114 0 0 0 0 0
115 0 0 0 0 0
116 0 0 0 0 0
117 0 0 0 0 0
118 0 0 0 0 0
119 0 0 0 0 0
120 0 0 0 0 0
121 0 0 0 0 0
122 0 0 0 0 0
123 0 0 0 0 0
124 0 0 0 0 0
125 0 0 0 0 0
126 0 0 0 0 0
127 0 0 0 0 0
128 0 0 0 0 0
129 0 0 0 0 0
130 0 0 0 0 0
131 0 0 0 0 0
132 0 0 0 0 0
133 0 0 0 0 0
134 0 0 0 0 0
135 0 0 0 0 0
136 0 0 0 0 0
137 0 0 0 0 0
138 0 0 0 0 0
139 0 0 0 0 0
140 0 0 0 0 0
141 0 0 0 0 0
142 0 0 0 0 0
143 0 0 0 0 0
144 0 0 0 0 0
145 0 0 0 0 0
146 0 0 0 0 0
147 0 0 0 0 0
148 0 0 0 0 0
149 0 0 0 0 0
150 0 0 0 0 0
151 0 0 0 0 0
152 0 0 0 0 0
153 0 0 0 0 0
154 0 0 0 0 0
155 0 0 0 0 0
156 0 0 0 0 0
157 0 0 0 0 0
158 0 0 0 0 0
159 0 0 0 0 0
160 0 0 0 0 0
161 0 0 0 0 0
162 0 0 0 0 0
163 0 0 0 0 0
164 0 0 0 0 0
165 0 0 0 0 0
166 0 0 0 0 0
167 0 0 0 0 0
168 0 0 0 0 0
169 0 0 0 0 0
170 0 0 0 0 0
171 0 0 0 0 0
172 0 0 0 0 0
173 0 0 0 0 0
174 0 0 0 0 0
175 0 0 0 0 0
176 0 0 0 0 0
177 0 0 0 0 0
178 0 0 0 0 0
179 0 0 0 0 0
180 0 0 0 0 0
181 0 0 0 0 0
182 0 0 0 0 0
183 0 0 0 0 0
184 0 0 0 0 0
185 0 0 0 0 0
186 0 0 0 0 0
187 0 0 0 0 0
188 0 0 0 0 0
189 0 0 0 0 0
190 0 0 0 0 0
191 0 0 0 0 0
192 0 0 0 0 0
193 0 0 0 0 0
194 0 0 0 0 0
195 0 0 0 0 0
196 0 0 0 0 0
197 0 0 0 0 0
198 0 0 0 0 0
199 0 0 0 0 0
200 0 0 0 0 0
201 0 0 0 0 0
202 0 0 0 0 0
203 0 0 0 0 0
204 0 0 0 0 0
205 0 0 0 0 0
206 0 0 0 0 0
207 0 0 0 0 0
208 3 0 3 0 1
209 3 0 3 0 1
210 3 0 3 0 1
211 3 0 3 0 1
212 3 0 3 0 1
213 3 0 3 0 1
214 3 0 3 0 1
215 3 0 3 0 1
216 3 0 3 0 1
217 3 0 3 0 1
218 3 0 3 0 1
219 3 0 3 0 1
220 3 0 3 0 1
221 3 0 3 0 1
222 3 0 3 0 1
223 0 0 2 0 0
224 0 0 2 0 0
225 0 0 2 0 0
226 0 0 2 0 0
227 0 0 2 0 0
228 0 0 2 0 0
229 0 0 2 0 0
230 0 0 2 0 0
231 0 0 2 0 0
232 0 0 2 0 0
233 0 0 2 0 0
234 0 0 2 0 0
235 0 0 2 0 0
236 0 0 2 0 0
237 0 0 2 0 0
238 0 0 0 0 1
239 0 0 0 0 1
240 0 0 0 0 1
241 0 0 0 0 1
242 0 0 0 0 1
243 0 0 0 0 1
244 0 0 0 0 1
245 0 0 0 0 1
246 0 0 0 0 1
247 0 0 0 0 1
248 0 0 0 0 1
249 0 0 0 0 1
250 0 0 0 0 1
251 0 0 0 0 1
252 0 0 0 0 1
253 0 0 0 0 1
254 0 0 0 0 1
255 0 0 0 0 1
256 0 0 0 0 1
257 0 0 0 0 1
258 0 0 0 0 1
259 0 0 0 0 1
260 0 0 0 0 1
261 0 0 0 0 1
262 0 0 0 0 1
263 0 0 0 0 1
264 0 0 0 0 1
265 0 0 0 0 1
266 0 0 0 0 1
267 0 0 0 0 1
268 0 0 0 0 1
269 0 0 0 0 1
270 0 0 0 0 1
271 0 0 0 0 1
272 0 0 0 0 1
273 0 0 0 0 1
274 0 0 0 0 1
275 0 0 0 0 1
276 0 0 0 0 1
277 0 0 0 0 1
278 0 0 0 0 1
279 0 0 0 0 1
280 0 0 0 0 1
281 0 0 0 0 1
282 0 0 0 0 1
283 0 0 0 0 1
284 0 0 0 0 1
285 0 0 0 0 1
286 0 0 0 0 1
287 0 0 0 0 1
288 0 0 0 0 1
289 0 0 0 0 1
290 0 0 0 0 1
291 0 0 0 0 1
292 0 0 0 0 1
293 0 0 0 0 1
294 0 0 0 0 1
295 0 0 0 0 1
296 0 0 0 0 1
297 0 0 0 0 1
298 0 0 0 0 0
299 0 0 0 0 0
300 0 0 0 0 0
301 0 0 0 0 0
302 0 0 0 0 0
303 0 0 0 0 0
304 0 0 0 0 0
305 0 0 0 0 0
306 0 0 0 0 0
307 0 0 0 0 0
308 0 0 0 0 0
309 0 0 0 0 0
310 0 0 0 0 0
311 0 0 0 0 0
312 0 0 0 0 0
313 0 0 0 0 0
314 0 0 0 0 0
315 0 0 0 0 0
316 0 0 0 0 0
317 0 0 0 0 0
318 0 0 0 0 0
319 0 0 0 0 0
320 0 0 0 0 0
321 0 0 0 0 0
322 0 0 0 0 0
323 0 0 0 0 0
324 0 0 0 0 0
325 0 0 0 0 0
326 0 0 0 0 0
327 0 0 0 0 0
328 0 0 0 0 0
329 0 0 0 0 0
330 0 0 0 0 0
331 0 0 0 0 0
332 0 0 0 0 0
333 0 0 0 0 0
334 0 0 0 0 0
335 0 0 0 0 0
336 0 0 0 0 0
337 0 0 0 0 0
338 0 0 0 0 0
339 0 0 0 0 0
340 0 0 0 0 0
341 0 0 0 0 0
342 0 0 0 0 0
343 0 0 0 0 0
344 0 0 0 0 0
345 0 0 0 0 0
346 0 0 0 0 0
347 0 0 0 0 0
348 0 0 0 0 0
349 0 0 0 0 0
350 0 0 0 0 0
351 0 0 0 0 0
352 0 0 0 0 0
353 0 0 0 0 0
354 0 0 0 0 0
355 0 0 0 0 0
356 0 0 0 0 0
357 0 0 0 0 0
358 0 0 0 0 0
359 0 0 0 0 0
360 0 0 0 0 0
361 0 0 0 0 0
362 0 0 0 0 0
363 0 0 0 0 0
364 0 0 0 0 0
365 0 0 0 0 0
366 0 0 0 0 0
367 0 0 0 0 0
368 0 0 0 0 0
369 0 0 0 0 0
370 0 0 0 0 0
371 0 0 0 0 0
372 0 0 0 0 0
373 2 0 3 0 1
374 2 0 3 0 1
375 2 0 3 0 1
376 2 0 3 0 1
377 2 0 3 0 1
378 2 0 3 0 1
379 2 0 3 0 1
380 2 0 3 0 1
381 2 0 3 0 1
382 2 0 3 0 1
383 2 0 3 0 1
384 2 0 3 0 1
385 2 0 3 0 1
386 2 0 3 0 1
387 2 0 3 0 1
388 2 0 0 0 1
389 2 0 0 0 1
390 2 0 0 0 1
391 2 0 0 0 1
392 2 0 0 0 1
393 2 0 0 0 1
394 2 0 0 0 1
395 2 0 0 0 1
396 2 0 0 0 1
397 2 0 0 0 1
398 2 0 0 0 1
399 2 0 0 0 1
400 2 0 0 0 1
401 2 0 0 0 1
402 2 0 0 0 1
403 2 0 0 0 0
404 2 0 0 0 0
405 2 0 0 0 0
406 2 0 0 0 0
407 2 0 0 0 0
408 2 0 0 0 0
409 2 0 0 0 0
410 2 0 0 0 0
411 2 0 0 0 0
412 2 0 0 0 0
413 2 0 0 0 0
414 2 0 0 0 0
415 2 0 0 0 0
416 2 0 0 0 0
417 2 0 0 0 0
418 2 0 0 0 0
419 2 0 0 0 0
420 2 0 0 0 0
421 2 0 0 0 0
422 2 0 0 0 0
423 2 0 0 0 0
424 2 0 0 0 0
425 2 0 0 0 0
426 2 0 0 0 0
427 2 0 0 0 0
428 2 0 0 0 0
429 2 0 0 0 0
430 2 0 0 0 0
431 2 0 0 0 0
432 2 0 0 0 0
433 3 0 3 0 0
434 3 0 3 0 0
435 3 0 3 0 0
436 3 0 3 0 0
437 3 0 3 0 0
438 3 0 3 0 0
439 3 0 3 0 0
440 3 0 3 0 0
441 3 0 3 0 0
442 3 0 3 0 0
443 3 0 3 0 0
444 3 0 3 0 0
445 3 0 3 0 0
446 3 0 3 0 0
447 3 0 3 0 0
448 2 0 3 0 1
449 2 0 3 0 1
450 2 0 3 0 1
451 2 0 3 0 1
452 2 0 3 0 1
453 2 0 3 0 1
454 2 0 3 0 1
455 2 0 3 0 1
456 2 0 3 0 1
457 2 0 3 0 1
458 2 0 3 0 1
459 2 0 3 0 1
460 2 0 3 0 1
461 2 0 3 0 1
462 2 0 3 0 1
463 2 0 0 0 1
464 2 0 0 0 1
465 2 0 0 0 1
466 2 0 0 0 1
467 2 0 0 0 1
468 2 0 0 0 1
469 2 0 0 0 1
470 2 0 0 0 1
471 2 0 0 0 1
472 2 0 0 0 1
473 2 0 0 0 1
474 2 0 0 0 1
475 2 0 0 0 1
476 2 0 0 0 1
477 2 0 0 0 1
478 2 0 0 0 1
479 2 0 0 0 1
480 2 0 0 0 1
481 2 0 0 0 1
482 2 0 0 0 1
483 2 0 0 0 1
484 2 0 0 0 1
485 2 0 0 0 1
486 2 0 0 0 1
487 2 0 0 0 1
488 2 0 0 0 1
489 2 0 0 0 1
490 2 0 0 0 1
491 2 0 0 0 1
492 2 0 0 0 1
493 2 0 0 0 0
494 2 0 0 0 0
495 2 0 0 0 0
496 2 0 0 0 0
497 2 0 0 0 0
498 2 0 0 0 0
499 2 0 0 0 0
500 2 0 0 0 0
501 2 0 0 0 0
502 2 0 0 0 0
503 2 0 0 0 0
504 2 0 0 0 0
505 2 0 0 0 0
506 2 0 0 0 1
507 2 0 0 0 1
508 2 0 0 0 1
509 2 0 0 0 1
510 2 0 0 0 1
511 2 0 0 0 1
512 2 0 0 0 1
513 2 0 0 0 1
514 2 0 0 0 1
515 2 0 0 0 1
516 2 0 0 0 1
517 2 0 0 0 1
518 2 0 0 0 1
519 2 0 0 0 1
520 2 0 0 0 1
521 2 0 0 0 1
522 2 0 0 0 1
523 2 0 0 0 1
524 0 2 0 0 0
525 0 2 0 0 0
526 0 2 0 0 0
527 0 2 0 0 0
528 0 2 0 0 0
529 0 2 0 0 0
530 0 2 0 0 0
531 0 2 0 0 0
532 0 2 0 0 0
533 0 2 0 0 0
534 0 2 0 0 0
535 0 2 0 0 0
536 0 2 0 0 0
537 0 2 0 0 0
538 0 2 0 0 0
539 3 0 0 0 0
540 3 0 0 0 0
541 3 0 0 0 0
542 3 0 0 0 0
543 3 0 0 0 0
544 3 0 0 0 0
545 3 0 0 0 0
546 3 0 0 0 0
547 3 0 0 0 0
548 3 0 0 0 0
549 3 0 0 0 0
550 3 0 0 0 0
551 3 0 0 0 0
552 3 0 0 0 0
553 3 0 0 0 0
554 2 0 0 0 0
555 2 0 0 0 0
556 2 0 0 0 0
557 2 0 0 0 0
558 2 0 0 0 0
559 2 0 0 0 0
560 2 0 0 0 0
561 2 0 0 0 0
562 2 0 0 0 0
563 2 0 0 0 0
564 2 0 0 0 0
565 2 0 0 0 0
566 2 0 0 0 0
567 2 0 0 0 0
568 2 0 0 0 0
569 2 0 3 0 1
570 2 0 3 0 1
571 2 0 3 0 1
572 2 0 3 0 1
573 2 0 3 0 1
574 2 0 3 0 1
575 2 0 3 0 1
576 2 0 3 0 1
577 2 0 3 0 1
578 2 0 3 0 1
579 2 0 3 0 1
580 2 0 3 0 1
581 2 0 3 0 1
582 2 0 3 0 1
583 2 0 3 0 1
584 2 0 3 0 1
585 2 0 3 0 1
586 2 0 3 0 1
587 2 0 3 0 1
588 2 0 3 0 1
589 2 0 3 0 1
590 2 0 3 0 1
591 2 0 3 0 1
592 2 0 3 0 1
593 2 0 3 0 1
594 2 0 3 0 1
595 2 0 3 0 1
596 2 0 3 0 1
597 2 0 3 0 1
598 2 0 3 0 1
599 2 0 0 0 1
600 2 0 0 0 1
601 2 0 0 0 1
602 2 0 0 0 1
603 2 0 0 0 1
604 2 0 0 0 1
605 2 0 0 0 1
606 2 0 0 0 1
607 2 0 0 0 1
608 2 0 0 0 1
609 2 0 0 0 1
610 2 0 0 0 1
611 2 0 0 0 1
612 2 0 0 0 1
613 2 0 0 0 1
614 2 0 3 0 1
615 2 0 3 0 1
616 2 0 3 0 1
617 2 0 3 0 1
618 2 0 3 0 1
619 2 0 3 0 1
620 2 0 3 0 1
621 2 0 3 0 1
622 2 0 3 0 1
623 2 0 3 0 1
624 2 0 3 0 1
625 2 0 3 0 1
626 2 0 3 0 1
627 2 0 3 0 1
628 2 0 3 0 1
629 2 0 0 0 1
630 2 0 0 0 1
631 2 0 0 0 1
632 2 0 0 0 1
633 2 0 0 0 1
634 2 0 0 0 1
635 2 0 0 0 1
636 2 0 0 0 1
637 2 0 0 0 1
638 2 0 0 0 1
639 2 0 0 0 1
640 2 0 0 0 1
641 2 0 0 0 1
642 2 0 0 0 1
643 2 0 0 0 1
644 2 0 0 0 1
645 2 0 0 0 1
646 2 0 0 0 1
647 2 0 0 0 1
648 2 0 0 0 1
649 2 0 0 0 1
650 2 0 0 0 1
651 2 0 0 0 1
652 2 0 0 0 1
653 2 0 0 0 1
654 2 0 0 0 1
655 2 0 0 0 1
656 2 0 0 0 1
657 2 0 0 0 1
658 2 0 0 0 1
659 2 0 0 0 1
660 2 0 0 0 1
661 2 0 0 0 1
662 2 0 0 0 1
663 2 0 0 0 1
664 2 0 0 0 1
665 2 0 0 0 1
666 2 0 0 0 1
667 2 0 0 0 1
668 2 0 0 0 1
669 2 0 0 0 1
670 2 0 0 0 1
671 2 0 0 0 1
672 2 0 0 0 1
673 2 0 0 0 1
674 2 0 3 0 1
675 2 0 3 0 1
676 2 0 3 0 1
677 2 0 3 0 1
678 2 0 3 0 1
679 2 0 3 0 1
680 2 0 3 0 1
681 2 0 3 0 1
682 2 0 3 0 1
683 2 0 3 0 1
684 2 0 3 0 1
685 2 0 3 0 1
686 2 0 3 0 1
687 2 0 3 0 1
688 2 0 3 0 1
689 2 0 0 0 1
690 2 0 0 0 1
691 2 0 0 0 1
692 2 0 0 0 1
693 2 0 0 0 1
694 2 0 0 0 1
695 2 0 0 0 1
696 2 0 0 0 1
697 2 0 0 0 1
698 2 0 0 0 1
699 2 0 0 0 1
700 2 0 0 0 1
701 2 0 0 0 1
702 2 0 0 0 1
703 2 0 0 0 1
704 2 0 0 0 1
705 2 0 0 0 1
706 2 0 0 0 1
707 2 0 0 0 1
708 2 0 0 0 1
709 2 0 0 0 1
710 2 0 0 0 1
711 2 0 0 0 1
712 2 0 0 0 1
713 2 0 0 0 1
714 2 0 0 0 1
715 2 0 0 0 1
716 2 0 0 0 1
717 2 0 0 0 1
718 2 0 0 0 1
719 3 0 3 0 1
720 3 0 3 0 1
721 3 0 3 0 1
722 3 0 3 0 1
723 3 0 3 0 1
724 3 0 3 0 1
725 3 0 3 0 1
726 3 0 3 0 1
727 3 0 3 0 1
728 3 0 3 0 1
729 3 0 3 0 1
730 3 0 3 0 1
731 3 0 3 0 1
732 3 0 3 0 1
733 3 0 3 0 1
734 2 0 3 0 1
735 2 0 3 0 1
736 2 0 3 0 1
737 2 0 3 0 1
738 2 0 3 0 1
739 2 0 3 0 1
740 2 0 3 0 1
741 2 0 3 0 1
742 2 0 3 0 1
743 2 0 3 0 1
744 2 0 3 0 1
745 2 0 3 0 1
746 2 0 3 0 1
747 2 0 3 0 1
748 2 0 3 0 1
749 3 0 2 0 2
750 3 0 2 0 2
751 3 0 2 0 2
752 3 0 2 0 2
753 3 0 2 0 2
754 3 0 2 0 2
755 3 0 2 0 2
756 3 0 2 0 2
757 3 0 2 0 2
758 3 0 2 0 2
759 3 0 2 0 2
760 3 0 2 0 2
761 3 0 2 0 2
762 3 0 2 0 2
763 3 0 2 0 2
764 2 0 2 0 2
765 2 0 2 0 2
766 2 0 2 0 2
767 2 0 2 0 2
768 2 0 2 0 2
769 2 0 2 0 2
770 2 0 2 0 2
771 2 0 2 0 2
772 2 0 2 0 2
773 2 0 2 0 2
774 2 0 2 0 2
775 2 0 2 0 2
776 2 0 2 0 2
777 2 0 2 0 2
778 2 0 2 0 2
779 2 0 2 0 2
780 2 0 2 0 2
781 2 0 2 0 2
782 3 0 2 0 0
783 3 0 2 0 0
784 3 0 2 0 0
785 3 0 2 0 0
786 3 0 2 0 0
787 3 0 2 0 0
788 3 0 2 0 0
789 3 0 2 0 0
790 3 0 2 0 0
791 3 0 2 0 0
792 3 0 2 0 0
793 3 0 2 0 0
794 3 0 2 0 0
795 3 0 2 0 0
796 3 0 2 0 0
797 0 0 2 0 0
798 0 0 2 0 0
799 0 0 2 0 0
800 0 0 2 0 0
801 0 0 2 0 0
802 0 0 2 0 0
803 0 0 2 0 0
804 0 0 2 0 0
805 0 0 2 0 0
806 0 0 2 0 0
807 0 0 2 0 0
808 0 0 2 0 0
809 0 0 2 0 0
810 0 0 2 0 0
811 0 0 2 0 0
812 0 0 2 0 0
813 0 0 2 0 0
814 0 0 2 0 0
815 0 0 2 0 0
816 0 0 2 0 0
817 0 0 2 0 0
818 0 0 2 0 0
819 0 0 2 0 0
820 0 0 2 0 0
821 0 0 2 0 0
822 0 0 2 0 0
823 0 0 2 0 0
824 0 0 2 0 0
825 0 0 2 0 0
826 0 0 2 0 0
827 0 0 2 0 0
828 0 0 2 0 0
829 0 0 2 0 0
830 0 0 2 0 0
831 3 0 2 0 0
832 3 0 2 0 0
833 3 0 2 0 0
834 3 0 2 0 0
835 3 0 2 0 0
836 3 0 2 0 0
837 3 0 2 0 0
838 3 0 2 0 0
839 3 0 2 0 0
840 3 0 2 0 0
841 3 0 2 0 0
842 3 0 2 0 0
843 3 0 2 0 0
844 3 0 2 0 0
845 3 0 2 0 0
846 3 0 2 0 0
847 3 0 2 0 0
848 3 0 2 0 0
849 3 0 0 0 0
850 3 0 0 0 0
851 3 0 0 0 0
852 3 0 0 0 0
853 3 0 0 0 0
854 3 0 0 0 0
855 3 0 0 0 0
856 3 0 0 0 0
857 3 0 0 0 0
858 3 0 0 0 0
859 3 0 0 0 0
860 3 0 0 0 0
861 3 0 0 0 0
862 3 0 0 0 0
863 3 0 0 0 0
864 3 0 0 0 1
865 3 0 0 0 1
866 3 0 0 0 1
867 3 0 0 0 1
868 3 0 0 0 1
869 3 0 0 0 1
870 3 0 0 0 1
871 3 0 0 0 1
872 3 0 0 0 1
873 3 0 0 0 1
874 3 0 0 0 1
875 3 0 0 0 1
876 3 0 0 0 1
877 3 0 0 0 1
878 3 0 0 0 1
879 0 0 0 0 1
880 0 0 0 0 1
881 0 0 0 0 1
882 0 0 0 0 1
883 0 0 0 0 1
884 0 0 0 0 1
885 0 0 0 0 1
886 0 0 0 0 1
887 0 0 0 0 1
888 0 0 0 0 1
889 0 0 0 0 1
890 0 0 0 0 1
891 0 0 0 0 1
892 0 0 0 0 1
893 0 0 0 0 1
894 0 0 0 0 0
895 0 0 0 0 0
896 0 0 0 0 0
897 0 0 0 0 0
898 0 0 0 0 0
899 0 0 0 0 0
900 0 0 0 0 0
901 0 0 0 0 0
902 0 0 0 0 0
903 0 0 0 0 0
904 0 0 0 0 0
905 0 0 0 0 0
906 0 0 0 0 0
907 0 0 0 0 0
908 0 0 0 0 0
909 0 0 0 0 1
910 0 0 0 0 1
911 0 0 0 0 1
912 0 0 0 0 1
913 0 0 0 0 1
914 0 0 0 0 1
915 0 0 0 0 1
916 0 0 0 0 1
917 0 0 0 0 1
918 0 0 0 0 1
919 0 0 0 0 1
920 0 0 0 0 1
921 0 0 0 0 1
922 0 0 0 0 1
923 0 0 0 0 1
924 0 0 0 0 1
925 0 0 0 0 1
926 0 0 0 0 1
927 0 0 0 0 1
928 0 0 0 0 1
929 0 0 0 0 1
930 0 0 0 0 1
931 0 0 0 0 1
932 0 0 0 0 1
933 0 0 0 0 1
934 0 0 0 0 1
935 0 0 0 0 1
936 0 0 0 0 1
937 0 0 0 0 1
938 0 0 0 0 1
939 0 0 0 0 0
940 0 0 0 0 0
941 0 0 0 0 0
942 0 0 0 0 0
943 0 0 0 0 0
944 0 0 0 0 0
945 0 0 0 0 0
946 0 0 0 0 0
947 0 0 0 0 0
948 0 0 0 0 0
949 0 0 0 0 0
950 0 0 0 0 0
951 0 0 0 0 0
952 0 0 0 0 0
953 0 0 0 0 0
954 0 0 0 0 0
955 0 0 0 0 0
956 0 0 0 0 0
957 0 0 0 0 0
958 0 0 0 0 0
959 0 0 0 0 0
960 0 0 0 0 0
961 0 0 0 0 0
962 0 0 0 0 0
963 0 0 0 0 0
964 0 0 0 0 0
965 0 0 0 0 0
966 0 0 0 0 0
967 0 0 0 0 0
968 0 0 0 0 0
969 0 0 0 0 0
970 0 0 0 0 0
971 0 0 0 0 0
972 0 0 0 0 0
973 0 0 0 0 0
974 0 0 0 3 0
975 0 0 0 3 0
976 0 0 0 3 0
977 0 0 0 3 0
978 0 0 0 3 0
979 0 0 0 3 0
980 0 0 0 3 0
981 0 0 0 3 0
982 0 0 0 3 0
983 0 0 0 3 0
984 0 0 0 3 0
985 0 0 0 3 0
986 0 0 0 3 0
987 0 0 0 3 0
988 0 0 0 3 0
989 0 0 0 3 0
990 0 0 0 3 0
991 0 0 0 3 0
992 0 0 0 3 0
993 0 0 0 3 0
994 0 0 0 3 0
995 0 0 0 3 0
996 0 0 0 3 0
997 0 0 0 3 0
998 0 0 0 3 0
999 0 0 0 3 0
1000 0 0 0 3 0
1001 0 0 0 3 0
1002 0 0 0 3 0
1003 0 0 0 3 0
1004 3 0 0 2 1
1005 3 0 0 2 1
1006 3 0 0 2 1
1007 3 0 0 2 1
1008 3 0 0 2 1
1009 3 0 0 2 1
1010 3 0 0 2 1
1011 3 0 0 2 1
1012 3 0 0 2 1
1013 3 0 0 2 1
1014 3 0 0 2 1
1015 3 0 0 2 1
1016 3 0 0 2 1
1017 3 0 0 2 1
1018 3 0 0 2 1
1019 0 0 2 0 0
1020 0 0 2 0 0
1021 0 0 2 0 0
1022 0 0 2 0 0
1023 0 0 2 0 0
1024 0 0 2 0 0
1025 0 0 2 0 0
1026 0 0 2 0 1
1027 0 0 2 0 1
1028 0 0 2 0 1
1029 0 0 0 0 1
1030 0 0 0 0 1
1031 0 0 0 0 1
1032 0 0 0 0 1
1033 0 0 0 0 1
1034 0 0 0 0 1
1035 0 0 0 0 1
1036 0 0 0 0 1
1037 0 0 0 0 1
1038 0 0 0 0 1
1039 0 0 0 0 1
1040 0 0 0 0 1
1041 0 0 0 0 1
1042 0 0 0 0 1
1043 0 0 0 0 1
1044 0 0 2 0 0
1045 0 0 2 0 0
1046 0 0 2 0 0
1047 0 0 2 0 0
1048 0 0 2 0 0
1049 0 0 2 0 0
1050 0 0 2 0 0
1051 0 0 2 0 0
1052 0 0 2 0 0
1053 0 0 2 0 0
1054 0 0 2 0 0
1055 0 0 2 0 0
1056 0 0 2 0 0
1057 0 0 2 0 0
1058 0 0 2 0 0
1059 0 0 2 0 0
1060 0 0 2 0 0
1061 0 0 2 0 0
1062 0 0 2 0 0
1063 0 0 2 0 0
1064 0 0 2 0 0
1065 0 0 2 0 0
1066 0 0 2 0 0
1067 0 0 2 0 0
1068 0 0 2 0 0
1069 0 0 2 0 0
1070 0 0 2 0 0
1071 0 0 2 0 0
1072 0 0 2 0 0
1073 0 0 2 0 0
1074 0 0 2 0 1
1075 0 0 2 0 1
1076 0 0 2 0 1
1077 0 0 2 0 1
1078 0 0 2 0 1
1079 0 0 2 0 1
1080 0 0 2 0 1
1081 0 0 2 0 1
1082 0 0 2 0 1
1083 0 0 2 0 1
1084 0 0 2 0 1
1085 0 0 2 0 1
1086 0 0 2 0 1
1087 0 0 2 0 1
1088 0 0 2 0 1
1089 0 0 2 0 1
1090 0 0 2 0 1
1091 0 0 2 0 1
1092 0 0 2 0 1
1093 0 0 2 0 1
1094 0 0 2 0 1
1095 0 0 2 0 1
1096 0 0 2 0 1
1097 0 0 2 0 1
1098 0 0 2 0 1
1099 0 0 2 0 1
1100 0 0 2 0 1
1101 0 0 2 0 1
1102 0 0 2 0 1
1103 0 0 2 0 1
1104 0 0 0 0 1
1105 0 0 0 0 1
1106 0 0 0 0 1
1107 0 0 0 0 1
1108 0 0 0 0 1
1109 0 0 0 0 1
1110 0 0 0 0 1
1111 0 0 0 0 1
1112 0 0 0 0 1
1113 0 0 0 0 1
1114 0 0 0 0 1
1115 0 0 0 0 1
1116 0 0 0 0 1
1117 0 0 0 0 1
1118 0 0 0 0 1
1119 0 0 0 0 1
1120 0 0 0 0 1
1121 0 0 0 0 1
1122 0 0 0 0 1
1123 0 0 0 0 1
1124 0 0 0 0 1
1125 0 0 0 0 1
1126 0 0 0 0 1
1127 0 0 0 0 1
1128 0 0 0 0 1
1129 0 0 0 0 1
1130 0 0 0 0 1
1131 0 0 0 0 1
1132 0 0 0 0 1
1133 0 0 0 0 1
1134 0 0 2 0 1
1135 0 0 2 0 1
1136 0 0 2 0 1
1137 0 0 2 0 1
1138 0 0 2 0 1
1139 0 0 2 0 1
1140 0 0 2 0 1
1141 0 0 2 0 1
1142 0 0 2 0 1
1143 0 0 2 0 1
1144 0 0 2 0 1
1145 0 0 2 0 1
1146 0 0 2 0 1
1147 0 0 2 0 1
1148 0 0 2 0 1
1149 0 0 2 0 1
1150 0 0 2 0 1
1151 0 0 2 0 1
1152 0 0 2 0 1
1153 0 0 2 0 1
1154 0 0 2 0 1
1155 0 0 2 0 1
1156 0 0 2 0 1
1157 0 0 2 0 1
1158 0 0 2 0 1
1159 0 0 2 0 1
1160 0 0 2 0 1
1161 0 0 2 0 1
1162 0 0 2 0 1
1163 0 0 2 0 1
1164 0 0 2 0 1
1165 0 0 2 0 1
1166 0 0 2 0 1
1167 0 0 2 0 1
1168 0 0 2 0 1
1169 0 0 2 0 1
1170 0 0 2 0 1
1171 0 0 2 0 1
1172 0 0 2 0 1
1173 0 0 2 0 1
1174 0 0 2 0 1
1175 0 0 2 0 1
1176 0 0 2 0 1
1177 0 0 2 0 1
1178 0 0 2 0 1
1179 2 0 2 0 1
1180 2 0 2 0 1
1181 2 0 2 0 1
1182 2 0 2 0 1
1183 2 0 2 0 1
1184 2 0 2 0 1
1185 2 0 2 0 1
1186 2 0 2 0 1
1187 2 0 2 0 1
1188 2 0 2 0 1
1189 2 0 2 0 1
1190 2 0 2 0 1
1191 2 0 2 0 1
1192 2 0 2 0 1
1193 2 0 2 0 1
1194 0 2 2 0 1
1195 0 2 2 0 1
1196 0 2 2 0 1
1197 0 2 2 0 1
1198 0 2 2 0 1
1199 0 2 2 0 1
1200 0 2 2 0 1
1201 0 2 2 0 1
1202 0 2 2 0 1
1203 0 2 2 0 1
1204 0 2 2 0 1
1205 0 2 2 0 1
1206 0 2 2 0 1
1207 0 2 2 0 1
1208 0 2 2 0 1
1209 0 0 2 0 1
1210 0 0 2 0 1
1211 0 0 2 0 1
1212 0 0 2 0 1
1213 0 0 2 0 1
1214 0 0 2 0 1
1215 0 0 2 0 1
1216 0 0 2 0 1
1217 0 0 2 0 1
1218 0 0 2 0 1
1219 0 0 2 0 1
1220 0 0 2 0 1
1221 0 0 2 0 1
1222 0 0 2 0 1
1223 0 0 2 0 1
1224 0 0 2 0 1
1225 0 0 2 0 1
1226 0 0 2 0 1
1227 0 0 2 0 1
1228 0 0 2 0 1
1229 0 0 2 0 1
1230 0 0 2 0 1
1231 0 0 2 0 1
1232 0 0 2 0 1
1233 0 0 2 0 1
1234 0 0 2 0 1
1235 0 0 2 0 1
1236 0 0 2 0 1
1237 0 0 2 0 1
1238 0 0 2 0 1
1239 0 0 2 0 1
1240 0 0 2 0 1
1241 0 0 2 0 1
1242 0 0 2 0 1
1243 0 0 2 0 1
1244 0 0 2 0 1
1245 0 0 2 0 1
1246 0 0 2 0 1
1247 0 0 2 0 1
1248 0 0 2 0 1
1249 0 0 2 0 1
1250 0 0 2 0 1
1251 0 0 2 0 1
1252 0 0 2 0 1
1253 0 0 2 0 1
1254 0 0 2 0 1
1255 0 0 2 0 1
1256 0 0 2 0 1
1257 0 0 2 0 1
1258 0 0 2 0 1
1259 0 0 2 0 1
1260 0 0 2 0 1
1261 0 0 2 0 1
1262 0 0 2 0 1
1263 0 0 2 0 1
1264 0 0 2 0 1
1265 0 0 2 0 1
1266 0 0 2 0 1
1267 0 0 2 0 1
1268 0 0 2 0 1
1269 0 0 2 0 1
1270 0 0 2 0 1
1271 0 0 2 0 1
1272 0 0 2 0 1
1273 0 0 2 0 1
1274 0 0 2 0 1
1275 0 0 2 0 1
1276 0 0 2 0 1
1277 0 0 2 0 1
1278 0 0 2 0 1
1279 0 0 2 0 1
1280 0 0 2 0 1
1281 0 0 2 0 1
1282 0 0 2 0 1
1283 0 0 2 0 1
1284 0 0 2 0 1
1285 0 0 2 0 1
1286 0 0 2 0 1
1287 0 0 2 0 1
1288 0 0 2 0 1
1289 0 0 2 0 1
1290 0 0 2 0 1
1291 0 0 2 0 1
1292 0 0 2 0 1
1293 0 0 2 0 1
1294 0 0 2 0 1
1295 0 0 2 0 1
1296 0 0 2 0 1
1297 0 0 2 0 1
1298 0 0 2 0 1
1299 0 0 2 0 1
1300 0 0 2 0 1
1301 0 0 2 0 1
1302 0 0 2 0 1
1303 0 0 2 0 1
1304 0 0 2 0 1
1305 0 0 2 0 1
1306 0 0 2 0 1
1307 0 0 2 0 1
1308 0 0 2 0 1
1309 0 0 2 0 1
1310 0 0 2 0 1
1311 0 0 2 0 1
1312 0 0 2 0 1
1313 0 0 2 0 1
1314 0 0 2 0 1
1315 0 0 2 0 0
1316 0 0 2 0 0
1317 0 0 2 0 0
1318 0 0 2 0 0
1319 0 0 2 0 0
1320 0 0 2 0 0
1321 0 0 2 0 0
1322 0 0 2 0 0
1323 0 0 2 0 0
1324 0 0 2 0 0
1325 0 0 2 0 0
1326 0 0 2 0 0
1327 0 0 2 0 0
1328 0 0 2 0 0
1329 0 0 2 0 0
1330 0 0 2 0 0
1331 0 0 2 0 1
1332 0 0 2 0 1
1333 0 0 2 0 1
1334 0 0 2 0 1
1335 0 0 2 0 1
1336 0 0 2 0 1
1337 0 0 2 0 1
1338 0 0 2 0 1
1339 0 0 2 0 1
1340 0 0 2 0 1
1341 0 0 2 0 1
1342 0 0 2 0 1
1343 0 0 2 0 1
1344 0 0 2 0 1
1345 0 0 2 0 1
1346 0 0 2 0 1
1347 0 0 2 0 1
1348 0 0 2 0 1
1349 0 0 0 0 1
1350 0 0 0 0 1
1351 0 0 0 0 1
1352 0 0 0 0 1
1353 0 0 0 0 1
1354 0 0 0 0 1
1355 0 0 0 0 1
1356 0 0 0 0 1
1357 0 0 0 0 1
1358 0 0 0 0 1
1359 0 0 0 0 1
1360 0 0 0 0 1
1361 0 0 0 0 1
1362 0 0 0 0 1
1363 0 0 0 0 1
1364 0 0 0 0 1
1365 0 0 0 0 1
1366 0 0 0 0 1
1367 0 0 0 0 1
1368 0 0 0 0 1
1369 0 0 0 0 1
1370 0 0 0 0 1
1371 0 0 0 0 1
1372 0 0 0 0 1
1373 0 0 0 0 1
1374 0 0 0 0 1
1375 0 0 0 0 1
1376 0 0 0 0 1
1377 0 0 0 0 1
1378 0 0 0 0 1
1379 0 0 0 0 1
1380 0 0 0 0 1
1381 0 0 0 0 1
1382 0 0 0 0 1
1383 0 0 0 0 1
1384 0 0 0 0 1
1385 0 0 0 0 1
1386 0 0 0 0 1
1387 0 0 0 0 1
1388 0 0 0 0 1
1389 0 0 0 0 1
1390 0 0 0 0 1
1391 0 0 0 0 1
1392 0 0 0 0 1
1393 0 0 0 0 1
1394 0 0 0 0 0
1395 0 0 0 0 0
1396 0 0 0 0 0
1397 0 0 0 0 0
1398 0 0 0 0 0
1399 0 0 0 0 0
1400 0 0 0 0 0
1401 0 0 0 0 0
1402 0 0 0 0 0
1403 0 0 0 0 0
1404 0 0 0 0 0
1405 0 0 0 0 0
1406 0 0 0 0 0
1407 0 0 0 0 0
1408 0 0 0 0 0
1409 0 0 0 0 1
1410 0 0 0 0 1
1411 0 0 0 0 1
1412 0 0 0 0 1
1413 0 0 0 0 1
1414 0 0 0 0 1
1415 0 0 0 0 1
1416 0 0 0 0 1
1417 0 0 0 0 1
1418 0 0 0 0 1
1419 0 0 0 0 1
1420 0 0 0 0 1
1421 0 0 0 0 1
1422 0 0 0 0 1
1423 0 0 0 0 1
1424 0 0 0 3 0
1425 0 0 0 3 0
1426 0 0 0 3 0
1427 0 0 0 3 0
1428 0 0 0 3 0
1429 0 0 0 3 0
1430 0 0 0 3 0
1431 0 0 0 3 0
1432 0 0 0 3 0
1433 0 0 0 3 0
1434 0 0 0 3 0
1435 0 0 0 3 0
1436 0 0 0 3 0
1437 0 0 0 3 0
1438 0 0 0 3 0
1439 0 0 0 3 0
1440 0 0 0 3 0
1441 0 0 0 3 0
1442 0 0 0 3 0
1443 0 0 0 3 0
1444 0 0 0 3 0
1445 0 0 0 3 0
1446 0 0 0 3 0
1447 0 0 0 3 0
1448 0 0 0 3 0
1449 0 0 0 3 0
1450 0 0 0 3 0
1451 0 0 0 3 0
1452 0 0 0 3 0
1453 0 0 0 3 0
1454 0 0 0 3 0
1455 0 0 0 3 0
1456 0 0 0 3 0
1457 0 0 0 3 0
1458 0 0 0 3 0
1459 0 0 0 3 0
1460 0 0 0 3 0
1461 0 0 0 3 0
1462 0 0 0 3 0
1463 0 0 0 3 0
1464 0 0 0 3 0
1465 0 0 0 3 0
1466 0 0 0 3 0
1467 0 0 0 3 0
1468 0 0 0 3 0
1469 0 0 0 3 0
1470 0 0 0 3 0
1471 0 0 0 3 0
1472 0 0 0 3 0
1473 0 0 0 3 0
1474 0 0 0 3 0
1475 0 0 0 3 0
1476 0 0 0 3 0
1477 0 0 0 3 0
1478 0 0 0 3 0
1479 0 0 0 3 0
1480 0 0 0 3 0
1481 0 0 0 3 0
1482 0 0 0 3 0
1483 0 0 0 3 0
1484 0 0 0 3 0
1485 0 0 0 3 0
1486 0 0 0 3 0
1487 0 0 0 3 0
1488 3 0 0 3 0
1489 3 0 0 3 0
1490 3 0 0 3 0
1491 3 0 0 3 0
1492 3 0 0 3 0
1493 3 0 0 3 0
1494 3 0 0 3 0
1495 3 0 0 3 0
1496 3 0 0 3 0
1497 3 0 0 3 0
1498 3 0 0 3 0
1499 3 0 0 3 0
1500 3 0 0 3 0
1501 3 0 0 3 0
1502 3 0 0 3 0
1503 2 0 0 0 0
1504 2 0 0 0 0
1505 2 0 0 0 0
1506 2 0 0 0 0
1507 2 0 0 0 0
1508 2 0 0 0 0
1509 2 0 0 0 0
1510 2 0 0 0 0
1511 2 0 0 0 0
1512 2 0 0 0 0
1513 2 0 0 0 0
1514 2 0 0 0 0
1515 2 0 0 0 0
1516 2 0 0 0 0
1517 2 0 0 0 0
1518 2 0 0 0 0
1519 2 0 0 0 0
1520 2 0 0 0 0
1521 2 0 0 0 0
1522 2 0 0 0 0
1523 2 0 0 0 0
1524 2 0 0 0 0
1525 2 0 0 0 0
1526 2 0 0 0 0
1527 2 0 0 0 0
1528 2 0 0 0 0
1529 2 0 0 0 0
1530 2 0 0 0 0
1531 2 0 0 0 0
1532 2 0 0 0 0
1533 0 0 0 0 0
1534 0 0 0 0 0
1535 0 0 0 0 0
1536 0 0 0 0 0
1537 0 0 0 0 0
1538 0 0 0 0 0
1539 0 0 0 0 0
1540 0 0 0 0 0
1541 0 0 0 0 0
1542 0 0 0 0 0
1543 0 0 0 0 0
1544 0 0 0 0 0
1545 0 0 0 0 0
1546 0 0 0 0 0
1547 0 0 0 0 0
1548 0 0 0 0 0
1549 0 0 0 0 0
1550 0 0 0 0 0
1551 0 0 0 0 0
1552 0 0 0 0 0
1553 0 0 0 0 0
1554 0 0 0 0 0
1555 0 0 0 0 0
1556 0 0 0 0 0
1557 0 0 0 0 0
1558 0 0 0 0 0
1559 0 0 0 0 0
1560 0 0 0 0 0
1561 0 0 0 0 0
1562 0 0 0 0 0
1563 0 0 0 0 0
1564 0 0 0 0 0
1565 0 0 0 0 0
1566 0 0 0 0 0
1567 0 0 0 0 0
1568 0 0 0 0 0
1569 0 0 0 0 0
1570 0 0 0 0 0
1571 0 0 0 0 0
1572 0 0 0 0 0
1573 0 0 0 0 0
1574 0 0 0 0 0
1575 0 0 0 0 0
1576 0 0 0 0 0
1577 0 0 0 0 0
1578 0 0 0 0 0
1579 0 0 0 0 0
1580 0 0 0 0 0
1581 0 0 0 0 0
1582 0 0 0 0 0
1583 0 0 0 0 0
1584 0 0 0 0 0
1585 0 0 0 0 0
1586 0 0 0 0 0
1587 0 0 0 0 0
1588 0 0 0 0 0
1589 0 0 0 0 0
1590 0 0 0 0 0
1591 0 0 0 0 0
1592 0 0 0 0 0
1593 0 0 0 0 0
1594 0 0 0 0 0
1595 0 0 0 0 0
1596 0 0 0 0 0
1597 0 0 0 0 0
1598 0 0 0 0 0
1599 0 0 0 0 0
1600 0 0 0 0 0
1601 0 0 0 0 0
1602 0 0 0 0 0
1603 0 0 0 0 0
1604 0 0 0 0 0
1605 0 0 0 0 0
1606 0 0 0 0 0
1607 0 0 0 0 0
1608 0 0 0 0 0
1609 2 0 0 0 0
1610 2 0 0 0 0
1611 2 0 0 0 0
1612 2 0 0 0 0
1613 2 0 0 0 0
1614 2 0 0 0 0
1615 2 0 0 0 0
1616 2 0 0 0 0
1617 2 0 0 0 0
1618 2 0 0 0 0
1619 2 0 0 0 0
1620 2 0 0 0 0
1621 2 0 0 0 0
1622 2 0 0 0 0
1623 2 0 0 0 0
1624 2 0 0 0 0
1625 2 0 0 0 0
1626 2 0 0 0 0
1627 2 0 0 0 0
1628 2 0 0 0 0
1629 2 0 0 0 0
1630 2 0 0 0 0
1631 2 0 0 0 0
1632 2 0 0 0 0
1633 2 0 0 0 0
1634 2 0 0 0 0
1635 2 0 0 0 0
1636 2 0 0 0 0
1637 2 0 0 0 0
1638 2 0 0 0 0
1639 0 2 0 0 1
1640 0 2 0 0 1
1641 0 2 0 0 1
1642 0 2 0 0 1
1643 0 2 0 0 1
1644 0 2 0 0 1
1645 0 2 0 0 1
1646 0 2 0 0 1
1647 0 2 0 0 1
1648 0 2 0 0 1
1649 0 2 0 0 1
1650 0 2 0 0 1
1651 0 2 0 0 1
1652 0 2 0 0 1
1653 0 2 0 0 1
1654 0 2 0 0 1
1655 0 2 0 0 1
1656 0 2 0 0 1
1657 0 2 0 0 1
1658 0 2 0 0 1
1659 0 2 0 0 1
1660 0 2 0 0 1
1661 0 2 0 0 1
1662 0 2 0 0 1
1663 0 2 0 0 1
1664 0 2 0 0 1
1665 0 2 0 0 1
1666 0 2 0 0 1
1667 0 2 0 0 1
1668 0 2 0 0 1
1669 0 2 3 0 1
1670 0 2 3 0 1
1671 0 2 3 0 1
1672 0 2 3 0 1
1673 0 2 3 0 1
1674 0 2 3 0 1
1675 0 2 3 0 1
1676 0 2 3 0 1
1677 0 2 3 0 1
1678 0 2 3 0 1
1679 0 2 3 0 1
1680 0 2 3 0 1
1681 0 2 3 0 1
1682 0 2 3 0 1
1683 0 2 3 0 1
1684 0 2 0 0 1
1685 0 2 0 0 1
1686 0 2 0 0 1
1687 0 2 0 0 1
1688 0 2 0 0 1
1689 0 2 0 0 1
1690 0 2 0 0 1
1691 0 2 0 0 1
1692 0 2 0 0 1
1693 0 2 0 0 1
1694 0 2 0 0 1
1695 0 2 0 0 1
1696 0 2 0 0 1
1697 0 2 0 0 1
1698 0 2 0 0 1
1699 0 2 0 0 1
1700 0 2 0 0 1
1701 0 2 0 0 1
1702 0 2 0 0 1
1703 0 2 0 0 1
1704 0 2 0 0 1
1705 0 2 0 0 1
1706 0 2 0 0 1
1707 0 2 0 0 1
1708 0 2 0 0 1
1709 0 2 0 0 1
1710 0 2 0 0 1
1711 0 2 0 0 1
1712 0 2 0 0 1
1713 0 2 0 0 1
1714 0 0 0 0 1
1715 0 0 0 0 1
1716 0 0 0 0 1
1717 0 0 0 0 1
1718 0 0 0 0 1
1719 0 0 0 0 1
1720 0 0 0 0 1
1721 0 0 0 0 1
1722 0 0 0 0 1
1723 0 0 0 0 1
1724 0 0 0 0 1
1725 0 0 0 0 1
1726 0 0 0 0 1
1727 0 0 0 0 1
1728 0 0 0 0 1
1729 0 2 0 0 1
1730 0 2 0 0 1
1731 0 2 0 0 1
1732 0 2 0 0 1
1733 0 2 0 0 1
1734 0 2 0 0 1
1735 0 2 0 0 1
1736 0 2 0 0 1
1737 0 2 0 0 1
1738 0 2 0 0 1
1739 0 2 0 0 1
1740 0 2 0 0 1
1741 0 2 0 0 1
1742 0 2 0 0 1
1743 0 2 0 0 1
1744 0 2 0 0 1
1745 0 2 0 0 1
1746 0 2 0 0 1
1747 0 2 0 0 1
1748 0 2 0 0 1
1749 0 2 0 0 1
1750 0 2 0 0 1
1751 0 2 0 0 1
1752 0 2 0 0 1
1753 0 2 0 0 1
1754 0 2 0 0 1
1755 0 2 0 0 1
1756 0 2 0 0 1
1757 0 2 0 0 1
1758 0 2 0 0 1
1759 0 2 2 0 1
1760 0 2 2 0 1
1761 0 2 2 0 1
1762 0 2 2 0 1
1763 0 2 2 0 1
1764 0 2 2 0 1
1765 0 2 2 0 1
1766 0 2 2 0 1
1767 0 2 2 0 1
1768 0 2 2 0 1
1769 0 2 2 0 1
1770 0 2 2 0 1
1771 0 2 2 0 1
1772 0 2 2 0 1
1773 0 2 2 0 1
1774 0 2 2 0 1
1775 0 2 2 0 1
1776 0 2 2 0 1
1777 0 2 2 0 1
1778 0 2 2 0 1
1779 0 2 2 0 1
1780 0 2 2 0 1
1781 0 2 2 0 1
1782 0 2 2 0 1
1783 0 2 2 0 1
1784 0 2 2 0 1
1785 0 2 2 0 1
1786 0 2 2 0 1
1787 0 2 2 0 1
1788 0 2 2 0 1
1789 0 0 3 0 0
1790 0 0 3 0 0
1791 0 0 3 0 0
1792 0 0 3 0 0
1793 0 0 3 0 0
1794 0 0 3 0 0
1795 0 0 3 0 0
1796 0 0 3 0 0
1797 0 0 3 0 0
1798 0 0 3 0 0
1799 0 0 3 0 0
1800 0 0 3 0 0
1801 0 0 3 0 0
1802 0 0 3 0 0
1803 0 0 3 0 0
1804 0 0 0 0 1
1805 0 0 0 0 1
1806 0 0 0 0 1
1807 0 0 0 0 1
1808 0 0 0 0 1
1809 0 0 0 0 1
1810 0 0 0 0 1
1811 0 0 0 0 1
1812 0 0 0 0 1
1813 0 0 0 0 1
1814 0 0 0 0 1
1815 0 0 0 0 1
1816 0 0 0 0 1
1817 0 0 0 0 1
1818 0 0 0 0 1
1819 0 0 3 0 1
1820 0 0 3 0 1
1821 0 0 3 0 1
1822 0 0 3 0 1
1823 0 0 3 0 1
1824 0 0 3 0 1
1825 0 0 3 0 1
1826 0 0 3 0 1
1827 0 0 3 0 1
1828 0 0 3 0 1
1829 0 0 3 0 1
1830 0 0 3 0 1
1831 0 0 3 0 1
1832 0 0 3 0 1
1833 0 0 3 0 1
1834 0 0 3 0 1
1835 0 0 3 0 1
1836 0 0 3 0 1
1837 0 0 3 0 1
1838 0 0 3 0 1
1839 0 0 3 0 1
1840 0 0 3 0 1
1841 0 0 3 0 1
1842 0 0 3 0 1
1843 0 0 3 0 1
1844 0 0 3 0 1
1845 0 0 3 0 1
1846 0 0 3 0 1
1847 0 0 3 0 1
1848 0 0 3 0 1
1849 0 0 3 0 1
1850 0 0 3 0 1
1851 0 0 3 0 1
1852 0 0 3 0 1
1853 0 0 3 0 1
1854 0 0 3 0 1
1855 0 0 3 0 1
1856 0 0 3 0 1
1857 0 0 3 0 1
1858 0 0 3 0 1
1859 0 0 3 0 1
1860 0 0 3 0 1
1861 0 0 3 0 1
1862 0 0 3 0 1
1863 0 0 3 0 1
1864 0 0 3 0 1
1865 0 0 3 0 1
1866 0 0 3 0 1
1867 0 0 3 0 1
1868 0 0 3 0 1
1869 0 0 3 0 1
1870 0 0 3 0 1
1871 0 0 3 0 1
1872 0 0 3 0 1
1873 0 0 3 0 1
1874 0 0 3 0 1
1875 0 0 3 0 1
1876 0 0 3 0 1
1877 0 0 3 0 1
1878 0 0 3 0 1
1879 0 0 3 0 1
1880 0 0 3 0 1
1881 0 0 3 0 1
1882 0 0 3 0 1
1883 0 0 3 0 1
1884 0 0 3 0 1
1885 0 0 3 0 1
1886 0 0 3 0 1
1887 0 0 3 0 1
1888 0 0 3 0 1
1889 0 0 3 0 1
1890 0 0 3 0 1
1891 0 0 3 0 1
1892 0 0 3 0 1
1893 0 0 3 0 1
1894 0 0 3 0 1
1895 0 0 3 0 1
1896 0 0 3 0 1
1897 0 0 3 0 1
1898 0 0 3 0 1
1899 0 0 3 0 1
1900 0 0 3 0 1
1901 0 0 3 0 1
1902 0 0 3 0 1
1903 0 0 3 0 1
1904 0 0 3 0 1
1905 0 0 3 0 1
1906 0 0 3 0 1
1907 0 0 3 0 1
1908 0 0 3 0 1
1909 0 0 3 0 1
1910 0 0 3 0 1
1911 0 0 3 0 1
1912 0 0 3 0 1
1913 0 0 3 0 1
1914 0 0 3 0 1
1915 0 0 3 0 1
1916 0 0 3 0 1
1917 0 0 3 0 1
1918 0 0 3 0 1
1919 0 0 3 0 1
1920 0 0 3 0 1
1921 0 0 3 0 1
1922 0 0 3 0 1
1923 0 0 3 0 1
1924 0 0 3 0 1
1925 0 0 3 0 1
1926 0 0 3 0 1
1927 0 0 3 0 1
1928 0 0 3 0 1
1929 0 0 3 0 1
1930 0 0 3 0 1
1931 0 0 3 0 1
1932 0 0 3 0 1
1933 0 0 3 0 1
1934 0 0 3 0 1
1935 0 0 3 0 1
1936 0 0 3 0 1
1937 0 0 3 0 1
1938 0 0 3 0 1
1939 0 0 3 0 1
1940 0 0 3 0 1
1941 0 0 3 0 1
1942 0 0 3 0 1
1943 0 0 3 0 1
1944 0 0 3 0 1
1945 0 0 3 0 1
1946 0 0 3 0 1
1947 0 0 3 0 1
1948 0 0 3 0 1
1949 0 0 3 0 1
1950 0 0 3 0 1
1951 0 0 3 0 1
1952 0 0 3 0 1
1953 0 0 3 0 1
1954 0 0 3 0 1
1955 0 0 3 0 1
1956 0 0 3 0 1
1957 0 0 3 0 1
1958 0 0 3 0 1
1959 0 0 3 0 1
1960 0 0 3 0 1
1961 0 0 3 0 1
1962 0 0 3 0 1
1963 0 0 3 0 1
1964 0 0 3 0 1
1965 0 0 3 0 1
1966 0 0 3 0 1
1967 0 0 3 0 1
1968 0 0 3 0 1
1969 0 0 3 0 1
1970 0 0 3 0 1
1971 0 0 3 0 1
1972 0 0 3 0 1
1973 0 0 3 0 1
1974 0 0 3 0 1
1975 0 0 3 0 1
1976 0 0 3 0 1
1977 0 0 3 0 1
1978 0 0 3 0 1
1979 0 0 3 0 1
1980 0 0 3 0 1
1981 0 0 3 0 1
1982 0 0 3 0 1
1983 0 0 3 0 1
1984 0 0 3 0 1
1985 0 0 3 0 1
1986 0 0 3 0 1
1987 0 0 3 0 1
1988 0 0 3 0 1
1989 0 0 3 0 1
1990 0 0 3 0 1
1991 0 0 3 0 1
1992 0 0 3 0 1
1993 0 0 3 0 1
1994 0 0 3 0 1
1995 0 0 3 0 1
1996 0 0 3 0 1
1997 0 0 3 0 1
1998 0 0 3 0 1
1999 0 0 2 0 0
2000 0 0 2 0 0
2001 0 0 2 0 0
2002 0 0 2 0 0
2003 0 0 2 0 0
2004 0 0 2 0 0
2005 0 0 2 0 0
2006 0 0 2 0 0
2007 0 0 2 0 0
2008 0 0 2 0 0
2009 0 0 2 0 0
2010 0 0 2 0 0
2011 0 0 2 0 0
2012 0 0 2 0 0
2013 0 0 2 0 0
2014 2 0 3 0 1
2015 2 0 3 0 1
2016 2 0 3 0 1
2017 2 0 3 0 1
2018 2 0 3 0 1
2019 2 0 3 0 1
2020 2 0 3 0 1
2021 2 0 3 0 1
2022 2 0 3 0 1
2023 2 0 3 0 1
2024 2 0 3 0 1
2025 2 0 3 0 1
2026 2 0 0 0 1
2027 2 0 0 0 1
2028 2 0 0 0 1
2029 2 0 0 0 0
2030 2 0 0 0 0
2031 2 0 0 0 0
2032 2 0 0 0 0
2033 2 0 0 0 0
2034 2 0 0 0 0
2035 2 0 0 0 0
2036 2 0 0 0 0
2037 2 0 0 0 0
2038 2 0 0 0 0
2039 2 0 0 0 0
2040 2 0 0 0 0
2041 2 0 0 0 0
2042 2 0 0 0 0
2043 2 0 0 0 0
2044 0 0 0 0 0
2045 0 0 0 0 0
2046 0 0 0 0 0
2047 0 0 0 0 0
2048 0 0 0 0 0
2049 0 0 0 0 0
2050 0 0 0 0 0
2051 0 0 0 0 0
2052 0 0 0 0 0
2053 0 0 0 0 0
2054 0 0 0 0 0
2055 0 0 0 0 0
2056 0 0 0 0 0
2057 0 0 0 0 0
2058 0 0 0 0 0
2059 0 0 0 0 0
2060 0 0 0 0 0
2061 0 0 0 0 0
2062 0 0 0 0 0
2063 0 0 0 0 0
2064 0 0 0 0 0
2065 0 0 0 0 0
2066 0 0 0 0 0
2067 0 0 0 0 0
2068 0 0 0 0 0
2069 0 0 0 0 0
2070 0 0 0 0 0
2071 0 0 0 0 0
2072 0 0 0 0 0
2073 0 0 0 0 0
2074 0 0 0 0 0
2075 0 0 0 0 0
2076 0 0 0 0 0
2077 0 0 0 0 0
2078 0 0 0 0 0
2079 0 0 0 0 0
2080 0 0 0 0 0
2081 0 0 0 0 0
2082 0 0 0 0 0
2083 0 0 0 0 0
2084 0 0 0 0 0
2085 0 0 0 0 0
2086 0 0 0 0 0
2087 0 0 0 0 0
2088 0 0 0 0 0
2089 0 0 0 0 0
2090 0 0 0 0 0
2091 0 0 0 0 0
2092 0 0 0 0 0
2093 0 0 0 0 0
2094 0 0 0 0 0
2095 0 0 0 0 0
2096 0 0 0 0 0
2097 0 0 0 0 0
2098 0 0 0 0 0
2099 0 0 0 0 0
2100 0 0 0 0 0
2101 0 0 0 0 0
2102 0 0 0 0 0
2103 0 0 0 0 0
2104 0 0 0 0 0
2105 0 0 0 0 0
2106 0 0 0 0 0
2107 0 0 0 0 0
2108 0 0 0 0 0
2109 0 0 0 0 0
2110 0 0 0 0 0
2111 0 0 0 0 0
2112 0 0 0 0 0
2113 0 0 0 0 0
2114 0 0 0 0 0
2115 0 0 0 0 0
2116 0 0 0 0 0
2117 0 0 0 0 0
2118 0 0 0 0 0
2119 0 0 0 0 0
2120 0 0 0 0 0
2121 0 0 0 0 0
2122 0 0 0 0 0
2123 0 0 0 0 0
2124 0 0 0 0 0
2125 0 0 0 0 0
2126 0 0 0 0 0
2127 0 0 0 0 0
2128 0 0 0 0 0
2129 0 0 0 0 0
2130 0 0 0 0 0
2131 0 0 0 0 0
2132 0 0 0 0 0
2133 0 0 0 0 0
2134 0 0 0 0 0
2135 0 0 0 0 0
2136 0 0 0 0 0
2137 0 0 0 0 0
2138 0 0 0 0 0
2139 0 0 0 0 0
2140 0 0 0 0 0
2141 0 0 0 0 0
2142 0 0 0 0 0
2143 0 0 0 0 0
2144 0 0 0 0 0
2145 0 0 0 0 0
2146 0 0 0 0 0
2147 0 0 0 0 0
2148 0 0 0 0 0
2149 0 0 3 0 0
2150 0 0 3 0 0
2151 0 0 3 0 0
2152 0 0 3 0 0
2153 0 0 3 0 0
2154 0 0 3 0 0
2155 0 0 3 0 0
2156 0 0 3 0 0
2157 0 0 3 0 0
2158 0 0 3 0 0
2159 0 0 3 0 0
2160 0 0 3 0 0
2161 0 0 3 0 0
2162 0 0 3 0 0
2163 0 0 3 0 0
2164 0 0 0 0 0
2165 0 0 0 0 0
2166 0 0 0 0 0
2167 0 0 0 0 0
2168 0 0 0 0 0
2169 0 0 0 0 0
2170 0 0 0 0 0
2171 0 0 0 0 0
2172 0 0 0 0 0
2173 0 0 0 0 0
2174 0 0 0 0 0
2175 0 0 0 0 0
2176 0 0 0 0 0
2177 0 0 0 0 0
2178 0 0 0 0 0
2179 0 0 0 0 0
2180 0 0 0 0 0
2181 0 0 0 0 0
2182 0 0 0 0 0
2183 0 0 0 0 0
2184 0 0 0 0 0
2185 0 0 0 0 0
2186 0 0 0 0 0
2187 0 0 0 0 0
2188 0 0 0 0 0
2189 0 0 0 0 0
2190 0 0 0 0 0
2191 0 0 0 0 0
2192 0 0 0 0 0
2193 0 0 0 0 0
2194 0 0 0 0 0
2195 0 0 0 0 0
2196 0 0 0 0 0
2197 0 0 0 0 0
2198 0 0 0 0 0
2199 0 0 0 0 0
2200 0 0 0 0 0
2201 0 0 0 0 0
2202 0 0 0 0 0
2203 0 0 0 0 0
2204 0 0 0 0 0
2205 0 0 0 0 0
2206 0 0 0 0 0
2207 0 0 0 0 0
2208 0 0 0 0 0
2209 0 0 0 0 0
2210 0 0 0 0 0
2211 0 0 0 0 0
2212 0 0 0 0 0
2213 0 0 0 0 0
2214 0 0 0 0 0
2215 0 0 0 0 0
2216 0 0 0 0 0
2217 0 0 0 0 0
2218 0 0 0 0 0
2219 0 0 0 0 0
2220 0 0 0 0 0
2221 0 0 0 0 0
2222 0 0 0 0 0
2223 0 0 0 0 0
2224 0 0 0 0 0
2225 0 0 0 0 0
2226 0 0 0 0 0
2227 0 0 0 0 0
2228 0 0 0 0 0
2229 0 0 0 0 0
2230 0 0 0 0 0
2231 0 0 0 0 0
2232 0 0 0 0 0
2233 0 0 0 0 0
2234 0 0 0 0 0
2235 0 0 0 0 0
2236 0 0 0 0 0
2237 0 0 0 0 0
2238 0 0 0 0 0
2239 0 0 0 0 0
2240 0 0 0 0 0
2241 0 0 0 0 0
2242 0 0 0 0 0
2243 0 0 0 0 0
2244 0 0 0 0 0
2245 0 0 0 0 0
2246 0 0 0 0 0
2247 0 0 0 0 0
2248 0 0 0 0 0
2249 0 0 0 0 0
2250 0 0 0 0 0
2251 0 0 0 0 0
2252 0 0 0 0 0
2253 0 0 0 0 0
2254 0 0 0 0 0
2255 0 0 0 0 0
2256 0 0 0 0 0
2257 0 0 0 0 0
2258 0 0 0 0 0
2259 0 0 0 0 0
2260 0 0 0 0 0
2261 0 0 0 0 0
2262 0 0 0 0 0
2263 0 0 0 0 0
2264 0 0 0 0 0
2265 0 0 0 0 0
2266 0 0 0 0 0
2267 0 0 0 0 0
2268 0 0 0 0 0
2269 0 0 0 0 0
2270 0 0 0 0 0
2271 0 0 0 0 0
2272 0 0 0 0 0
2273 0 0 0 0 0
2274 0 0 0 0 0
2275 0 0 0 0 0
2276 0 0 0 0 0
2277 0 0 0 0 0
2278 0 0 0 0 0
2279 0 0 0 0 0
2280 0 0 0 0 0
2281 0 0 0 0 0
2282 0 0 0 0 0
2283 0 0 0 0 0
2284 0 0 0 0 0
2285 0 0 0 0 0
2286 0 0 0 0 0
2287 0 0 0 0 0
2288 0 0 0 0 0
2289 0 0 0 0 0
2290 0 0 0 0 0
2291 0 0 0 0 0
2292 0 0 0 0 0
2293 0 0 0 0 0
2294 0 0 0 0 0
2295 0 0 0 0 0
2296 0 0 0 0 0
2297 0 0 0 0 0
2298 2 0 0 0 0
2299 2 0 0 0 0
2300 2 0 0 0 0
2301 2 0 0 0 0
2302 2 0 0 0 0
2303 2 0 0 0 0
2304 2 0 0 0 0
2305 2 0 0 0 0
2306 2 0 0 0 0
2307 2 0 0 0 0
2308 2 0 0 0 0
2309 2 0 0 0 0
2310 2 0 0 0 0
2311 2 0 0 0 0
2312 2 0 0 0 0
2313 0 0 0 0 1
2314 0 0 0 0 1
2315 0 0 0 0 1
2316 0 0 0 0 1
2317 0 0 0 0 1
2318 0 0 0 0 1
2319 0 0 0 0 1
2320 0 0 0 0 1
2321 0 0 0 0 1
2322 0 0 0 0 1
2323 0 0 0 0 1
2324 0 0 0 0 1
2325 0 0 0 0 1
2326 0 0 0 0 1
2327 0 0 0 0 1
2328 0 0 0 0 2
2329 0 0 0 0 2
2330 0 0 0 0 2
2331 0 0 0 0 2
2332 0 0 0 0 2
2333 0 0 0 0 2
2334 0 0 0 0 2
2335 0 0 0 0 2
2336 0 0 0 0 2
2337 0 0 0 0 2
2338 0 0 0 0 2
2339 0 0 0 0 2
2340 0 0 0 0 2
2341 0 0 0 0 2
2342 0 0 0 0 2
2343 0 0 0 0 0
2344 0 0 0 0 0
2345 0 0 0 0 0
2346 0 0 0 0 0
2347 0 0 0 0 0
2348 0 0 0 0 0
2349 0 0 0 0 0
2350 0 0 0 0 0
2351 0 0 0 0 0
2352 0 0 0 0 0
2353 0 0 0 0 0
2354 0 0 0 0 0
2355 0 0 0 0 0
2356 0 0 0 0 0
2357 0 0 0 0 0
2358 0 0 0 0 0
2359 0 0 0 0 0
2360 0 0 0 0 0
2361 0 0 0 0 0
2362 0 0 0 0 0
2363 0 0 0 0 0
2364 0 0 0 0 0
2365 0 0 0 0 0
2366 0 0 0 0 0
2367 0 0 0 0 0
2368 0 0 0 0 0
2369 0 0 0 0 0
2370 0 0 0 0 0
2371 0 0 0 0 0
2372 0 0 0 0 0
2373 0 0 0 0 1
2374 0 0 0 0 1
2375 0 0 0 0 1
2376 0 0 0 0 1
2377 0 0 0 0 1
2378 0 0 0 0 1
2379 0 0 0 0 2
2380 0 0 0 0 2
2381 0 0 0 0 2
2382 0 0 0 0 0
2383 0 0 0 0 0
2384 0 0 0 0 0
2385 0 0 0 0 0
2386 0 0 0 0 0
2387 0 0 0 0 0
2388 0 0 0 0 0
2389 0 0 0 0 0
2390 0 0 0 0 0
2391 0 0 0 0 0
2392 0 0 0 0 0
2393 0 0 0 0 0
2394 0 0 0 0 0
2395 0 0 0 0 0
2396 0 0 0 0 0
2397 0 0 0 0 1
2398 0 0 0 0 1
2399 0 0 0 0 1
2400 0 0 0 0 1
2401 0 0 0 0 1
2402 0 0 0 0 1
2403 0 0 0 0 1
2404 0 0 0 0 1
2405 0 0 0 0 1
2406 0 0 0 0 1
2407 0 0 0 0 1
2408 0 0 0 0 1
2409 0 0 0 0 1
2410 0 0 0 0 1
2411 0 0 0 0 1
2412 2 0 3 0 0
2413 2 0 3 0 0
2414 2 0 3 0 0
2415 2 0 3 0 0
2416 2 0 3 0 0
2417 2 0 3 0 0
2418 2 0 3 0 0
2419 2 0 3 0 0
2420 2 0 3 0 0
2421 2 0 3 0 0
2422 2 0 3 0 0
2423 2 0 3 0 0
2424 2 0 3 0 0
2425 2 0 3 0 0
2426 2 0 3 0 0
2427 2 0 0 3 0
2428 2 0 0 3 0
2429 2 0 0 3 0
2430 2 0 0 3 0
2431 2 0 0 3 0
2432 2 0 0 3 0
2433 2 0 0 3 0
2434 2 0 0 3 0
2435 2 0 0 3 0
2436 2 0 0 3 0
2437 2 0 0 3 0
2438 2 0 0 3 0
2439 2 0 0 3 0
2440 2 0 0 3 0
2441 2 0 0 3 0
2442 2 0 0 0 0
2443 2 0 0 0 0
2444 2 0 0 0 0
2445 2 0 0 0 0
2446 2 0 0 0 0
2447 2 0 0 0 0
2448 2 0 0 0 0
2449 2 0 0 0 0
2450 2 0 0 0 0
2451 2 0 0 0 0
2452 2 0 0 0 0
2453 2 0 0 0 0
2454 2 0 0 0 0
2455 2 0 0 0 0
2456 2 0 0 0 0
2457 0 0 0 0 1
2458 0 0 0 0 1
2459 0 0 0 0 1
2460 0 0 0 0 1
2461 0 0 0 0 1
2462 0 0 0 0 1
2463 0 0 0 0 1
2464 0 0 0 0 1
2465 0 0 0 0 1
2466 0 0 0 0 1
2467 0 0 0 0 1
2468 0 0 0 0 1
2469 0 0 0 0 1
2470 0 0 0 0 1
2471 0 0 0 0 1
2472 2 0 0 0 0
2473 2 0 0 0 0
2474 2 0 0 0 0
2475 2 0 0 0 0
2476 2 0 0 0 0
2477 2 0 0 0 0
2478 2 0 0 0 0
2479 2 0 0 0 0
2480 2 0 0 0 0
2481 2 0 0 0 0
2482 2 0 0 0 0
2483 2 0 0 0 0
2484 2 0 0 0 0
2485 2 0 0 0 0
2486 2 0 0 0 0
2487 2 0 0 0 1
2488 2 0 0 0 1
2489 2 0 0 0 1
2490 2 0 0 0 1
2491 2 0 0 0 1
2492 2 0 0 0 1
2493 2 0 0 0 1
2494 2 0 0 0 1
2495 2 0 0 0 1
2496 2 0 0 0 1
2497 2 0 0 0 1
2498 2 0 0 0 1
2499 2 0 0 0 1
2500 2 0 0 0 1
2501 2 0 0 0 1
2502 2 0 0 0 2
2503 2 0 0 0 2
2504 2 0 0 0 2
2505 2 0 0 0 2
2506 2 0 0 0 2
2507 2 0 0 0 2
2508 2 0 0 0 2
2509 2 0 0 0 2
2510 2 0 0 0 2
2511 2 0 0 0 2
2512 2 0 0 0 2
2513 2 0 0 0 2
2514 2 0 0 0 2
2515 2 0 0 0 2
2516 2 0 0 0 2
2517 2 0 0 0 0
2518 2 0 0 0 0
2519 2 0 0 0 0
2520 2 0 0 0 0
2521 2 0 0 0 0
2522 2 0 0 0 0
2523 2 0 0 0 0
2524 2 0 0 0 0
2525 2 0 0 0 0
2526 2 0 0 0 0
2527 2 0 0 0 0
2528 2 0 0 0 0
2529 2 0 0 0 0
2530 2 0 0 0 0
2531 2 0 0 0 0
2532 2 0 0 0 1
2533 2 0 0 0 1
2534 2 0 0 0 1
2535 2 0 0 0 1
2536 2 0 0 0 1
2537 2 0 0 0 1
2538 2 0 0 0 1
2539 2 0 0 0 1
2540 2 0 0 0 1
2541 2 0 0 0 1
2542 2 0 0 0 1
2543 2 0 0 0 1
2544 2 0 0 0 1
2545 2 0 0 0 1
2546 2 0 0 0 1
2547 2 0 0 0 2
2548 2 0 0 0 2
2549 2 0 0 0 2
2550 2 0 0 0 2
2551 2 0 0 0 2
2552 2 0 0 0 2
2553 2 0 0 0 2
2554 2 0 0 0 2
2555 2 0 0 0 2
2556 2 0 0 0 2
2557 2 0 0 0 2
2558 2 0 0 0 2
2559 2 0 0 0 2
2560 2 0 0 0 2
2561 2 0 0 0 2
2562 2 0 0 0 1
2563 2 0 0 0 1
2564 2 0 0 0 1
2565 2 0 0 0 1
2566 2 0 0 0 1
2567 2 0 0 0 1
2568 2 0 0 0 1
2569 2 0 0 0 1
2570 2 0 0 0 1
2571 2 0 0 0 1
2572 2 0 0 0 1
2573 2 0 0 0 1
2574 2 0 0 0 1
2575 2 0 0 0 1
2576 2 0 0 0 1
2577 0 0 0 0 2
2578 0 0 0 0 2
2579 0 0 0 0 2
2580 0 0 0 0 2
2581 0 0 0 0 2
2582 0 0 0 0 2
2583 0 0 0 0 2
2584 0 0 0 0 2
2585 0 0 0 0 2
2586 0 0 0 0 2
2587 0 0 0 0 2
2588 0 0 0 0 2
2589 0 0 0 0 2
2590 0 0 0 0 2
2591 0 0 0 0 2
2592 2 0 0 0 0
2593 2 0 0 0 0
2594 2 0 0 0 0
2595 2 0 0 0 0
2596 2 0 0 0 0
2597 2 0 0 0 0
2598 2 0 0 0 0
2599 2 0 0 0 0
2600 2 0 0 0 0
2601 2 0 0 0 0
2602 2 0 0 0 0
2603 2 0 0 0 0
2604 0 0 0 0 0
2605 0 0 0 0 0
2606 0 0 0 0 0
2607 2 0 0 0 1
2608 2 0 0 0 1
2609 2 0 0 0 1
2610 2 0 0 0 1
2611 2 0 0 0 1
2612 2 0 0 0 1
2613 2 0 0 0 1
2614 2 0 0 0 1
2615 2 0 0 0 1
2616 2 0 0 0 1
2617 2 0 0 0 1
2618 2 0 0 0 1
2619 2 0 0 0 1
2620 2 0 0 0 1
2621 2 0 0 0 1
2622 0 0 0 0 0
2623 0 0 0 0 0
2624 0 0 0 0 0
2625 0 0 0 0 0
2626 0 0 0 0 0
2627 0 0 0 0 0
2628 0 0 0 0 0
2629 0 0 0 0 0
2630 0 0 0 0 0
2631 0 0 0 0 0
2632 0 0 0 0 0
2633 0 0 0 0 0
2634 0 0 0 0 0
2635 0 0 0 0 0
2636 0 0 0 0 0
2637 0 0 0 0 1
2638 0 0 0 0 1
2639 0 0 0 0 1
2640 0 0 0 0 1
2641 0 0 0 0 1
2642 0 0 0 0 1
2643 0 0 0 0 1
2644 0 0 0 0 1
2645 0 0 0 0 1
2646 0 0 0 0 1
2647 0 0 0 0 1
2648 0 0 0 0 1
2649 0 0 0 0 1
2650 0 0 0 0 1
2651 0 0 0 0 1
2652 0 0 2 0 0
2653 0 0 2 0 0
2654 0 0 2 0 0
2655 0 0 2 0 0
2656 0 0 2 0 0
2657 0 0 2 0 0
2658 0 0 2 0 0
2659 0 0 2 0 0
2660 0 0 2 0 0
2661 0 0 2 0 0
2662 0 0 2 0 0
2663 0 0 2 0 0
2664 0 0 2 0 0
2665 0 0 2 0 0
2666 0 0 2 0 0
2667 0 0 2 0 0
2668 0 0 2 0 0
2669 0 0 2 0 0
2670 0 0 2 0 0
2671 0 0 2 0 0
2672 0 0 2 0 0
2673 0 0 2 0 0
2674 0 0 2 0 0
2675 0 0 2 0 0
2676 0 0 2 0 0
2677 0 0 2 0 0
2678 0 0 2 0 0
2679 0 0 2 0 0
2680 0 0 2 0 0
2681 0 0 2 0 0
2682 0 0 2 0 0
2683 0 0 2 0 0
2684 0 0 2 0 0
2685 0 0 2 0 0
2686 0 0 2 0 0
2687 0 0 2 0 0
2688 0 0 2 0 0
2689 0 0 2 0 0
2690 0 0 2 0 0
2691 0 0 2 0 0
2692 0 0 2 0 0
2693 0 0 2 0 0
2694 0 0 2 0 0
2695 0 0 2 0 0
2696 0 0 2 0 0
2697 0 0 2 0 0
2698 0 0 2 0 0
2699 0 0 2 0 0
2700 0 0 2 0 0
2701 0 0 2 0 0
2702 0 0 2 0 0
2703 0 0 2 0 0
2704 0 0 2 0 0
2705 0 0 2 0 0
2706 0 0 2 0 0
2707 0 0 2 0 0
2708 0 0 2 0 0
2709 0 0 2 0 0
2710 0 0 2 0 0
2711 0 0 2 0 0
2712 0 0 3 0 0
2713 0 0 3 0 0
2714 0 0 3 0 0
2715 0 0 3 0 0
2716 0 0 3 0 0
2717 0 0 3 0 0
2718 0 0 3 0 0
2719 0 0 3 0 0
2720 0 0 3 0 0
2721 0 0 3 0 0
2722 0 0 3 0 0
2723 0 0 3 0 0
2724 0 0 3 0 0
2725 0 0 3 0 0
2726 0 0 3 0 0
2727 0 0 3 0 1
2728 0 0 3 0 1
2729 0 0 3 0 1
2730 0 0 3 0 1
2731 0 0 3 0 1
2732 0 0 3 0 1
2733 0 0 3 0 1
2734 0 0 3 0 1
2735 0 0 3 0 1
2736 0 0 3 0 1
2737 0 0 3 0 1
2738 0 0 3 0 1
2739 0 0 3 0 1
2740 0 0 3 0 1
2741 0 0 3 0 1
2742 0 0 3 0 1
2743 0 0 3 0 1
2744 0 0 3 0 1
2745 0 0 3 0 1
2746 0 0 3 0 1
2747 0 0 3 0 1
2748 0 0 3 0 1
2749 0 0 3 0 1
2750 0 0 3 0 1
2751 0 0 3 0 1
2752 0 0 3 0 1
2753 0 0 3 0 1
2754 0 0 3 0 1
2755 0 0 3 0 1
2756 0 0 3 0 1
2757 0 0 0 0 1
2758 0 0 0 0 1
2759 0 0 0 0 1
2760 0 0 0 0 1
2761 0 0 0 0 1
2762 0 0 0 0 1
2763 0 0 0 0 1
2764 0 0 0 0 1
2765 0 0 0 0 1
2766 0 0 0 0 1
2767 0 0 0 0 1
2768 0 0 0 0 1
2769 0 0 0 0 1
2770 0 0 0 0 1
2771 0 0 0 0 1
2772 0 0 2 0 2
2773 0 0 2 0 2
2774 0 0 2 0 2
2775 0 0 2 0 2
2776 0 0 2 0 2
2777 0 0 2 0 2
2778 0 0 2 0 2
2779 0 0 2 0 2
2780 0 0 2 0 2
2781 0 0 2 0 2
2782 0 0 2 0 2
2783 0 0 2 0 2
2784 0 0 2 0 2
2785 0 0 2 0 2
2786 0 0 2 0 2
2787 0 0 3 0 0
2788 0 0 3 0 0
2789 0 0 3 0 0
2790 0 0 3 0 0
2791 0 0 3 0 0
2792 0 0 3 0 0
2793 0 0 3 0 0
2794 0 0 3 0 0
2795 0 0 3 0 0
2796 0 0 3 0 0
2797 0 0 3 0 0
2798 0 0 3 0 0
2799 0 0 3 0 0
2800 0 0 3 0 0
2801 0 0 3 0 0
2802 0 0 3 0 1
2803 0 0 3 0 1
2804 0 0 3 0 1
2805 0 0 3 0 1
2806 0 0 3 0 1
2807 0 0 3 0 1
2808 0 0 3 0 1
2809 0 0 3 0 1
2810 0 0 3 0 1
2811 0 0 3 0 1
2812 0 0 3 0 1
2813 0 0 3 0 1
2814 0 0 3 0 1
2815 0 0 3 0 1
2816 0 0 3 0 1
2817 0 0 2 0 1
2818 0 0 2 0 1
2819 0 0 2 0 1
2820 0 0 2 0 1
2821 0 0 2 0 1
2822 0 0 2 0 1
2823 0 0 2 0 1
2824 0 0 2 0 1
2825 0 0 2 0 1
2826 0 0 2 0 1
2827 0 0 2 0 1
2828 0 0 2 0 1
2829 0 0 2 0 1
2830 0 0 2 0 1
2831 0 0 2 0 1
2832 0 0 3 0 1
2833 0 0 3 0 1
2834 0 0 3 0 1
2835 0 0 3 0 1
2836 0 0 3 0 1
2837 0 0 3 0 1
2838 0 0 3 0 1
2839 0 0 3 0 1
2840 0 0 3 0 1
2841 0 0 3 0 1
2842 0 0 3 0 1
2843 0 0 3 0 1
2844 0 0 3 0 1
2845 0 0 3 0 1
2846 0 0 3 0 1
2847 0 0 3 0 1
2848 0 0 3 0 1
2849 0 0 3 0 1
2850 0 0 3 0 1
2851 0 0 3 0 1
2852 0 0 3 0 1
2853 0 0 3 0 1
2854 0 0 3 0 1
2855 0 0 3 0 1
2856 0 0 3 0 1
2857 0 0 3 0 1
2858 0 0 3 0 1
2859 0 0 3 0 1
2860 0 0 3 0 1
2861 0 0 3 0 1
2862 0 0 3 0 1
2863 0 0 3 0 1
2864 0 0 3 0 1
2865 0 0 3 0 1
2866 0 0 3 0 1
2867 0 0 3 0 1
2868 0 0 3 0 1
2869 0 0 3 0 1
2870 0 0 3 0 1
2871 0 0 3 0 1
2872 0 0 3 0 1
2873 0 0 3 0 1
2874 0 0 3 0 1
2875 0 0 3 0 1
2876 0 0 3 0 1
2877 0 0 3 0 1
2878 0 0 3 0 1
2879 0 0 3 0 1
2880 0 0 3 0 1
2881 0 0 3 0 1
2882 0 0 3 0 1
2883 0 0 3 0 1
2884 0 0 3 0 1
2885 0 0 3 0 1
2886 0 0 3 0 1
2887 0 0 3 0 1
2888 0 0 3 0 1
2889 0 0 3 0 1
2890 0 0 3 0 1
2891 0 0 3 0 1
2892 0 0 3 0 1
2893 0 0 3 0 1
2894 0 0 3 0 1
2895 0 0 3 0 1
2896 0 0 3 0 1
2897 0 0 3 0 1
2898 0 0 3 0 1
2899 0 0 3 0 1
2900 0 0 3 0 1
2901 0 0 3 0 1
2902 0 0 3 0 1
2903 0 0 3 0 1
2904 0 0 3 0 1
2905 0 0 3 0 1
2906 0 0 3 0 1
2907 0 0 3 0 1
2908 0 0 3 0 1
2909 0 0 3 0 1
2910 0 0 3 0 1
2911 0 0 3 0 1
2912 0 0 3 0 1
2913 0 0 3 0 1
2914 0 0 3 0 1
2915 0 0 3 0 1
2916 0 0 3 0 1
2917 0 0 3 0 1
2918 0 0 3 0 1
2919 0 0 3 0 1
2920 0 0 3 0 1
2921 0 0 3 0 1
2922 0 0 2 0 2
2923 0 0 2 0 2
2924 0 0 2 0 2
2925 0 0 2 0 2
2926 0 0 2 0 2
2927 0 0 2 0 2
2928 0 0 2 0 2
2929 0 0 2 0 2
2930 0 0 2 0 2
2931 0 0 2 0 2
2932 0 0 2 0 2
2933 0 0 2 0 2
2934 0 0 2 0 2
2935 0 0 2 0 2
2936 0 0 2 0 2
2937 0 0 2 0 0
2938 0 0 2 0 0
2939 0 0 2 0 0
2940 0 0 2 0 0
2941 0 0 2 0 0
2942 0 0 2 0 0
2943 0 0 2 0 0
2944 0 0 2 0 0
2945 0 0 2 0 0
2946 0 0 2 0 0
2947 0 0 2 0 0
2948 0 0 2 0 0
2949 0 0 0 0 0
2950 0 0 0 0 0
2951 0 0 0 0 0
2952 0 0 0 0 0
2953 0 0 0 0 0
2954 0 0 0 0 0
2955 0 0 0 0 0
2956 0 0 0 0 0
2957 0 0 0 0 0
2958 0 0 0 0 0
2959 0 0 0 0 0
2960 0 0 0 0 0
2961 0 0 0 0 0
2962 0 0 0 0 0
2963 0 0 0 0 0
2964 0 0 0 0 0
2965 0 0 0 0 0
2966 0 0 0 0 0
2967 0 0 0 0 0
2968 0 0 0 0 0
2969 0 0 0 0 0
2970 0 0 0 0 0
2971 0 0 0 0 0
2972 0 0 0 0 0
2973 0 0 0 0 0
2974 0 0 0 0 0
2975 0 0 0 0 0
2976 0 0 0 0 0
2977 0 0 0 0 0
2978 0 0 0 0 0
2979 0 0 0 0 0
2980 0 0 0 0 0
2981 0 0 0 0 0
2982 0 0 0 0 0
2983 0 0 0 0 0
2984 0 0 0 0 0
2985 0 0 0 0 0
2986 0 0 0 0 0
2987 0 0 0 0 0
2988 0 0 0 0 0
2989 0 0 0 0 0
2990 0 0 0 0 0
2991 0 0 0 0 0
2992 0 0 0 0 0
2993 0 0 0 0 0
2994 0 0 0 0 0
2995 0 0 0 0 0
2996 0 0 0 0 0
2997 0 0 0 0 0
2998 0 0 0 0 0
2999 0 0 0 0 0
3000 0 0 0 0 0
3001 0 0 0 0 0
3002 0 0 0 0 0
3003 0 0 0 0 0
3004 0 0 0 0 0
3005 0 0 0 0 0
3006 0 0 0 0 0
3007 0 0 0 0 0
3008 0 0 0 0 0
3009 0 0 0 0 0
3010 0 0 0 0 0
3011 0 0 0 0 0
3012 0 0 0 0 0
3013 0 0 0 0 0
3014 0 0 0 0 0
3015 0 0 0 0 0
3016 0 0 0 0 0
3017 0 0 0 0 0
3018 0 0 0 0 0
3019 0 0 0 0 0
3020 0 0 0 0 0
3021 0 0 0 0 0
3022 0 0 0 0 0
3023 0 0 0 0 0
3024 0 0 0 0 0
3025 0 0 0 0 0
3026 0 0 0 0 0
3027 0 0 0 0 0
3028 0 0 0 0 0
3029 0 0 0 0 0
3030 0 0 0 0 0
3031 0 0 0 0 0
3032 0 0 0 0 0
3033 0 0 0 0 0
3034 0 0 0 0 0
3035 0 0 0 0 0
3036 0 0 0 0 0
3037 0 0 0 0 0
3038 0 0 0 0 0
3039 0 0 0 0 0
3040 0 0 0 0 0
3041 0 0 0 0 0
3042 0 0 0 0 0
3043 0 0 0 0 0
3044 0 0 0 0 0
3045 0 0 0 0 0
3046 0 0 0 0 0
3047 0 0 0 0 0
3048 0 0 0 0 0
3049 0 0 0 0 0
3050 0 0 0 0 0
3051 0 0 0 0 0
3052 0 0 0 0 0
3053 0 0 0 0 0
3054 0 0 3 0 0
3055 0 0 3 0 0
3056 0 0 3 0 0
3057 0 0 3 0 0
3058 0 0 3 0 0
3059 0 0 3 0 0
3060 0 0 3 0 0
3061 0 0 0 0 0
3062 0 0 0 0 0
3063 0 0 0 0 0
3064 0 0 0 0 0
3065 0 0 0 0 0
3066 0 0 0 0 0
3067 0 0 0 0 0
3068 0 0 0 0 0
3069 0 0 0 0 0
3070 0 0 0 0 0
3071 0 0 0 0 0
3072 0 0 0 0 0
3073 0 0 0 0 0
3074 0 0 0 0 0
3075 0 0 0 0 0
3076 0 0 0 0 0
3077 0 0 0 0 0
3078 0 0 0 0 0
3079 0 0 0 0 0
3080 0 0 0 0 0
3081 0 0 0 0 0
3082 0 0 0 0 0
3083 0 0 0 0 0
3084 0 0 0 0 0
3085 0 0 0 0 0
3086 0 0 0 0 0
3087 0 0 0 0 0
3088 0 0 0 0 0
3089 0 0 0 0 0
3090 0 0 0 0 0
3091 0 0 0 0 0
3092 0 0 0 0 0
3093 0 0 0 0 0
3094 0 0 0 0 0
3095 0 0 0 0 0
3096 0 0 0 0 0
3097 0 0 0 0 0
3098 0 0 0 0 0
3099 0 0 0 0 0
3100 0 0 0 0 0
3101 0 0 0 0 0
3102 0 0 0 0 0
3103 0 0 0 0 0
3104 0 0 0 0 0
3105 0 0 0 0 0
3106 0 0 0 0 0
3107 0 0 0 0 0
3108 0 0 0 0 0
3109 0 0 0 0 0
3110 0 0 0 0 0
3111 0 0 0 0 0
3112 0 0 0 0 0
3113 0 0 0 0 0
3114 0 0 0 0 0
3115 0 0 0 0 0
3116 0 0 0 0 0
3117 0 0 0 0 0
3118 0 0 0 0 0
3119 0 0 0 0 0
3120 0 0 0 0 0
3121 0 0 0 0 0
3122 0 0 0 0 0
3123 0 0 0 0 0
3124 0 0 0 0 0
3125 0 0 0 0 0
3126 0 0 0 0 0
3127 0 0 0 0 0
3128 0 0 0 0 0
3129 0 0 0 0 0
3130 0 0 0 0 0
3131 0 0 0 0 0
3132 0 0 0 0 0
3133 0 0 0 0 0
3134 0 0 0 0 0
