0 0 0 0 0 0
10 0 0 0 0 0
20 0 0 0 0 0
30 0 0 0 0 0
40 0 0 0 0 0
50 0 0 0 0 0
60 0 0 0 0 0
70 0 0 0 0 0
80 0 0 2 0 0
90 0 0 2 0 0
100 0 0 2 0 0
110 0 0 2 0 0
120 0 0 2 0 0
130 0 0 2 0 0
140 0 0 2 0 0
150 0 0 2 0 0
160 0 0 2 0 0
170 0 0 2 0 0
180 0 0 2 0 0
190 0 0 2 0 0
200 0 0 2 0 2
210 0 0 2 0 2
220 0 0 2 0 2
230 0 0 2 0 2
240 0 0 2 0 2
250 0 0 2 0 2
260 0 0 2 0 2
270 0 0 2 0 2
280 0 0 2 0 2
290 0 0 2 0 2
300 0 0 2 0 2
310 0 0 2 0 2
320 0 0 2 0 2
330 0 0 2 0 2
340 0 0 2 0 2
350 0 0 2 0 2
360 0 0 2 0 2
370 0 0 2 0 2
380 0 0 2 0 2
390 0 0 2 0 2
400 0 0 2 0 2
410 0 0 2 0 2
420 2 0 2 0 2
430 2 0 2 0 2
440 2 0 2 0 2
450 2 0 2 0 2
460 2 0 2 0 2
470 2 0 2 0 2
480 2 0 2 0 2
490 2 0 3 0 0
500 0 0 0 2 0
510 0 0 0 2 0
520 2 0 0 0 0
530 2 0 0 0 0
540 2 0 0 0 0
550 2 0 0 0 0
560 2 0 0 0 0
570 2 0 0 0 0
580 2 0 0 0 0
590 2 0 0 0 0
600 2 0 0 0 0
610 2 0 0 0 0
620 2 0 0 0 0
630 2 0 0 2 0
640 2 0 0 2 0
650 2 0 3 0 0
660 2 0 2 0 0
670 2 0 2 0 0
680 2 0 2 0 0
690 2 0 2 0 0
700 2 0 2 0 0
710 0 3 2 0 0
720 0 3 2 0 0
730 0 3 2 0 0
740 0 0 2 0 1
750 3 0 2 0 1
760 3 0 2 0 1
770 3 0 2 0 1
780 3 0 2 0 1
790 3 0 2 0 1
800 3 0 2 0 1
810 3 0 2 0 1
820 3 0 2 0 1
830 3 0 2 0 1
840 3 0 2 0 2
850 3 0 2 0 2
860 3 0 2 0 2
870 0 0 2 0 2
880 0 0 2 0 2
890 3 0 2 0 2
900 3 0 2 0 2
910 3 0 2 0 2
920 3 0 2 0 2
930 2 0 2 0 2
940 2 0 2 0 2
950 2 0 2 0 2
960 2 0 2 0 2
970 3 0 2 0 2
980 3 0 2 0 2
990 3 0 2 0 2
1000 2 0 0 0 2
1010 2 0 0 0 2
1020 2 0 2 0 2
1030 2 0 2 0 2
1040 2 0 2 0 2
1050 2 0 2 0 2
1060 2 0 0 0 2
1070 2 0 0 0 2
1080 2 0 0 0 2
1090 2 0 0 0 2
1100 2 0 0 0 2
1110 2 0 0 0 2
1120 2 0 0 0 2
1130 2 0 0 0 2
1140 2 0 0 0 2
1150 2 0 3 0 2
1160 2 0 3 0 2
1170 2 0 3 0 2
1180 0 0 2 0 2
1190 0 0 2 0 2
1200 0 0 2 0 2
1210 2 0 2 0 2
1220 2 0 2 0 2
1230 2 0 2 0 2
1240 2 0 2 0 2
1250 2 0 2 0 2
1260 2 0 2 0 2
1270 2 0 2 0 2
1280 2 0 2 0 2
1290 0 0 2 0 2
1300 0 0 2 0 2
1310 0 0 2 0 2
1320 0 0 2 0 2
1330 0 0 2 0 2
1340 0 0 2 0 2
1350 0 0 2 0 2
1360 0 0 2 0 2
1370 0 0 2 0 2
1380 0 0 2 0 2
1390 0 0 2 0 2
1400 0 0 2 0 2
1410 0 0 2 0 2
1420 0 0 2 0 2
1430 0 0 2 0 2
1440 0 0 2 0 2
1450 0 0 2 0 2
1460 0 3 2 0 2
1470 0 2 2 0 2
1480 0 2 2 0 2
1490 0 2 2 0 2
1500 2 0 2 0 2
1510 2 0 2 0 2
1520 2 0 2 0 2
1530 2 0 2 0 2
1540 2 0 3 0 2
1550 2 0 3 0 2
1560 2 0 3 0 2
1570 2 0 0 0 2
1580 2 0 0 0 2
1590 2 0 0 0 2
1600 2 0 0 0 2
1610 2 0 0 0 2
1620 2 0 0 0 2
1630 0 0 0 0 2
1640 0 0 0 0 2
1650 0 0 0 0 0
1660 0 0 0 0 0
1670 2 0 0 0 0
1680 2 0 0 0 0
1690 2 0 0 0 0
1700 2 0 0 0 1
1710 3 0 0 2 1
1720 3 0 0 2 1
1730 2 0 2 0 1
1740 2 0 2 0 1
1750 2 0 2 0 1
1760 2 0 2 0 1
1770 2 0 2 0 1
1780 2 0 2 0 1
1790 2 0 2 0 1
1800 0 3 2 0 1
1810 2 0 2 0 1
1820 2 0 2 0 1
1830 0 0 2 0 1
1840 0 0 2 0 1
1850 0 0 2 0 1
1860 0 0 2 0 1
1870 0 0 2 0 1
1880 0 0 2 0 1
1890 0 0 2 0 1
1900 0 0 2 0 1
1910 0 0 2 0 1
1920 0 0 2 0 1
1930 0 0 2 0 1
1940 0 0 2 0 2
1950 0 0 2 0 2
1960 0 0 2 0 2
1970 0 0 2 0 2
1980 0 0 2 0 2
1990 0 0 2 0 2
2000 0 0 2 0 2
2010 0 0 2 0 2
2020 2 0 2 0 2
2030 2 0 2 0 2
2040 0 2 2 0 2
2050 2 0 2 0 2
2060 2 0 2 0 2
2070 2 0 2 0 2
2080 2 0 2 0 2
2090 2 0 3 0 2
2100 2 0 3 0 2
2110 2 0 0 0 2
2120 2 0 0 0 2
2130 2 0 0 0 2
2140 2 0 0 0 2
2150 2 0 3 0 2
2160 2 0 3 0 2
2170 2 0 2 0 2
2180 2 0 2 0 2
2190 2 0 2 0 2
2200 2 0 2 0 2
2210 0 2 2 0 2
2220 0 2 2 0 2
2230 0 0 2 0 2
2240 0 2 2 0 2
2250 0 2 2 0 2
2260 0 2 2 0 2
2270 0 2 2 0 2
2280 0 2 2 0 2
2290 2 0 2 0 2
2300 2 0 2 0 2
2310 2 0 2 0 2
2320 2 0 3 0 2
2330 2 0 2 0 2
2340 2 0 2 0 2
2350 0 0 2 0 2
2360 3 0 2 0 2
2370 3 0 2 0 2
2380 2 0 2 0 2
2390 0 0 2 0 2
2400 0 0 2 0 2
2410 3 0 2 0 2
2420 0 0 2 0 2
2430 0 0 2 0 2
2440 0 3 2 0 2
2450 0 0 0 0 2
2460 0 0 0 0 2
2470 0 0 3 0 2
2480 0 0 0 0 2
2490 0 0 0 0 2
2500 0 0 0 0 2
2510 2 0 0 0 2
2520 2 0 0 0 2
2530 2 0 0 0 2
2540 2 0 0 0 2
2550 2 0 0 0 2
2560 2 0 0 0 2
2570 2 0 0 0 2
