0 0 0 0 0 0
1 0 0 0 0 0
2 0 0 0 0 0
3 0 0 0 0 0
4 0 0 0 0 0
5 0 0 0 0 0
6 0 0 0 0 0
7 0 0 0 0 0
8 0 0 0 0 0
9 0 0 0 0 0
10 0 0 0 0 0
11 0 0 0 0 0
12 0 0 0 0 0
13 0 0 0 0 0
14 0 0 0 0 0
15 0 0 0 0 0
16 0 0 0 0 0
17 0 0 0 0 0
18 0 0 0 0 0
19 0 0 0 0 0
20 0 0 0 0 0
21 0 0 0 0 0
22 0 0 0 0 0
23 0 0 0 0 0
24 0 0 0 0 0
25 0 0 0 0 0
26 0 0 0 0 0
27 0 0 0 0 0
28 0 0 0 0 0
29 0 0 0 0 0
30 0 0 0 0 0
31 0 0 0 0 0
32 0 0 0 0 0
33 0 0 0 0 0
34 0 0 0 0 0
35 0 0 0 0 0
36 0 0 0 0 0
37 0 0 0 0 0
38 0 0 0 0 0
39 0 0 0 0 0
40 0 0 0 0 0
41 0 0 0 0 0
42 0 0 0 0 0
43 0 0 0 0 0
44 0 0 0 0 0
45 0 0 0 0 0
46 0 0 0 0 0
47 0 0 0 0 0
48 0 0 0 0 0
49 0 0 0 0 0
50 0 0 0 0 0
51 0 0 0 0 0
52 0 0 0 0 0
53 0 0 0 0 0
54 0 0 0 0 0
55 0 0 0 0 0
56 0 0 0 0 0
57 0 0 0 0 0
58 0 0 0 0 0
59 0 0 0 0 0
60 0 0 0 0 0
61 0 0 0 0 0
62 0 0 0 0 0
63 0 0 0 0 0
64 0 0 0 0 0
65 0 0 0 0 0
66 0 0 0 0 0
67 0 0 0 0 0
68 0 0 0 0 0
69 0 0 0 0 0
70 0 0 0 0 0
71 0 0 0 0 0
72 0 0 0 0 0
73 0 0 0 0 0
74 0 0 0 0 0
75 0 0 0 0 0
76 0 0 0 0 0
77 0 0 0 0 0
78 0 0 0 0 0
79 0 0 0 0 0
80 0 0 0 0 0
81 0 0 0 0 0
82 0 0 0 0 0
83 0 0 0 0 0
84 0 0 0 0 0
85 0 0 0 0 0
86 0 0 0 0 0
87 0 0 0 0 0
88 0 0 0 0 0
89 0 0 0 0 0
90 0 0 2 0 0
91 0 0 2 0 0
92 0 0 2 0 0
93 0 0 2 0 0
94 0 0 2 0 0
95 0 0 2 0 0
96 0 0 2 0 0
97 0 0 2 0 0
98 0 0 2 0 0
99 0 0 2 0 0
100 0 0 2 0 0
101 0 0 2 0 0
102 0 0 2 0 0
103 0 0 2 0 0
104 0 0 2 0 0
105 0 0 0 2 0
106 0 0 0 2 0
107 0 0 0 2 0
108 0 0 0 2 0
109 0 0 0 2 0
110 0 0 0 2 0
111 0 0 0 2 0
112 0 0 0 2 0
113 0 0 0 2 0
114 0 0 0 2 0
115 0 0 0 2 0
116 0 0 0 2 0
117 0 0 0 2 0
118 0 0 0 2 0
119 0 0 0 2 0
120 0 0 2 0 0
121 0 0 2 0 0
122 0 0 2 0 0
123 0 0 2 0 0
124 0 0 2 0 0
125 0 0 2 0 0
126 0 0 2 0 0
127 0 0 2 0 0
128 0 0 2 0 0
129 0 0 2 0 0
130 0 0 2 0 0
131 0 0 2 0 0
132 0 0 2 0 0
133 0 0 2 0 0
134 0 0 2 0 0
135 0 0 2 0 0
136 0 0 2 0 0
137 0 0 2 0 0
138 0 0 2 0 0
139 0 0 2 0 0
140 0 0 2 0 0
141 0 0 2 0 0
142 0 0 2 0 0
143 0 0 2 0 0
144 0 0 2 0 0
145 0 0 2 0 0
146 0 0 2 0 0
147 0 0 2 0 0
148 0 0 2 0 0
149 0 0 2 0 0
150 0 0 2 0 0
151 0 0 2 0 0
152 0 0 2 0 0
153 0 0 2 0 0
154 0 0 2 0 0
155 0 0 2 0 0
156 0 0 2 0 0
157 0 0 2 0 0
158 0 0 2 0 0
159 0 0 2 0 0
160 0 0 2 0 0
161 0 0 2 0 0
162 0 0 2 0 0
163 0 0 2 0 0
164 0 0 2 0 0
165 0 0 2 0 0
166 0 0 2 0 0
167 0 0 2 0 0
168 0 0 2 0 0
169 0 0 2 0 0
170 0 0 2 0 0
171 0 0 2 0 0
172 0 0 2 0 0
173 0 3 2 0 0
174 0 3 2 0 0
175 0 3 2 0 0
176 0 3 2 0 0
177 0 3 2 0 0
178 0 3 2 0 0
179 0 3 2 0 0
180 0 3 2 0 0
181 0 3 2 0 0
182 0 3 2 0 0
183 0 3 2 0 0
184 0 3 2 0 0
185 0 3 2 0 0
186 0 3 2 0 0
187 0 3 2 0 0
188 0 0 0 2 0
189 0 0 0 2 0
190 0 0 0 2 0
191 0 0 0 2 0
192 0 0 0 2 0
193 0 0 0 2 1
194 0 0 0 2 1
195 0 0 0 2 1
196 0 0 2 0 2
197 0 0 2 0 2
198 0 0 2 0 2
199 0 0 2 0 2
200 0 0 2 0 2
201 0 0 2 0 2
202 0 0 2 0 2
203 0 0 2 0 2
204 0 0 2 0 2
205 0 0 2 0 2
206 0 0 2 0 2
207 0 0 2 0 2
208 0 0 2 0 2
209 0 0 2 0 2
210 0 0 2 0 2
211 0 0 2 0 2
212 0 0 2 0 2
213 0 0 2 0 2
214 0 0 2 0 2
215 0 0 2 0 2
216 0 0 2 0 2
217 0 0 2 0 2
218 0 0 2 0 2
219 0 0 2 0 2
220 0 0 2 0 2
221 0 0 2 0 2
222 0 0 2 0 2
223 0 0 2 0 2
224 0 0 2 0 2
225 0 0 2 0 2
226 0 0 2 0 2
227 0 0 2 0 2
228 0 0 2 0 2
229 0 0 2 0 2
230 0 0 2 0 2
231 0 0 2 0 2
232 0 0 2 0 2
233 0 0 2 0 2
234 0 0 2 0 2
235 0 0 2 0 2
236 0 0 2 0 2
237 0 0 2 0 2
238 0 0 2 0 2
239 0 0 2 0 2
240 0 0 2 0 2
241 0 0 2 0 2
242 0 0 2 0 2
243 0 0 2 0 2
244 0 0 2 0 2
245 0 0 2 0 2
246 0 0 2 0 2
247 0 0 2 0 2
248 0 0 2 0 2
249 0 0 2 0 2
250 0 0 2 0 2
251 0 0 2 0 2
252 0 0 2 0 2
253 0 0 2 0 2
254 0 0 2 0 2
255 0 0 2 0 2
256 0 0 2 0 2
257 0 0 2 0 2
258 0 0 2 0 2
259 0 0 2 0 2
260 0 0 2 0 2
261 0 0 2 0 2
262 0 0 2 0 2
263 0 0 2 0 2
264 0 0 2 0 2
265 0 0 2 0 2
266 0 0 2 0 2
267 0 0 2 0 2
268 0 0 2 0 2
269 0 0 2 0 2
270 0 0 2 0 2
271 0 0 2 0 2
272 0 0 2 0 2
273 0 0 2 0 2
274 0 0 2 0 2
275 0 0 2 0 2
276 0 0 2 0 2
277 0 0 2 0 2
278 0 0 2 0 2
279 0 0 2 0 2
280 0 0 2 0 2
281 0 0 2 0 2
282 0 0 2 0 2
283 0 0 2 0 2
284 0 0 2 0 2
285 0 0 2 0 2
286 0 0 2 0 2
287 0 0 2 0 2
288 0 0 2 0 2
289 0 0 2 0 2
290 0 0 2 0 2
291 0 0 2 0 2
292 0 0 2 0 2
293 0 0 2 0 2
294 0 0 2 0 2
295 0 0 2 0 2
296 0 0 2 0 2
297 0 0 2 0 2
298 0 0 2 0 2
299 0 0 2 0 2
300 0 0 2 0 2
301 0 0 2 0 2
302 0 0 2 0 2
303 0 0 2 0 2
304 0 0 2 0 2
305 0 0 2 0 2
306 0 0 2 0 2
307 0 0 2 0 2
308 0 0 2 0 2
309 0 0 2 0 2
310 0 0 2 0 2
311 0 0 2 0 2
312 0 0 2 0 2
313 0 0 2 0 2
314 0 0 2 0 2
315 0 0 2 0 2
316 0 0 2 0 2
317 0 0 2 0 2
318 0 0 2 0 2
319 0 0 2 0 2
320 0 0 2 0 2
321 0 0 2 0 2
322 0 0 2 0 2
323 0 0 2 0 2
324 0 0 2 0 2
325 0 0 2 0 2
326 0 0 2 0 2
327 0 0 2 0 2
328 0 0 2 0 2
329 0 0 2 0 2
330 0 0 2 0 2
331 0 0 2 0 2
332 0 0 2 0 2
333 0 0 2 0 2
334 0 0 2 0 2
335 0 0 2 0 2
336 0 0 2 0 2
337 0 0 2 0 2
338 0 0 2 0 2
339 0 0 2 0 2
340 0 0 2 0 2
341 0 0 2 0 2
342 0 0 2 0 2
343 0 0 2 0 2
344 0 0 2 0 2
345 0 0 2 0 2
346 0 0 2 0 2
347 0 0 2 0 2
348 0 0 2 0 2
349 0 0 2 0 2
350 0 0 2 0 2
351 0 0 2 0 2
352 0 0 2 0 2
353 0 0 2 0 2
354 0 0 2 0 2
355 0 0 2 0 2
356 0 0 2 0 2
357 0 0 2 0 2
358 0 0 2 0 2
359 0 0 2 0 2
360 0 0 2 0 2
361 0 0 2 0 2
362 0 0 2 0 2
363 0 0 2 0 2
364 0 0 2 0 2
365 0 0 2 0 2
366 0 0 2 0 2
367 0 0 2 0 2
368 0 0 2 0 2
369 0 0 2 0 2
370 0 0 2 0 2
371 0 0 2 0 2
372 0 0 2 0 2
373 0 0 2 0 2
374 0 0 2 0 2
375 0 0 2 0 2
376 0 0 2 0 2
377 0 0 2 0 2
378 0 0 2 0 2
379 0 0 2 0 2
380 0 0 2 0 2
381 0 0 2 0 2
382 0 0 2 0 2
383 0 0 2 0 2
384 0 0 2 0 2
385 0 0 2 0 2
386 0 0 2 0 2
387 0 0 2 0 2
388 0 0 2 0 2
389 0 0 2 0 2
390 0 0 2 0 2
391 0 0 2 0 2
392 0 0 2 0 2
393 0 0 2 0 2
394 0 0 2 0 2
395 0 0 2 0 2
396 0 0 2 0 2
397 0 0 2 0 2
398 0 0 2 0 2
399 0 0 2 0 2
400 0 0 2 0 2
401 0 0 2 0 2
402 0 0 2 0 2
403 0 0 2 0 2
404 0 2 2 0 2
405 0 2 2 0 2
406 0 2 2 0 2
407 0 2 2 0 2
408 0 2 2 0 2
409 0 2 2 0 2
410 0 2 2 0 2
411 0 2 2 0 2
412 0 2 2 0 2
413 0 2 2 0 2
414 0 2 2 0 2
415 0 2 2 0 2
416 0 2 2 0 2
417 0 2 2 0 2
418 0 2 2 0 2
419 2 0 2 0 2
420 2 0 2 0 2
421 2 0 2 0 2
422 2 0 2 0 2
423 2 0 2 0 2
424 2 0 2 0 2
425 2 0 2 0 2
426 2 0 2 0 2
427 2 0 2 0 2
428 2 0 2 0 2
429 2 0 2 0 2
430 2 0 2 0 2
431 2 0 2 0 2
432 2 0 2 0 2
433 2 0 2 0 2
434 0 2 2 0 2
435 0 2 2 0 2
436 0 2 2 0 2
437 0 2 2 0 2
438 0 2 2 0 2
439 0 2 2 0 2
440 0 2 2 0 2
441 0 2 2 0 2
442 0 2 2 0 2
443 0 2 2 0 2
444 0 2 2 0 2
445 0 2 2 0 2
446 0 2 2 0 2
447 2 0 2 0 2
448 2 0 2 0 2
449 2 0 2 0 2
450 2 0 2 0 2
451 2 0 2 0 2
452 2 0 2 0 2
453 2 0 2 0 2
454 2 0 2 0 2
455 2 0 2 0 2
456 2 0 2 0 2
457 2 0 2 0 2
458 2 0 2 0 2
459 2 0 2 0 2
460 2 0 2 0 2
461 2 0 2 0 2
462 2 0 2 0 2
463 2 0 2 0 2
464 2 0 2 0 2
465 2 0 0 2 0
466 2 0 0 2 0
467 2 0 0 2 0
468 2 0 0 2 0
469 2 0 0 2 0
470 2 0 0 2 0
471 2 0 0 2 0
472 2 0 0 2 0
473 2 0 0 2 0
474 2 0 0 2 0
475 2 0 0 2 0
476 2 0 0 2 0
477 2 0 0 2 0
478 2 0 0 2 0
479 2 0 0 2 0
480 2 0 0 3 1
481 2 0 0 3 1
482 2 0 0 3 1
483 2 0 0 3 1
484 2 0 0 3 1
485 2 0 0 3 1
486 2 0 0 3 1
487 2 0 0 3 1
488 2 0 0 3 1
489 2 0 0 3 1
490 2 0 0 3 1
491 2 0 0 3 1
492 2 0 0 3 1
493 2 0 0 3 1
494 2 0 0 3 1
495 2 0 0 3 1
496 2 0 0 3 1
497 2 0 0 3 1
498 2 0 0 3 1
499 2 0 0 3 1
500 2 0 0 3 1
501 2 0 0 3 1
502 2 0 0 3 1
503 2 0 0 3 1
504 2 0 0 3 1
505 2 0 0 3 1
506 2 0 0 3 1
507 2 0 0 3 1
508 2 0 0 3 1
509 2 0 0 3 1
510 2 0 0 0 1
511 2 0 0 0 1
512 2 0 0 0 1
513 2 0 0 0 1
514 2 0 0 0 1
515 2 0 0 0 1
516 2 0 0 0 1
517 2 0 0 0 1
518 2 0 0 0 1
519 2 0 0 0 1
520 2 0 0 0 1
521 2 0 0 0 1
522 2 0 0 0 1
523 2 0 0 0 1
524 2 0 0 0 1
525 2 0 0 0 0
526 2 0 0 0 0
527 2 0 0 0 0
528 2 0 0 0 0
529 2 0 0 0 0
530 2 0 0 0 0
531 2 0 0 0 0
532 2 0 0 0 0
533 2 0 0 0 0
534 2 0 0 0 0
535 2 0 0 0 0
536 2 0 0 0 0
537 2 0 0 0 0
538 2 0 0 0 0
539 2 0 0 0 0
540 2 0 0 0 0
541 2 0 0 0 0
542 2 0 0 0 0
543 2 0 0 0 0
544 2 0 0 0 0
545 2 0 0 0 0
546 2 0 0 0 0
547 2 0 0 0 0
548 2 0 0 0 0
549 2 0 0 0 0
550 2 0 0 0 0
551 2 0 0 0 0
552 2 0 0 0 0
553 2 0 0 0 0
554 2 0 0 0 0
555 2 0 0 0 0
556 2 0 0 0 0
557 2 0 0 0 0
558 2 0 0 0 0
559 2 0 0 0 0
560 2 0 0 0 0
561 2 0 0 0 0
562 2 0 0 0 0
563 2 0 0 0 0
564 2 0 0 0 0
565 2 0 0 0 0
566 2 0 0 0 0
567 2 0 0 0 0
568 2 0 0 0 0
569 2 0 0 0 0
570 2 0 0 0 0
571 2 0 0 0 0
572 2 0 0 0 0
573 2 0 0 0 0
574 2 0 0 0 0
575 2 0 0 0 0
576 2 0 0 0 0
577 2 0 0 0 0
578 2 0 0 0 0
579 2 0 0 0 0
580 2 0 0 0 0
581 2 0 0 0 0
582 2 0 0 0 0
583 2 0 0 0 0
584 2 0 0 0 0
585 2 0 0 0 0
586 2 0 0 0 0
587 2 0 0 0 0
588 2 0 0 0 0
589 2 0 0 0 0
590 2 0 0 0 0
591 2 0 0 0 0
592 2 0 0 0 0
593 2 0 0 0 0
594 2 0 0 0 0
595 2 0 0 0 0
596 2 0 0 0 0
597 2 0 0 0 0
598 2 0 0 0 0
599 2 0 0 0 0
600 2 0 0 0 0
601 2 0 0 0 0
602 2 0 0 0 0
603 2 0 0 0 0
604 2 0 0 0 0
605 2 0 0 0 0
606 2 0 0 0 0
607 2 0 0 0 0
608 2 0 0 0 0
609 2 0 0 0 0
610 2 0 0 0 0
611 2 0 0 0 0
612 2 0 0 0 0
613 2 0 0 0 0
614 2 0 0 0 0
615 2 0 0 0 0
616 2 0 0 0 0
617 2 0 0 0 0
618 2 0 0 0 0
619 2 0 0 0 0
620 2 0 0 0 0
621 2 0 0 0 0
622 2 0 0 0 0
623 2 0 0 0 0
624 2 0 0 0 0
625 2 0 0 0 0
626 2 0 0 0 0
627 2 0 0 0 0
628 2 0 0 0 0
629 2 0 0 0 0
630 2 0 0 0 0
631 2 0 0 0 0
632 2 0 0 0 0
633 2 0 0 0 0
634 2 0 0 0 0
635 2 0 0 0 0
636 2 0 0 0 0
637 2 0 0 0 0
638 2 0 0 0 0
639 2 0 0 0 0
640 2 0 0 0 0
641 2 0 0 0 0
642 2 0 0 0 0
643 2 0 0 0 0
644 2 0 0 0 0
645 2 0 0 0 0
646 2 0 0 0 0
647 2 0 0 0 0
648 2 0 0 0 0
649 2 0 0 0 0
650 2 0 0 0 0
651 2 0 0 0 0
652 2 0 0 0 0
653 2 0 0 0 0
654 2 0 0 0 0
655 2 0 2 0 0
656 2 0 2 0 0
657 2 0 2 0 0
658 2 0 2 0 0
659 2 0 2 0 0
660 2 0 2 0 0
661 2 0 2 0 0
662 2 0 2 0 0
663 2 0 2 0 0
664 2 0 2 0 0
665 2 0 2 0 0
666 2 0 2 0 0
667 2 0 2 0 0
668 2 0 2 0 0
669 2 0 2 0 0
670 2 0 2 0 0
671 2 0 2 0 0
672 2 0 2 0 0
673 2 0 2 0 0
674 2 0 2 0 0
675 2 0 2 0 0
676 2 0 2 0 0
677 2 0 2 0 0
678 2 0 2 0 0
679 2 0 2 0 0
680 2 0 2 0 0
681 2 0 2 0 0
682 2 0 2 0 0
683 2 0 2 0 0
684 2 0 2 0 0
685 2 0 2 0 0
686 2 0 2 0 0
687 2 0 2 0 0
688 2 0 2 0 0
689 2 0 2 0 0
690 2 0 2 0 0
691 2 0 2 0 0
692 2 0 2 0 0
693 2 0 2 0 0
694 2 0 2 0 0
695 2 0 2 0 0
696 2 0 2 0 0
697 2 0 2 0 0
698 2 0 2 0 0
699 2 0 2 0 0
700 2 0 2 0 0
701 2 0 2 0 0
702 2 0 2 0 0
703 2 0 2 0 0
704 2 0 2 0 0
705 0 3 2 0 0
706 0 3 2 0 0
707 0 3 2 0 0
708 0 3 2 0 0
709 0 3 2 0 0
710 0 3 2 0 0
711 0 3 2 0 0
712 0 3 2 0 0
713 0 3 2 0 0
714 0 3 2 0 0
715 0 3 2 0 0
716 0 3 2 0 0
717 0 3 2 0 0
718 0 3 2 0 0
719 0 3 2 0 0
720 0 3 2 0 0
721 0 3 2 0 0
722 0 3 2 0 0
723 0 3 2 0 0
724 0 3 2 0 0
725 0 3 2 0 0
726 0 3 2 0 0
727 0 3 2 0 0
728 0 3 2 0 0
729 0 3 2 0 0
730 0 3 2 0 0
731 0 3 2 0 0
732 0 3 2 0 0
733 0 3 2 0 0
734 0 3 2 0 0
735 3 0 2 0 1
736 3 0 2 0 1
737 3 0 2 0 1
738 3 0 2 0 1
739 3 0 2 0 1
740 3 0 2 0 1
741 3 0 2 0 1
742 3 0 2 0 1
743 3 0 2 0 1
744 3 0 2 0 1
745 3 0 2 0 1
746 3 0 2 0 1
747 3 0 2 0 1
748 3 0 2 0 1
749 3 0 2 0 1
750 3 0 2 0 1
751 3 0 2 0 1
752 3 0 2 0 1
753 3 0 2 0 1
754 3 0 2 0 1
755 3 0 2 0 1
756 3 0 2 0 1
757 3 0 2 0 1
758 3 0 2 0 1
759 3 0 2 0 1
760 3 0 2 0 1
761 3 0 2 0 1
762 3 0 2 0 1
763 3 0 2 0 1
764 3 0 2 0 1
765 3 0 2 0 1
766 3 0 2 0 1
767 3 0 2 0 1
768 3 0 2 0 1
769 3 0 2 0 1
770 3 0 2 0 1
771 3 0 2 0 1
772 3 0 2 0 1
773 3 0 2 0 1
774 3 0 2 0 1
775 3 0 2 0 1
776 3 0 2 0 1
777 3 0 2 0 1
778 3 0 2 0 1
779 3 0 2 0 1
780 3 0 2 0 1
781 3 0 2 0 1
782 3 0 2 0 1
783 3 0 2 0 1
784 3 0 2 0 1
785 3 0 2 0 1
786 3 0 2 0 1
787 3 0 2 0 1
788 3 0 2 0 1
789 3 0 2 0 1
790 3 0 2 0 1
791 3 0 2 0 1
792 3 0 2 0 1
793 3 0 2 0 1
794 3 0 2 0 1
795 3 0 2 0 1
796 3 0 2 0 1
797 3 0 2 0 1
798 3 0 2 0 1
799 3 0 2 0 1
800 3 0 2 0 1
801 3 0 2 0 1
802 3 0 2 0 1
803 3 0 2 0 1
804 3 0 2 0 1
805 3 0 2 0 1
806 3 0 2 0 1
807 3 0 2 0 1
808 3 0 2 0 1
809 3 0 2 0 1
810 3 0 2 0 1
811 3 0 2 0 1
812 3 0 2 0 1
813 3 0 2 0 1
814 3 0 2 0 1
815 3 0 2 0 1
816 3 0 2 0 1
817 3 0 2 0 1
818 3 0 2 0 1
819 3 0 2 0 1
820 3 0 2 0 1
821 3 0 2 0 1
822 3 0 2 0 1
823 3 0 2 0 1
824 3 0 2 0 1
825 3 0 2 0 1
826 3 0 2 0 1
827 3 0 2 0 1
828 3 0 2 0 1
829 3 0 2 0 1
830 3 0 2 0 1
831 3 0 2 0 1
832 3 0 2 0 1
833 3 0 2 0 1
834 3 0 2 0 1
835 3 0 2 0 2
836 3 0 2 0 2
837 3 0 2 0 2
838 3 0 2 0 2
839 3 0 2 0 2
840 3 0 2 0 2
841 3 0 2 0 2
842 3 0 2 0 2
843 3 0 2 0 2
844 3 0 2 0 2
845 3 0 2 0 2
846 3 0 2 0 2
847 3 0 2 0 2
848 3 0 2 0 2
849 3 0 2 0 2
850 3 0 2 0 2
851 3 0 2 0 2
852 3 0 2 0 2
853 3 0 2 0 2
854 3 0 2 0 2
855 3 0 2 0 2
856 3 0 2 0 2
857 3 0 2 0 2
858 3 0 2 0 2
859 3 0 2 0 2
860 3 0 2 0 2
861 3 0 2 0 2
862 3 0 2 0 2
863 3 0 2 0 2
864 3 0 2 0 2
865 0 0 2 0 2
866 0 0 2 0 2
867 0 0 2 0 2
868 0 0 2 0 2
869 0 0 2 0 2
870 0 0 2 0 2
871 0 0 2 0 2
872 0 0 2 0 2
873 0 0 2 0 2
874 0 0 2 0 2
875 0 0 2 0 2
876 0 0 2 0 2
877 0 0 2 0 2
878 0 0 2 0 2
879 0 0 2 0 2
880 0 0 2 0 2
881 0 0 2 0 2
882 0 0 2 0 2
883 0 0 2 0 2
884 0 0 2 0 2
885 0 0 2 0 2
886 0 0 2 0 2
887 0 0 2 0 2
888 0 0 2 0 2
889 0 0 2 0 2
890 0 0 2 0 2
891 0 0 2 0 2
892 0 0 2 0 2
893 0 0 2 0 2
894 0 0 2 0 2
895 0 0 2 0 2
896 0 0 2 0 2
897 0 0 2 0 2
898 0 0 2 0 2
899 0 0 2 0 2
900 0 0 2 0 2
901 0 0 2 0 2
902 0 0 2 0 2
903 0 0 2 0 2
904 0 0 2 0 2
905 0 0 2 0 2
906 0 0 2 0 2
907 0 0 2 0 2
908 0 0 2 0 2
909 0 0 2 0 2
910 0 3 2 0 2
911 0 3 2 0 2
912 0 3 2 0 2
913 0 3 2 0 2
914 0 3 2 0 2
915 0 3 2 0 2
916 0 3 2 0 2
917 0 3 2 0 2
918 0 3 2 0 2
919 0 3 2 0 2
920 0 3 2 0 2
921 0 3 2 0 2
922 0 3 2 0 2
923 0 3 2 0 2
924 0 3 2 0 2
925 0 2 2 0 2
926 0 2 2 0 2
927 0 2 2 0 2
928 0 2 2 0 2
929 0 2 2 0 2
930 0 2 2 0 2
931 0 2 2 0 2
932 0 2 2 0 2
933 0 2 2 0 2
934 0 2 2 0 2
935 0 2 2 0 2
936 0 2 2 0 2
937 0 2 2 0 2
938 0 2 2 0 2
939 0 2 2 0 2
940 0 2 2 0 2
941 0 2 2 0 2
942 0 2 2 0 2
943 0 2 2 0 2
944 0 2 2 0 2
945 0 2 2 0 2
946 0 2 2 0 2
947 0 2 2 0 2
948 0 2 2 0 2
949 0 2 2 0 2
950 0 2 2 0 2
951 0 2 2 0 2
952 0 2 2 0 2
953 0 2 2 0 2
954 0 2 2 0 2
955 0 2 2 0 2
956 0 2 2 0 2
957 0 2 2 0 2
958 0 2 2 0 2
959 0 2 2 0 2
960 0 2 2 0 2
961 0 2 2 0 2
962 0 2 2 0 2
963 0 2 2 0 2
964 0 2 2 0 2
965 0 2 2 0 2
966 2 0 2 0 2
967 2 0 2 0 2
968 2 0 2 0 2
969 2 0 2 0 2
970 2 0 2 0 2
971 2 0 2 0 2
972 2 0 2 0 2
973 2 0 2 0 2
974 2 0 2 0 2
975 2 0 2 0 2
976 2 0 2 0 2
977 2 0 2 0 2
978 2 0 2 0 2
979 2 0 2 0 2
980 2 0 2 0 2
981 2 0 2 0 2
982 2 0 2 0 2
983 2 0 2 0 2
984 2 0 2 0 2
985 2 0 2 0 2
986 2 0 2 0 2
987 2 0 2 0 2
988 2 0 2 0 2
989 2 0 2 0 2
990 2 0 2 0 2
991 2 0 2 0 2
992 2 0 2 0 2
993 2 0 2 0 2
994 2 0 2 0 2
995 2 0 2 0 2
996 2 0 2 0 2
997 2 0 2 0 2
998 2 0 2 0 2
999 2 0 0 0 0
1000 2 0 0 0 0
1001 2 0 0 0 0
1002 2 0 0 0 0
1003 2 0 0 0 0
1004 2 0 0 0 0
1005 2 0 0 0 0
1006 2 0 0 0 0
1007 2 0 0 0 0
1008 2 0 0 0 0
1009 2 0 0 0 0
1010 2 0 0 0 0
1011 2 0 0 0 0
1012 2 0 0 0 0
1013 2 0 0 0 0
1014 2 0 3 0 0
1015 2 0 3 0 0
1016 2 0 3 0 0
1017 2 0 3 0 0
1018 2 0 3 0 0
1019 2 0 3 0 0
1020 2 0 3 0 0
1021 2 0 3 0 0
1022 2 0 3 0 0
1023 2 0 3 0 0
1024 2 0 3 0 0
1025 2 0 3 0 0
1026 2 0 3 0 0
1027 2 0 3 0 0
1028 2 0 3 0 0
1029 2 0 3 0 0
1030 2 0 3 0 0
1031 2 0 3 0 0
1032 2 0 3 0 0
1033 2 0 3 0 0
1034 2 0 3 0 0
1035 2 0 3 0 0
1036 2 0 3 0 0
1037 2 0 3 0 0
1038 2 0 3 0 0
1039 2 0 3 0 0
1040 2 0 3 0 0
1041 2 0 3 0 0
1042 2 0 3 0 0
1043 2 0 3 0 0
1044 2 0 3 0 0
1045 2 0 3 0 0
1046 2 0 3 0 0
1047 2 0 3 0 0
1048 2 0 3 0 0
1049 2 0 3 0 0
1050 2 0 3 0 0
1051 2 0 3 0 0
1052 2 0 3 0 0
1053 2 0 3 0 0
1054 2 0 3 0 0
1055 2 0 3 0 0
1056 2 0 3 0 0
1057 2 0 3 0 0
1058 2 0 3 0 0
1059 2 0 0 0 0
1060 2 0 0 0 0
1061 2 0 0 0 0
1062 2 0 0 0 0
1063 2 0 0 0 0
1064 2 0 0 0 0
1065 2 0 0 0 0
1066 2 0 0 0 0
1067 2 0 0 0 0
1068 2 0 0 0 0
1069 2 0 0 0 0
1070 2 0 0 0 0
1071 2 0 0 0 0
1072 2 0 0 0 0
1073 2 0 0 0 0
1074 2 0 0 0 0
1075 2 0 0 0 0
1076 2 0 0 0 0
1077 2 0 0 0 0
1078 2 0 0 0 0
1079 2 0 0 0 0
1080 2 0 0 0 0
1081 2 0 0 0 0
1082 2 0 0 0 0
1083 2 0 0 0 0
1084 2 0 0 0 0
1085 2 0 0 0 0
1086 2 0 0 0 0
1087 2 0 0 0 0
1088 2 0 0 0 0
1089 2 0 0 0 0
1090 2 0 0 0 0
1091 2 0 0 0 0
1092 2 0 0 0 0
1093 2 0 0 0 0
1094 2 0 0 0 0
1095 2 0 0 0 0
1096 2 0 0 0 0
1097 2 0 0 0 0
1098 2 0 0 0 0
1099 2 0 0 0 0
1100 2 0 0 0 0
1101 2 0 0 0 0
1102 2 0 0 0 0
1103 2 0 0 0 0
1104 2 0 0 0 0
1105 2 0 0 0 0
1106 2 0 0 0 0
1107 2 0 0 0 0
1108 2 0 0 0 0
1109 2 0 0 0 0
1110 2 0 0 0 0
1111 2 0 0 0 0
1112 2 0 0 0 0
1113 2 0 0 0 0
1114 2 0 0 0 0
1115 2 0 0 0 0
1116 2 0 0 0 0
1117 2 0 0 0 0
1118 2 0 0 0 0
1119 2 0 0 0 0
1120 2 0 0 0 0
1121 2 0 0 0 0
1122 2 0 0 0 0
1123 2 0 0 0 0
1124 2 0 0 0 0
1125 2 0 0 0 0
1126 2 0 0 0 0
1127 2 0 0 0 0
1128 2 0 0 0 0
1129 2 0 0 0 0
1130 2 0 0 0 0
1131 2 0 0 0 0
1132 2 0 0 0 0
1133 2 0 0 0 0
1134 2 0 0 0 0
1135 2 0 0 0 0
1136 2 0 0 0 0
1137 2 0 0 0 0
1138 2 0 0 0 0
1139 2 0 0 0 0
1140 2 0 0 3 0
1141 2 0 0 3 0
1142 2 0 0 3 0
1143 2 0 0 3 0
1144 2 0 0 3 0
1145 2 0 0 3 0
1146 2 0 0 3 0
1147 2 0 0 3 0
1148 2 0 0 3 0
1149 2 0 0 3 0
1150 2 0 0 3 0
1151 2 0 0 3 0
1152 2 0 0 3 0
1153 2 0 0 3 0
1154 2 0 0 3 0
1155 2 0 0 3 0
1156 2 0 0 3 0
1157 2 0 0 3 0
1158 2 0 0 3 0
1159 2 0 0 3 0
1160 2 0 0 3 0
1161 2 0 0 3 0
1162 2 0 0 3 0
1163 2 0 0 3 0
1164 2 0 0 3 0
1165 2 0 0 3 0
1166 2 0 0 3 0
1167 2 0 0 3 0
1168 2 0 0 3 0
1169 2 0 0 3 0
1170 2 0 0 2 0
1171 2 0 0 2 0
1172 2 0 0 2 0
1173 2 0 0 2 0
1174 2 0 0 2 0
1175 2 0 0 2 0
1176 2 0 0 2 0
1177 2 0 0 2 0
1178 2 0 0 2 0
1179 2 0 0 2 0
1180 2 0 0 2 0
1181 2 0 0 2 0
1182 2 0 0 2 0
1183 2 0 0 2 0
1184 2 0 0 2 0
1185 2 0 2 0 0
1186 2 0 2 0 0
1187 2 0 2 0 0
1188 2 0 2 0 0
1189 2 0 2 0 0
1190 2 0 2 0 0
1191 2 0 2 0 0
1192 2 0 2 0 0
1193 2 0 2 0 0
1194 2 0 2 0 0
1195 2 0 2 0 0
1196 2 0 2 0 0
1197 2 0 2 0 0
1198 2 0 2 0 0
1199 2 0 2 0 0
1200 2 0 2 0 0
1201 2 0 2 0 0
1202 2 0 2 0 0
1203 2 0 2 0 0
1204 2 0 2 0 0
1205 2 0 2 0 0
1206 2 0 2 0 0
1207 2 0 2 0 0
1208 2 0 2 0 0
1209 2 0 2 0 0
1210 2 0 2 0 0
1211 2 0 2 0 0
1212 2 0 2 0 0
1213 2 0 2 0 0
1214 2 0 2 0 0
1215 2 0 2 0 0
1216 2 0 2 0 0
1217 2 0 2 0 0
1218 2 0 2 0 0
1219 2 0 2 0 0
1220 2 0 2 0 0
1221 2 0 2 0 0
1222 2 0 2 0 0
1223 2 0 2 0 0
1224 2 0 2 0 0
1225 2 0 2 0 0
1226 2 0 2 0 0
1227 2 0 2 0 0
1228 2 0 2 0 0
1229 2 0 2 0 0
1230 2 0 2 0 0
1231 2 0 2 0 0
1232 2 0 2 0 0
1233 2 0 2 0 0
1234 2 0 2 0 0
1235 2 0 2 0 0
1236 2 0 2 0 0
1237 2 0 2 0 0
1238 2 0 2 0 0
1239 2 0 2 0 0
1240 2 0 2 0 0
1241 2 0 2 0 0
1242 2 0 2 0 0
1243 2 0 2 0 0
1244 2 0 2 0 0
1245 2 0 2 0 0
1246 2 0 2 0 0
1247 2 0 2 0 0
1248 2 0 2 0 0
1249 2 0 2 0 0
1250 2 0 2 0 0
1251 2 0 2 0 0
1252 2 0 2 0 0
1253 2 0 2 0 0
1254 2 0 2 0 0
1255 2 0 2 0 0
1256 2 0 2 0 0
1257 2 0 2 0 0
1258 2 0 2 0 0
1259 2 0 2 0 0
1260 2 0 2 0 0
1261 2 0 2 0 0
1262 2 0 2 0 0
1263 2 0 2 0 0
1264 2 0 2 0 0
1265 2 0 2 0 0
1266 2 0 2 0 0
1267 2 0 2 0 0
1268 0 0 2 0 0
1269 0 0 2 0 0
1270 0 0 2 0 0
1271 0 0 2 0 0
1272 0 0 2 0 0
1273 0 0 2 0 0
1274 0 0 2 0 0
1275 0 0 2 0 0
1276 0 0 2 0 0
1277 0 0 2 0 0
1278 0 0 2 0 0
1279 0 0 2 0 0
1280 0 0 2 0 0
1281 0 0 2 0 0
1282 0 0 2 0 0
1283 0 0 2 0 0
1284 0 0 2 0 0
1285 0 0 2 0 0
1286 0 0 2 0 0
1287 0 0 2 0 0
1288 0 0 2 0 0
1289 0 0 2 0 0
1290 0 0 2 0 0
1291 0 0 2 0 0
1292 0 0 2 0 0
1293 0 0 2 0 0
1294 0 0 2 0 0
1295 0 0 2 0 0
1296 0 0 2 0 0
1297 0 0 2 0 0
1298 0 0 2 0 1
1299 0 0 2 0 1
1300 0 0 2 0 1
1301 0 0 2 0 1
1302 0 0 2 0 1
1303 0 0 2 0 1
1304 0 0 2 0 1
1305 0 0 2 0 1
1306 0 0 2 0 1
1307 0 0 2 0 1
1308 0 0 2 0 1
1309 0 0 2 0 1
1310 0 0 2 0 1
1311 0 0 2 0 1
1312 0 0 2 0 1
1313 0 0 2 0 1
1314 0 0 2 0 1
1315 0 0 2 0 1
1316 0 0 2 0 1
1317 0 0 2 0 1
1318 0 0 2 0 1
1319 0 0 2 0 1
1320 0 0 2 0 1
1321 0 0 2 0 1
1322 0 0 2 0 1
1323 0 0 2 0 1
1324 0 0 2 0 1
1325 0 0 2 0 1
1326 0 0 2 0 1
1327 0 0 2 0 1
1328 0 0 2 0 1
1329 0 0 2 0 1
1330 0 0 2 0 1
1331 0 0 2 0 1
1332 0 0 2 0 1
1333 0 0 2 0 1
1334 0 0 2 0 1
1335 0 0 2 0 1
1336 0 0 2 0 1
1337 0 0 2 0 1
1338 0 0 2 0 1
1339 0 0 2 0 1
1340 0 0 2 0 1
1341 0 0 2 0 1
1342 0 0 2 0 1
1343 0 0 2 0 1
1344 0 0 2 0 1
1345 0 0 2 0 1
1346 0 0 2 0 1
1347 0 0 2 0 1
1348 0 0 2 0 1
1349 0 0 2 0 1
1350 0 0 2 0 1
1351 0 0 2 0 1
1352 0 0 2 0 1
1353 0 0 2 0 1
1354 0 0 2 0 1
1355 0 0 2 0 1
1356 0 0 2 0 1
1357 0 0 2 0 1
1358 0 0 2 0 1
1359 0 0 2 0 1
1360 0 0 2 0 1
1361 0 0 2 0 1
1362 0 0 2 0 1
1363 0 0 2 0 1
1364 0 0 2 0 1
1365 0 0 2 0 1
1366 0 0 2 0 1
1367 0 0 2 0 1
1368 0 0 2 0 1
1369 0 0 2 0 1
1370 0 0 2 0 1
1371 0 0 2 0 1
1372 0 0 2 0 1
1373 0 0 2 0 1
1374 0 0 2 0 1
1375 0 0 2 0 1
1376 0 0 2 0 1
1377 0 0 2 0 1
1378 0 0 2 0 1
1379 0 0 2 0 1
1380 0 0 2 0 1
1381 0 0 2 0 1
1382 0 0 2 0 1
1383 0 0 2 0 1
1384 0 0 2 0 1
1385 0 0 2 0 1
1386 0 0 2 0 1
1387 0 0 2 0 1
1388 0 0 2 0 1
1389 0 0 2 0 1
1390 0 0 2 0 1
1391 0 0 2 0 1
1392 0 0 2 0 1
1393 0 0 2 0 1
1394 0 0 2 0 1
1395 0 0 2 0 1
1396 0 0 2 0 1
1397 0 0 2 0 1
1398 0 0 2 0 1
1399 0 0 2 0 1
1400 0 0 2 0 1
1401 0 0 2 0 1
1402 0 0 2 0 1
1403 0 0 2 0 1
1404 0 0 2 0 1
1405 0 0 2 0 1
1406 0 0 2 0 1
1407 0 0 2 0 1
1408 0 0 2 0 1
1409 0 0 2 0 1
1410 0 0 2 0 1
1411 0 0 2 0 1
1412 0 0 2 0 1
1413 0 0 2 0 1
1414 0 0 2 0 1
1415 0 0 2 0 1
1416 0 0 2 0 1
1417 0 0 2 0 1
1418 0 0 2 0 1
1419 0 0 2 0 1
1420 0 0 2 0 1
1421 0 0 2 0 1
1422 0 0 2 0 1
1423 0 0 2 0 1
1424 0 0 2 0 1
1425 0 0 2 0 1
1426 0 0 2 0 1
1427 0 0 2 0 1
1428 0 0 2 0 1
1429 0 0 2 0 1
1430 0 0 2 0 1
1431 0 0 2 0 1
1432 0 0 2 0 1
1433 0 0 2 0 1
1434 0 0 2 0 1
1435 0 0 2 0 1
1436 0 0 2 0 1
1437 0 0 2 0 1
1438 0 0 2 0 1
1439 0 0 2 0 1
1440 0 0 2 0 1
1441 0 0 2 0 1
1442 0 0 2 0 1
1443 0 0 2 0 1
1444 0 0 2 0 1
1445 0 0 2 0 1
1446 0 0 2 0 1
1447 0 0 2 0 1
1448 0 0 2 0 1
1449 0 0 2 0 1
1450 0 0 2 0 1
1451 0 0 2 0 1
1452 0 0 2 0 1
1453 0 0 2 0 1
1454 0 0 2 0 1
1455 0 0 2 0 1
1456 0 0 2 0 1
1457 0 0 2 0 1
1458 0 0 2 0 1
1459 0 0 2 0 1
1460 0 0 2 0 1
1461 0 0 2 0 1
1462 0 0 2 0 1
1463 0 0 2 0 1
1464 0 0 2 0 1
1465 0 0 2 0 1
1466 0 0 2 0 1
1467 0 0 2 0 1
1468 0 2 2 0 1
1469 0 2 2 0 1
1470 0 2 2 0 1
1471 0 2 2 0 1
1472 0 2 2 0 1
1473 0 2 2 0 1
1474 0 2 2 0 1
1475 0 2 2 0 1
1476 0 2 2 0 1
1477 0 2 2 0 1
1478 0 2 2 0 1
1479 0 2 2 0 1
1480 0 2 2 0 1
1481 0 2 2 0 1
1482 0 2 2 0 1
1483 0 2 2 0 1
1484 0 2 2 0 1
1485 0 2 2 0 1
1486 0 2 2 0 1
1487 0 2 2 0 1
1488 0 2 2 0 1
1489 0 2 2 0 1
1490 0 2 2 0 1
1491 0 2 2 0 1
1492 0 2 2 0 1
1493 0 2 2 0 1
1494 0 2 2 0 1
1495 0 2 2 0 1
1496 0 2 2 0 1
1497 0 2 2 0 1
1498 0 2 2 0 1
1499 0 2 2 0 1
1500 0 2 2 0 1
1501 0 2 2 0 1
1502 0 2 2 0 1
1503 0 2 2 0 1
1504 0 2 2 0 1
1505 2 0 2 0 1
1506 2 0 2 0 1
1507 2 0 2 0 1
1508 2 0 2 0 1
1509 2 0 2 0 1
1510 2 0 2 0 1
1511 2 0 2 0 1
1512 2 0 2 0 1
1513 2 0 2 0 1
1514 2 0 2 0 1
1515 2 0 2 0 1
1516 2 0 2 0 1
1517 2 0 2 0 1
1518 2 0 2 0 1
1519 2 0 2 0 1
1520 2 0 2 0 1
1521 2 0 2 0 1
1522 2 0 2 0 1
1523 2 0 2 0 1
1524 2 0 2 0 1
1525 2 0 2 0 1
1526 2 0 2 0 1
1527 2 0 2 0 1
1528 2 0 2 0 1
1529 2 0 2 0 1
1530 2 0 2 0 1
1531 2 0 2 0 1
1532 2 0 2 0 1
1533 2 0 2 0 1
1534 2 0 2 0 1
1535 2 0 2 0 1
1536 2 0 2 0 1
1537 2 0 2 0 1
1538 2 0 3 0 1
1539 2 0 3 0 1
1540 2 0 3 0 1
1541 2 0 3 0 1
1542 2 0 3 0 1
1543 2 0 3 0 1
1544 2 0 3 0 1
1545 2 0 3 0 1
1546 2 0 3 0 1
1547 2 0 3 0 1
1548 2 0 3 0 1
1549 2 0 3 0 1
1550 2 0 3 0 1
1551 2 0 3 0 1
1552 2 0 3 0 1
1553 0 0 0 0 1
1554 0 0 0 0 1
1555 0 0 0 0 1
1556 0 0 0 0 1
1557 0 0 0 0 1
1558 0 0 0 0 1
1559 0 0 0 0 1
1560 0 0 0 0 1
1561 0 0 0 0 1
1562 0 0 0 0 1
1563 0 0 0 0 1
1564 0 0 0 0 1
1565 0 0 0 0 1
1566 0 0 0 0 1
1567 0 0 0 0 1
1568 2 0 0 0 0
1569 2 0 0 0 0
1570 2 0 0 0 0
1571 2 0 0 0 0
1572 2 0 0 0 0
1573 2 0 0 0 0
1574 2 0 0 0 0
1575 2 0 0 0 0
1576 2 0 0 0 0
1577 2 0 0 0 0
1578 2 0 0 0 0
1579 2 0 0 0 0
1580 2 0 0 0 0
1581 2 0 0 0 0
1582 2 0 0 0 0
1583 2 0 0 0 0
1584 2 0 0 0 0
1585 2 0 0 0 0
1586 2 0 0 0 0
1587 2 0 0 0 0
1588 2 0 0 0 0
1589 2 0 0 0 0
1590 2 0 0 0 0
1591 2 0 0 0 0
1592 2 0 0 0 0
1593 2 0 0 0 0
1594 2 0 0 0 0
1595 2 0 0 0 0
1596 2 0 0 0 0
1597 2 0 0 0 0
1598 0 0 0 0 0
1599 0 0 0 0 0
1600 0 0 0 0 0
1601 0 0 0 0 0
1602 0 0 0 0 0
1603 0 0 0 0 0
1604 0 0 0 0 0
1605 0 0 0 0 0
1606 0 0 0 0 0
1607 0 0 0 0 0
1608 0 0 0 0 0
1609 0 0 0 0 0
1610 0 0 0 0 0
1611 0 0 0 0 0
1612 0 0 0 0 0
1613 2 0 0 0 0
1614 2 0 0 0 0
1615 2 0 0 0 0
1616 2 0 0 0 0
1617 2 0 0 0 0
1618 2 0 0 0 0
1619 2 0 0 0 0
1620 2 0 0 0 0
1621 2 0 0 0 0
1622 2 0 0 0 0
1623 2 0 0 0 0
1624 2 0 0 0 0
1625 2 0 0 0 0
1626 2 0 0 0 0
1627 2 0 0 0 0
1628 2 0 0 0 0
1629 2 0 0 0 0
1630 2 0 0 0 0
1631 2 0 0 0 0
1632 2 0 0 0 0
1633 2 0 0 0 0
1634 2 0 0 0 0
1635 2 0 0 0 0
1636 2 0 0 0 0
1637 2 0 0 0 0
1638 2 0 0 0 0
1639 2 0 0 0 0
1640 2 0 0 0 0
1641 2 0 0 0 0
1642 2 0 0 0 0
1643 2 0 0 0 0
1644 2 0 0 0 0
1645 2 0 0 0 0
1646 2 0 0 0 0
1647 2 0 0 0 0
1648 2 0 0 0 0
1649 2 0 0 0 0
1650 2 0 0 0 0
1651 2 0 0 0 0
1652 2 0 0 0 0
1653 2 0 0 0 0
1654 2 0 0 0 0
1655 2 0 0 0 0
1656 2 0 0 0 0
1657 2 0 0 0 0
1658 2 0 0 0 0
1659 2 0 0 0 0
1660 2 0 0 0 0
1661 2 0 0 0 0
1662 2 0 0 0 0
1663 2 0 0 0 0
1664 2 0 0 0 0
1665 2 0 0 0 0
1666 2 0 0 0 0
1667 2 0 0 0 0
1668 2 0 0 0 0
1669 2 0 0 0 0
1670 2 0 0 0 0
1671 2 0 0 0 0
1672 2 0 0 0 0
1673 2 0 0 0 0
1674 2 0 0 0 0
1675 2 0 0 0 0
1676 2 0 0 0 0
1677 2 0 0 0 0
1678 2 0 0 0 0
1679 2 0 0 0 0
1680 2 0 0 0 0
1681 2 0 0 0 0
1682 2 0 0 0 0
1683 2 0 0 0 0
1684 2 0 0 0 0
1685 2 0 0 0 0
1686 2 0 0 0 0
1687 2 0 0 0 0
1688 2 0 0 0 0
1689 2 0 0 0 0
1690 2 0 0 0 0
1691 2 0 0 0 0
1692 2 0 0 0 0
1693 2 0 0 0 0
1694 2 0 0 0 0
1695 2 0 0 0 0
1696 2 0 0 0 0
1697 2 0 0 0 0
1698 2 0 0 0 0
1699 2 0 0 0 0
1700 2 0 0 0 0
1701 2 0 0 0 0
1702 2 0 0 0 0
1703 2 0 0 0 0
1704 2 0 0 0 0
1705 2 0 0 0 0
1706 2 0 0 0 0
1707 2 0 0 0 0
1708 0 2 0 2 0
1709 0 2 0 2 0
1710 0 2 0 2 0
1711 0 2 0 2 0
1712 0 2 0 2 0
1713 0 2 0 2 0
1714 0 2 0 2 0
1715 0 2 0 2 0
1716 0 2 0 2 0
1717 0 2 0 2 0
1718 0 2 0 2 0
1719 0 2 0 2 0
1720 0 2 0 2 0
1721 0 2 0 2 0
1722 0 2 0 2 0
1723 2 0 0 2 0
1724 2 0 0 2 0
1725 2 0 0 2 0
1726 2 0 0 2 0
1727 2 0 0 2 0
1728 2 0 0 2 0
1729 2 0 0 2 0
1730 2 0 0 2 0
1731 2 0 0 2 0
1732 2 0 0 2 0
1733 2 0 0 2 0
1734 2 0 0 2 0
1735 2 0 0 2 0
1736 2 0 0 2 0
1737 2 0 0 2 0
1738 0 2 0 2 0
1739 0 2 0 2 0
1740 0 2 0 2 0
1741 0 2 0 2 0
1742 0 2 0 2 0
1743 0 2 0 2 0
1744 0 2 0 2 0
1745 0 2 0 2 0
1746 0 2 0 2 0
1747 0 2 0 2 0
1748 0 2 0 2 0
1749 0 2 0 2 0
1750 0 2 0 2 0
1751 0 2 0 2 0
1752 0 2 0 2 0
1753 2 0 0 2 0
1754 2 0 0 2 0
1755 2 0 0 2 0
1756 2 0 0 2 0
1757 2 0 0 2 0
1758 2 0 0 2 0
1759 2 0 0 2 0
1760 2 0 0 2 0
1761 2 0 0 2 0
1762 2 0 0 2 0
1763 2 0 0 2 0
1764 2 0 0 2 0
1765 2 0 0 2 0
1766 2 0 0 2 0
1767 2 0 0 2 0
1768 2 0 2 0 0
1769 2 0 2 0 0
1770 2 0 2 0 0
1771 2 0 2 0 0
1772 2 0 2 0 0
1773 2 0 2 0 0
1774 2 0 2 0 0
1775 2 0 2 0 0
1776 2 0 2 0 0
1777 2 0 2 0 0
1778 2 0 2 0 0
1779 2 0 2 0 0
1780 2 0 2 0 0
1781 2 0 2 0 0
1782 2 0 2 0 0
1783 2 0 2 0 0
1784 2 0 2 0 0
1785 2 0 2 0 0
1786 2 0 2 0 0
1787 2 0 2 0 0
1788 2 0 2 0 0
1789 2 0 2 0 0
1790 2 0 2 0 0
1791 2 0 2 0 0
1792 2 0 2 0 0
1793 0 2 2 0 0
1794 0 2 2 0 0
1795 0 2 2 0 0
1796 0 2 2 0 0
1797 0 2 2 0 0
1798 0 2 2 0 0
1799 0 2 2 0 0
1800 0 2 2 0 0
1801 0 2 2 0 0
1802 0 2 2 0 0
1803 0 2 2 0 0
1804 0 2 2 0 0
1805 0 2 2 0 0
1806 0 2 2 0 0
1807 0 2 2 0 0
1808 0 3 2 0 1
1809 0 3 2 0 1
1810 0 3 2 0 1
1811 0 3 2 0 1
1812 0 3 2 0 1
1813 0 3 2 0 1
1814 0 3 2 0 1
1815 0 3 2 0 1
1816 0 3 2 0 1
1817 0 3 2 0 1
1818 0 3 2 0 1
1819 0 3 2 0 1
1820 0 3 2 0 1
1821 0 3 2 0 1
1822 0 3 2 0 1
1823 0 0 2 0 1
1824 0 0 2 0 1
1825 0 0 2 0 1
1826 0 0 2 0 1
1827 0 0 2 0 1
1828 0 0 2 0 1
1829 0 0 2 0 1
1830 0 0 2 0 1
1831 0 0 2 0 1
1832 0 0 2 0 1
1833 0 0 2 0 1
1834 0 0 2 0 1
1835 0 0 2 0 1
1836 0 0 2 0 1
1837 0 0 2 0 1
1838 0 0 2 0 1
1839 0 0 2 0 1
1840 0 0 2 0 1
1841 0 0 2 0 1
1842 0 0 2 0 1
1843 0 0 2 0 1
1844 0 0 2 0 1
1845 0 0 2 0 1
1846 0 0 2 0 1
1847 0 0 2 0 1
1848 0 0 2 0 1
1849 0 0 2 0 1
1850 0 0 2 0 1
1851 0 0 2 0 1
1852 0 0 2 0 1
1853 0 0 2 0 1
1854 0 0 2 0 1
1855 0 0 2 0 1
1856 0 0 2 0 1
1857 0 0 2 0 1
1858 0 0 2 0 1
1859 0 0 2 0 1
1860 0 0 2 0 1
1861 0 0 2 0 1
1862 0 0 2 0 1
1863 0 0 2 0 1
1864 0 0 2 0 1
1865 0 0 2 0 1
1866 0 0 2 0 1
1867 0 0 2 0 1
1868 0 0 2 0 1
1869 0 0 2 0 1
1870 0 0 2 0 1
1871 0 0 2 0 1
1872 0 0 2 0 1
1873 0 0 2 0 1
1874 0 0 2 0 1
1875 0 0 2 0 1
1876 0 0 2 0 1
1877 0 0 2 0 1
1878 0 0 2 0 1
1879 0 0 2 0 1
1880 0 0 2 0 1
1881 0 0 2 0 1
1882 0 0 2 0 1
1883 0 0 2 0 1
1884 0 0 2 0 1
1885 0 0 2 0 1
1886 0 0 2 0 1
1887 0 0 2 0 1
1888 0 0 2 0 1
1889 0 0 2 0 1
1890 0 0 2 0 1
1891 0 0 2 0 1
1892 0 0 2 0 1
1893 0 0 2 0 1
1894 0 0 2 0 1
1895 0 0 2 0 1
1896 0 0 2 0 1
1897 0 0 2 0 1
1898 0 0 2 0 1
1899 0 0 2 0 1
1900 0 0 2 0 1
1901 0 0 2 0 1
1902 0 0 2 0 1
1903 0 0 2 0 1
1904 0 0 2 0 1
1905 0 0 2 0 1
1906 0 0 2 0 1
1907 0 0 2 0 1
1908 0 0 2 0 1
1909 0 0 2 0 1
1910 0 0 2 0 1
1911 0 0 2 0 1
1912 0 0 2 0 1
1913 0 0 2 0 1
1914 0 0 2 0 1
1915 0 0 2 0 1
1916 0 0 2 0 1
1917 0 0 2 0 1
1918 0 0 2 0 1
1919 0 0 2 0 1
1920 0 0 2 0 1
1921 0 0 2 0 1
1922 0 0 2 0 1
1923 0 0 2 0 1
1924 0 0 2 0 1
1925 0 0 2 0 1
1926 0 0 2 0 1
1927 0 0 2 0 1
1928 0 0 2 0 1
1929 0 0 2 0 1
1930 0 0 2 0 1
1931 0 0 2 0 1
1932 0 0 2 0 1
1933 0 0 2 0 1
1934 0 0 2 0 1
1935 0 0 2 0 1
1936 0 0 2 0 1
1937 0 0 2 0 1
1938 0 0 2 0 1
1939 0 0 2 0 1
1940 0 0 2 0 1
1941 0 0 2 0 2
1942 0 0 2 0 2
1943 0 0 2 0 2
1944 0 0 2 0 2
1945 0 0 2 0 2
1946 0 0 2 0 2
1947 0 0 2 0 2
1948 0 0 2 0 2
1949 0 0 2 0 2
1950 0 0 2 0 2
1951 0 0 2 0 2
1952 0 0 2 0 2
1953 0 0 2 0 2
1954 0 0 2 0 2
1955 0 0 2 0 2
1956 0 0 2 0 2
1957 0 0 2 0 2
1958 0 0 2 0 2
1959 0 0 2 0 2
1960 0 0 2 0 2
1961 0 0 2 0 2
1962 0 0 2 0 2
1963 0 0 2 0 2
1964 0 0 2 0 2
1965 0 0 2 0 2
1966 0 0 2 0 2
1967 0 0 2 0 2
1968 0 0 2 0 2
1969 0 0 2 0 2
1970 0 0 2 0 2
1971 0 0 2 0 2
1972 0 0 2 0 2
1973 0 0 2 0 2
1974 0 0 2 0 2
1975 0 0 2 0 2
1976 0 0 2 0 2
1977 0 0 2 0 2
1978 0 0 2 0 2
1979 0 0 2 0 2
1980 0 0 2 0 2
1981 0 0 2 0 2
1982 0 0 2 0 2
1983 0 0 2 0 2
1984 0 0 2 0 2
1985 0 0 2 0 2
1986 0 0 2 0 2
1987 0 0 2 0 2
1988 0 0 2 0 2
1989 0 0 2 0 2
1990 0 0 2 0 2
1991 0 0 2 0 2
1992 0 0 2 0 2
1993 0 0 2 0 2
1994 0 0 2 0 2
1995 0 0 2 0 2
1996 0 0 2 0 2
1997 0 0 2 0 2
1998 0 0 2 0 2
1999 0 0 2 0 2
2000 0 0 2 0 2
2001 0 0 2 0 2
2002 0 0 2 0 2
2003 0 0 2 0 2
2004 0 0 2 0 2
2005 0 0 2 0 2
2006 0 0 2 0 2
2007 0 0 2 0 2
2008 0 0 2 0 2
2009 0 0 2 0 2
2010 0 0 2 0 2
2011 0 0 2 0 2
2012 0 0 2 0 2
2013 0 0 2 0 2
2014 0 0 2 0 2
2015 0 0 2 0 2
2016 0 2 2 0 2
2017 0 2 2 0 2
2018 0 2 2 0 2
2019 0 2 2 0 2
2020 0 2 2 0 2
2021 0 2 2 0 2
2022 0 2 2 0 2
2023 0 2 2 0 2
2024 0 2 2 0 2
2025 0 2 2 0 2
2026 0 2 2 0 2
2027 0 2 2 0 2
2028 0 2 2 0 2
2029 0 2 2 0 2
2030 0 2 2 0 2
2031 0 2 2 0 2
2032 0 2 2 0 2
2033 0 2 2 0 2
2034 0 2 2 0 2
2035 0 2 2 0 2
2036 0 2 2 0 2
2037 0 2 2 0 2
2038 0 2 2 0 2
2039 0 2 2 0 2
2040 0 2 2 0 2
2041 0 2 2 0 2
2042 0 2 2 0 2
2043 0 2 2 0 2
2044 0 2 2 0 2
2045 0 2 2 0 2
2046 0 2 2 0 2
2047 0 2 2 0 2
2048 0 2 2 0 2
2049 0 2 2 0 2
2050 0 2 2 0 2
2051 0 2 2 0 2
2052 0 2 2 0 2
2053 0 2 2 0 2
2054 0 2 2 0 2
2055 0 2 2 0 2
2056 0 2 3 0 2
2057 0 2 3 0 2
2058 0 2 3 0 2
2059 0 2 3 0 2
2060 0 2 3 0 2
2061 0 2 3 0 2
2062 0 2 3 0 2
2063 0 2 3 0 2
2064 0 2 3 0 2
2065 0 2 3 0 2
2066 0 2 3 0 2
2067 0 2 3 0 2
2068 0 2 3 0 2
2069 0 2 3 0 2
2070 0 2 3 0 2
2071 2 0 3 0 2
2072 2 0 3 0 2
2073 2 0 3 0 2
2074 2 0 3 0 2
2075 2 0 3 0 2
2076 2 0 3 0 2
2077 2 0 3 0 2
2078 2 0 3 0 2
2079 2 0 3 0 2
2080 2 0 3 0 2
2081 2 0 3 0 2
2082 2 0 3 0 2
2083 2 0 3 0 2
2084 2 0 3 0 2
2085 2 0 3 0 2
2086 2 0 0 0 2
2087 2 0 0 0 2
2088 2 0 0 0 2
2089 2 0 0 0 2
2090 2 0 0 0 2
2091 2 0 0 0 2
2092 2 0 0 0 2
2093 2 0 0 0 2
2094 2 0 0 0 2
2095 2 0 0 0 2
2096 2 0 0 0 2
2097 2 0 0 0 2
2098 2 0 0 0 2
2099 2 0 0 0 2
2100 2 0 0 0 2
2101 2 0 0 0 2
2102 2 0 0 0 2
2103 2 0 0 0 2
2104 2 0 0 0 2
2105 2 0 0 0 2
2106 2 0 0 0 2
2107 2 0 0 0 2
2108 2 0 0 0 2
2109 2 0 0 0 2
2110 2 0 0 0 2
2111 2 0 0 0 2
2112 2 0 0 0 2
2113 2 0 0 0 2
2114 2 0 0 0 2
2115 2 0 0 0 2
2116 2 0 0 0 2
2117 2 0 0 0 2
2118 2 0 0 0 2
2119 2 0 0 0 2
2120 2 0 0 0 2
2121 2 0 0 0 2
2122 2 0 0 0 2
2123 2 0 0 0 2
2124 2 0 0 0 2
2125 2 0 0 0 2
2126 2 0 0 0 2
2127 2 0 0 0 2
2128 2 0 0 0 2
2129 2 0 0 0 2
2130 2 0 0 0 2
2131 2 0 0 0 2
2132 2 0 0 0 2
2133 2 0 0 0 2
2134 2 0 0 0 2
2135 2 0 0 0 2
2136 2 0 0 0 2
2137 2 0 0 0 2
2138 2 0 0 0 2
2139 2 0 0 0 2
2140 2 0 0 0 2
2141 2 0 0 0 2
2142 2 0 0 0 2
2143 2 0 0 0 2
2144 2 0 0 0 2
2145 2 0 0 0 2
2146 0 2 0 0 0
2147 0 2 0 0 0
2148 0 2 0 0 0
2149 0 2 0 0 0
2150 0 2 0 0 0
2151 0 2 0 0 0
2152 0 2 0 0 0
2153 0 2 0 0 0
2154 0 2 0 0 0
2155 0 2 0 0 0
2156 0 2 0 0 0
2157 0 2 0 0 0
2158 0 2 0 0 0
2159 0 2 0 0 0
2160 0 2 0 0 0
2161 2 0 0 2 0
2162 2 0 0 2 0
2163 2 0 0 2 0
2164 2 0 0 2 0
2165 2 0 0 2 0
2166 2 0 0 2 0
2167 2 0 0 2 0
2168 2 0 0 2 0
2169 2 0 0 2 0
2170 2 0 0 2 0
2171 2 0 0 2 0
2172 2 0 0 2 0
2173 2 0 0 2 0
2174 2 0 0 2 0
2175 2 0 0 2 0
2176 0 2 0 0 0
2177 0 2 0 0 0
2178 0 2 0 0 0
2179 0 2 0 0 0
2180 0 2 0 0 0
2181 0 2 0 0 0
2182 0 2 0 0 0
2183 0 2 0 0 0
2184 0 2 0 0 0
2185 0 2 0 0 0
2186 0 2 0 0 0
2187 0 2 0 0 0
2188 0 2 0 0 0
2189 0 2 0 0 0
2190 0 2 0 0 0
2191 2 0 0 2 0
2192 2 0 0 2 0
2193 2 0 0 2 0
2194 2 0 0 2 0
2195 2 0 0 2 0
2196 2 0 0 2 0
2197 2 0 0 2 0
2198 2 0 0 2 0
2199 2 0 0 2 0
2200 2 0 0 2 0
2201 2 0 0 2 0
2202 2 0 0 2 0
2203 2 0 0 2 0
2204 2 0 0 2 0
2205 2 0 0 2 0
2206 0 2 2 0 0
2207 0 2 2 0 0
2208 0 2 2 0 0
2209 0 2 2 0 0
2210 0 2 2 0 0
2211 0 2 2 0 0
2212 0 2 2 0 0
2213 0 2 2 0 0
2214 0 2 2 0 0
2215 0 2 2 0 0
2216 0 2 2 0 0
2217 0 2 2 0 0
2218 0 2 2 0 0
2219 0 2 2 0 0
2220 0 2 2 0 0
2221 0 0 2 0 0
2222 0 0 2 0 0
2223 0 0 2 0 0
2224 0 0 2 0 0
2225 0 0 2 0 0
2226 0 0 2 0 0
2227 0 0 2 0 0
2228 0 0 2 0 0
2229 0 0 2 0 0
2230 0 0 2 0 0
2231 0 0 2 0 0
2232 0 0 2 0 0
2233 0 0 2 0 0
2234 0 0 2 0 0
2235 0 0 2 0 0
2236 0 2 2 0 0
2237 0 2 2 0 0
2238 0 2 2 0 0
2239 0 2 2 0 0
2240 0 2 2 0 0
2241 0 2 2 0 0
2242 0 2 2 0 0
2243 0 2 2 0 0
2244 0 2 2 0 0
2245 0 2 2 0 0
2246 0 2 2 0 0
2247 0 2 2 0 0
2248 0 2 2 0 0
2249 0 2 2 0 0
2250 0 2 2 0 0
2251 0 2 2 0 0
2252 0 2 2 0 0
2253 0 2 2 0 0
2254 0 2 2 0 0
2255 0 2 2 0 0
2256 0 2 2 0 0
2257 0 2 2 0 0
2258 0 2 2 0 0
2259 0 2 2 0 0
2260 0 2 2 0 0
2261 0 2 2 0 0
2262 0 2 2 0 0
2263 0 2 2 0 0
2264 0 2 2 0 0
2265 0 2 2 0 0
2266 0 2 2 0 0
2267 0 2 2 0 0
2268 0 2 2 0 0
2269 0 2 2 0 0
2270 0 2 2 0 0
2271 0 2 2 0 0
2272 0 2 2 0 0
2273 0 2 2 0 0
2274 0 2 2 0 0
2275 0 2 2 0 0
2276 0 2 2 0 0
2277 0 2 2 0 0
2278 0 2 2 0 0
2279 0 2 2 0 0
2280 0 2 2 0 0
2281 2 0 2 0 0
2282 2 0 2 0 0
2283 2 0 2 0 0
2284 2 0 2 0 0
2285 2 0 2 0 0
2286 2 0 2 0 0
2287 2 0 2 0 0
2288 2 0 2 0 0
2289 2 0 2 0 0
2290 2 0 2 0 0
2291 2 0 2 0 0
2292 2 0 2 0 0
2293 2 0 2 0 0
2294 2 0 2 0 0
2295 2 0 2 0 0
2296 0 2 3 0 0
2297 0 2 3 0 0
2298 0 2 3 0 0
2299 0 2 3 0 0
2300 0 2 3 0 0
2301 0 2 3 0 0
2302 0 2 3 0 0
2303 0 2 3 0 0
2304 0 2 3 0 0
2305 0 2 3 0 0
2306 0 2 3 0 0
2307 0 2 3 0 0
2308 0 2 3 0 0
2309 0 2 3 0 0
2310 0 2 3 0 0
2311 2 0 0 0 0
2312 2 0 0 0 0
2313 2 0 0 0 0
2314 2 0 0 0 0
2315 2 0 0 0 0
2316 2 0 0 0 0
2317 2 0 0 0 0
2318 2 0 0 0 0
2319 2 0 0 0 0
2320 2 0 0 0 0
2321 2 0 0 0 0
2322 2 0 0 0 0
2323 2 0 0 0 0
2324 2 0 0 0 0
2325 2 0 0 0 0
2326 2 0 0 0 0
2327 2 0 0 0 0
2328 2 0 0 0 0
2329 2 0 0 0 0
2330 2 0 0 0 0
2331 2 0 0 0 0
2332 2 0 0 0 0
2333 2 0 0 0 0
2334 2 0 0 0 0
2335 2 0 0 0 0
2336 2 0 0 0 0
2337 2 0 0 0 0
2338 2 0 0 0 0
2339 2 0 0 0 0
2340 2 0 0 0 0
2341 2 0 3 0 0
2342 2 0 3 0 0
2343 2 0 3 0 0
2344 2 0 3 0 0
2345 2 0 3 0 0
2346 2 0 3 0 0
2347 2 0 3 0 0
2348 2 0 3 0 0
2349 2 0 3 0 0
2350 2 0 3 0 0
2351 2 0 3 0 0
2352 2 0 3 0 0
2353 2 0 3 0 0
2354 2 0 3 0 0
2355 2 0 3 0 0
2356 2 0 3 0 0
2357 2 0 3 0 0
2358 2 0 3 0 0
2359 2 0 3 0 0
2360 2 0 3 0 0
2361 2 0 3 0 0
2362 2 0 3 0 0
2363 2 0 3 0 0
2364 2 0 3 0 0
2365 2 0 3 0 0
2366 2 0 3 0 0
2367 2 0 3 0 0
2368 2 0 3 0 0
2369 2 0 3 0 0
2370 2 0 3 0 0
2371 2 0 3 0 0
2372 2 0 3 0 0
2373 2 0 3 0 0
2374 2 0 3 0 0
2375 2 0 3 0 0
2376 2 0 3 0 0
2377 2 0 3 0 0
2378 2 0 3 0 0
2379 2 0 3 0 0
2380 2 0 3 0 0
2381 2 0 3 0 0
2382 2 0 3 0 0
2383 2 0 3 0 0
2384 2 0 3 0 0
2385 2 0 3 0 0
2386 2 0 3 0 0
2387 2 0 3 0 0
2388 2 0 3 0 0
2389 2 0 3 0 0
2390 2 0 3 0 0
2391 2 0 3 0 0
2392 2 0 3 0 0
2393 2 0 3 0 0
2394 2 0 3 0 0
2395 2 0 3 0 0
2396 2 0 3 0 0
2397 2 0 3 0 0
2398 2 0 3 0 0
2399 2 0 3 0 0
2400 2 0 3 0 0
2401 2 0 3 0 0
2402 2 0 3 0 0
2403 2 0 3 0 0
2404 2 0 3 0 0
2405 2 0 3 0 0
2406 2 0 3 0 0
2407 2 0 3 0 0
2408 2 0 3 0 0
2409 2 0 3 0 0
2410 2 0 3 0 0
2411 2 0 3 0 0
2412 2 0 3 0 0
2413 2 0 3 0 0
2414 2 0 3 0 0
2415 2 0 3 0 0
2416 2 0 3 0 0
2417 2 0 3 0 0
2418 2 0 3 0 0
2419 2 0 3 0 0
2420 2 0 3 0 0
2421 2 0 3 0 0
2422 2 0 3 0 0
2423 2 0 3 0 0
2424 2 0 3 0 0
2425 2 0 3 0 0
2426 2 0 3 0 0
2427 2 0 3 0 0
2428 2 0 3 0 0
2429 2 0 3 0 0
2430 2 0 3 0 0
2431 0 2 3 0 0
2432 0 2 3 0 0
2433 0 2 3 0 0
2434 0 2 3 0 0
2435 0 2 3 0 0
2436 0 2 3 0 0
2437 0 2 3 0 0
2438 0 2 3 0 0
2439 0 2 3 0 0
2440 0 2 3 0 0
2441 0 2 3 0 0
2442 0 2 3 0 0
2443 0 2 3 0 0
2444 0 2 3 0 0
2445 0 2 3 0 0
2446 0 0 0 0 0
2447 0 0 0 0 0
2448 0 0 0 0 0
2449 0 0 0 0 0
2450 0 0 0 0 0
2451 0 0 0 0 0
2452 0 0 0 0 0
2453 0 0 0 0 0
2454 0 0 0 0 0
2455 0 0 0 0 0
2456 0 0 0 0 0
2457 0 0 0 0 0
2458 0 0 0 0 0
2459 0 0 0 0 0
2460 0 0 0 0 0
2461 0 0 0 0 0
2462 0 0 0 0 0
2463 0 0 0 0 0
2464 0 0 0 0 0
2465 0 0 0 0 0
2466 0 0 0 0 0
2467 0 0 0 0 0
2468 0 0 0 0 0
2469 0 0 0 0 0
2470 0 0 0 0 0
2471 0 0 0 0 0
2472 0 0 0 0 0
2473 0 0 0 0 0
2474 0 0 0 0 0
2475 0 0 0 0 0
2476 0 0 0 0 0
2477 0 0 0 0 0
2478 0 0 0 0 0
2479 0 0 0 0 0
2480 0 0 0 0 0
2481 0 0 0 0 0
2482 0 0 0 0 0
2483 0 0 0 0 0
2484 0 0 0 0 0
2485 0 0 0 0 0
2486 0 0 0 0 0
2487 0 0 0 0 0
2488 0 0 0 0 0
2489 0 0 0 0 0
2490 0 0 0 0 0
2491 0 0 0 0 0
2492 0 0 0 0 0
2493 0 0 0 0 0
2494 0 0 0 0 0
2495 0 0 0 0 0
2496 0 0 0 0 0
2497 0 0 0 0 0
2498 0 0 0 0 0
2499 0 0 0 0 0
2500 0 0 0 0 0
2501 0 0 0 0 0
2502 0 0 0 0 0
2503 0 0 0 0 0
2504 0 0 0 0 0
2505 0 0 0 0 0
2506 2 0 0 0 0
2507 2 0 0 0 0
2508 2 0 0 0 0
2509 2 0 0 0 0
2510 2 0 0 0 0
2511 2 0 0 0 0
2512 2 0 0 0 0
2513 2 0 0 0 0
2514 2 0 0 0 0
2515 2 0 0 0 0
2516 2 0 0 0 0
2517 2 0 0 0 0
2518 2 0 0 0 0
2519 2 0 0 0 0
2520 2 0 0 0 0
2521 2 0 0 0 0
2522 2 0 0 0 0
2523 2 0 0 0 0
2524 2 0 0 0 0
2525 2 0 0 0 0
2526 2 0 0 0 0
2527 2 0 0 0 0
2528 2 0 0 0 0
2529 2 0 0 0 0
2530 2 0 0 0 0
2531 2 0 0 0 0
2532 2 0 0 0 0
2533 2 0 0 0 0
2534 2 0 0 0 0
2535 2 0 0 0 0
2536 2 0 0 0 0
2537 2 0 0 0 0
2538 2 0 0 0 0
2539 2 0 0 0 0
2540 2 0 0 0 0
2541 2 0 0 0 0
2542 2 0 0 0 0
2543 2 0 0 0 0
2544 2 0 0 0 0
2545 2 0 0 0 0
2546 2 0 0 0 0
2547 2 0 0 0 0
2548 2 0 0 0 0
2549 2 0 0 0 0
2550 2 0 0 0 0
2551 2 0 0 0 0
2552 2 0 0 0 0
2553 2 0 0 0 0
2554 2 0 0 0 0
2555 2 0 0 0 0
2556 2 0 0 0 0
2557 2 0 0 0 0
2558 2 0 0 0 0
2559 2 0 0 0 0
2560 2 0 0 0 0
2561 2 0 0 0 0
2562 2 0 0 0 0
2563 2 0 0 0 0
2564 2 0 0 0 0
2565 2 0 0 0 0
2566 2 0 0 0 0
2567 2 0 0 0 0
2568 2 0 0 0 0
2569 2 0 0 0 0
2570 2 0 0 0 0
2571 2 0 0 0 0
2572 2 0 0 0 0
2573 2 0 0 0 0
