0 0 0 0 0 0
1 0 0 0 0 0
2 0 0 0 0 0
3 0 0 0 0 0
4 0 0 0 0 0
5 0 0 3 0 0
6 0 0 3 0 0
7 0 0 3 0 0
8 0 0 3 0 0
9 0 0 3 0 0
10 0 0 3 0 0
11 0 0 3 0 0
12 0 0 3 0 0
13 0 0 3 0 0
14 0 0 3 0 0
15 0 0 0 0 0
16 0 0 0 0 0
17 0 0 0 0 0
18 0 0 0 0 0
19 0 0 0 0 0
20 0 0 0 0 0
21 0 0 0 0 0
22 0 0 0 0 0
23 0 0 0 0 0
24 0 0 0 0 0
25 0 0 0 0 0
26 0 0 0 0 0
27 0 0 0 0 0
28 0 0 0 0 0
29 0 0 0 0 0
30 0 0 0 0 0
31 0 0 0 0 0
32 0 0 0 0 0
33 0 0 0 0 0
34 0 0 0 0 0
35 0 0 0 0 0
36 0 0 0 0 0
37 0 0 0 0 0
38 0 0 0 0 0
39 0 0 0 0 0
40 0 0 0 0 0
41 0 0 0 0 0
42 0 0 0 0 0
43 0 0 0 0 0
44 0 0 0 0 0
45 0 0 0 0 0
46 0 0 0 0 0
47 0 0 0 0 0
48 0 0 0 0 0
49 0 0 0 0 0
50 0 0 0 0 0
51 0 0 0 0 0
52 0 2 0 0 0
53 0 2 0 0 0
54 0 2 0 0 0
55 0 2 0 0 0
56 0 2 0 0 0
57 0 2 0 0 0
58 0 2 0 0 0
59 0 0 0 0 0
60 0 0 0 0 0
61 0 0 0 0 0
62 0 0 0 0 0
63 0 0 0 0 0
64 0 0 0 0 0
65 0 0 0 0 0
66 0 0 0 0 0
67 0 0 0 0 0
68 0 0 0 0 0
69 0 0 0 0 0
70 0 0 0 0 0
71 0 0 0 0 0
72 0 0 0 0 0
73 0 0 0 0 0
74 0 0 0 0 0
75 0 0 0 0 0
76 0 0 0 0 0
77 0 0 0 0 0
78 0 0 0 0 0
79 0 0 0 0 0
80 0 0 0 0 0
81 0 0 0 0 0
82 0 0 0 0 0
83 0 0 0 0 0
84 0 0 0 0 0
85 0 0 0 0 0
86 0 0 0 0 0
87 0 0 0 0 0
88 0 0 0 0 0
89 0 0 0 0 0
90 0 0 0 0 0
91 0 0 0 0 0
92 0 0 0 0 0
93 0 0 0 0 0
94 0 0 0 0 0
95 0 0 0 0 0
96 0 0 0 0 0
97 0 0 0 0 0
98 0 0 0 0 0
99 0 0 0 0 0
100 0 0 0 0 0
101 0 0 0 0 0
102 0 0 0 0 0
103 0 0 0 0 0
104 0 0 0 0 0
105 0 0 0 0 0
106 0 0 0 0 0
107 0 0 0 0 0
108 0 0 0 0 0
109 0 0 0 0 0
110 0 0 0 0 0
111 0 0 0 0 0
112 0 0 0 0 0
113 0 0 0 0 0
114 0 0 0 0 0
115 0 0 0 0 0
116 0 0 0 0 0
117 0 0 0 0 0
118 0 0 0 0 0
119 0 0 0 0 0
120 0 0 0 0 0
121 0 0 0 0 0
122 0 0 0 0 0
123 0 0 0 0 0
124 0 0 0 0 0
125 0 0 0 0 0
126 0 0 0 0 0
127 0 0 0 0 0
128 0 0 0 0 0
129 0 0 0 0 0
130 0 0 0 0 0
131 0 0 0 0 0
132 0 0 0 0 0
133 0 0 0 0 0
134 0 0 0 0 0
135 0 0 0 0 0
136 0 0 0 0 0
137 0 0 0 0 0
138 0 0 0 0 0
139 0 0 0 0 0
140 0 0 0 0 0
141 0 0 0 0 0
142 0 0 0 0 0
143 0 0 0 0 0
144 0 0 0 0 0
145 0 0 0 0 0
146 0 0 0 0 0
147 0 0 0 0 0
148 0 0 0 0 0
149 0 0 0 0 0
150 0 0 0 0 0
151 0 0 0 0 0
152 0 0 0 0 0
153 0 0 0 0 0
154 0 0 0 0 0
155 0 0 0 0 0
156 0 0 0 0 0
157 0 0 0 0 0
158 0 0 0 0 0
159 0 0 0 0 0
160 0 0 0 0 0
161 0 0 0 0 0
162 0 0 0 0 0
163 0 0 0 0 0
164 0 0 0 0 0
165 0 0 0 0 0
166 0 0 0 0 0
167 0 0 0 0 0
168 0 0 0 0 0
169 0 0 0 0 0
170 0 0 0 0 0
171 0 0 0 0 0
172 0 0 0 0 0
173 0 0 0 0 0
174 0 0 0 0 0
175 0 0 0 0 0
176 0 0 0 0 0
177 0 0 0 0 0
178 0 0 0 0 0
179 0 0 0 0 0
180 0 0 0 0 0
181 0 0 0 0 0
182 0 0 0 0 0
183 0 0 0 0 0
184 0 0 0 0 0
185 0 0 0 0 0
186 0 0 0 0 0
187 0 0 0 0 0
188 0 0 0 0 0
189 0 0 0 0 0
190 0 0 0 0 0
191 0 0 0 0 0
192 0 0 0 0 0
193 0 0 0 0 0
194 0 0 0 2 0
195 0 0 0 2 0
196 0 0 0 2 0
197 0 0 0 2 0
198 0 0 0 2 0
199 0 0 0 3 0
200 0 0 0 3 0
201 0 0 0 2 0
202 0 0 0 2 0
203 0 0 0 2 0
204 0 0 0 0 0
205 0 0 0 0 0
206 0 0 0 2 0
207 0 0 0 2 2
208 0 0 0 0 2
209 0 0 0 2 2
210 0 0 0 2 2
211 0 0 0 2 2
212 0 0 0 2 2
213 0 0 0 2 2
214 0 0 0 2 2
215 0 0 0 2 2
216 0 0 0 2 2
217 0 0 0 2 2
218 2 0 0 2 2
219 0 0 0 2 2
220 0 0 0 2 2
221 2 0 0 2 2
222 0 0 0 2 2
223 0 0 0 2 0
224 0 0 0 2 0
225 0 0 0 2 2
226 0 2 0 0 0
227 0 2 0 2 0
228 0 2 0 2 0
229 0 0 0 2 2
230 0 2 0 0 0
231 0 2 0 0 0
232 0 2 0 0 0
233 0 2 0 0 0
234 0 0 0 0 0
235 0 2 0 0 0
236 0 2 0 0 0
237 0 0 0 2 0
238 0 2 0 2 2
239 0 2 0 2 2
240 0 2 0 2 2
241 0 2 0 2 2
242 0 2 0 2 2
243 0 2 0 2 2
244 0 2 0 2 2
245 0 2 0 2 0
246 0 2 0 2 0
247 0 2 0 2 2
248 0 2 0 2 2
249 0 2 0 2 2
250 0 2 0 2 2
251 0 2 0 2 2
252 0 2 0 2 2
253 0 2 0 2 2
254 0 2 0 2 2
255 0 2 0 2 0
256 0 2 0 0 0
257 0 2 0 0 2
258 0 2 0 2 2
259 0 2 0 2 2
260 0 2 0 2 2
261 0 2 0 2 2
262 0 2 0 2 2
263 0 2 0 2 2
264 0 2 0 2 2
265 0 2 0 2 2
266 0 2 0 2 2
267 0 2 0 2 2
268 2 0 2 0 2
269 2 0 2 0 2
270 2 0 2 0 2
271 2 0 2 0 2
272 2 0 2 0 2
273 2 0 2 0 2
274 2 0 0 0 2
275 2 0 2 0 2
276 2 0 2 0 2
277 2 0 2 0 2
278 2 0 2 0 2
279 2 0 2 0 2
280 2 0 2 0 2
281 2 0 2 0 2
282 2 0 2 0 2
283 2 0 2 0 2
284 2 0 2 0 2
285 2 0 2 0 2
286 0 0 2 0 2
287 2 0 2 0 2
288 0 0 0 0 2
289 0 0 0 0 2
290 2 0 0 0 2
291 2 0 0 0 2
292 2 0 0 0 2
293 2 0 0 0 2
294 2 0 3 0 2
295 0 0 3 0 2
296 2 0 0 0 2
297 0 0 0 0 2
298 0 0 0 3 0
299 0 0 0 0 0
300 0 2 0 0 2
301 0 2 0 0 2
302 0 2 0 0 2
303 0 2 0 0 2
304 0 2 0 0 2
305 0 2 0 0 2
306 0 2 0 0 2
307 0 2 0 0 2
308 0 2 0 0 2
309 0 2 0 0 2
310 0 2 0 0 2
311 0 2 0 0 2
312 0 2 0 0 2
313 2 0 0 0 2
314 2 0 0 0 2
315 2 0 0 0 2
316 2 0 0 0 2
317 2 0 0 0 2
318 2 0 0 0 0
319 2 0 0 2 0
320 2 0 0 2 0
321 2 0 0 2 0
322 2 0 0 2 0
323 2 0 0 2 0
324 2 0 0 2 0
325 2 0 0 2 0
326 2 0 0 2 0
327 2 0 0 2 0
328 0 2 0 2 0
329 0 2 0 2 0
330 0 0 0 2 0
331 0 2 0 2 0
332 0 0 0 2 0
333 0 0 0 2 0
334 0 0 0 2 0
335 0 2 0 2 0
336 0 2 0 2 2
337 0 2 0 2 2
338 0 2 0 2 2
339 0 2 0 2 0
340 0 2 0 2 2
341 0 2 0 2 0
342 0 2 0 2 0
343 2 0 0 2 0
344 2 0 0 2 0
345 2 0 0 2 0
346 2 0 0 2 0
347 2 0 0 2 0
348 2 0 0 2 0
349 2 0 0 2 0
350 2 0 0 2 2
351 2 0 0 2 2
352 2 0 0 2 2
353 2 0 0 2 2
354 2 0 0 2 2
355 2 0 0 2 2
356 2 0 0 2 2
357 2 0 0 2 2
358 2 0 0 2 2
359 2 0 0 2 2
360 2 0 0 2 2
361 0 0 0 2 2
362 2 0 0 2 2
363 2 0 0 2 2
364 2 0 0 2 2
365 2 0 0 2 2
366 2 0 0 2 0
367 2 0 0 2 0
368 2 0 0 2 2
369 2 0 0 2 0
370 2 0 0 2 2
371 0 0 0 0 2
372 2 0 0 3 2
373 2 0 0 0 2
374 2 0 0 2 2
375 2 0 0 2 2
376 0 0 0 2 0
377 0 0 0 0 0
378 0 0 0 0 0
379 2 0 0 0 2
380 2 0 0 3 2
381 2 0 0 0 2
382 2 0 0 0 0
383 2 0 0 0 0
384 0 0 0 3 2
385 0 0 0 3 2
386 0 0 0 0 2
387 0 0 0 0 0
388 0 0 0 0 2
389 0 0 0 0 2
390 0 0 0 0 2
391 0 0 0 3 2
392 0 0 0 0 2
393 0 0 0 3 2
394 0 0 0 0 0
395 0 0 0 0 0
396 2 0 0 2 0
397 2 0 0 2 0
398 2 0 0 2 0
399 0 0 0 0 0
400 0 0 0 0 0
401 0 0 0 0 0
402 0 0 0 0 0
403 0 0 0 0 0
404 2 0 0 0 0
405 0 0 0 0 0
406 0 0 0 0 0
407 0 0 0 0 0
408 0 0 0 0 2
409 2 0 0 0 0
410 2 0 0 2 0
411 2 0 0 2 0
412 2 0 0 2 0
413 0 0 0 0 0
414 0 0 0 0 0
415 2 0 0 0 0
416 2 0 0 0 0
417 2 0 0 0 0
418 2 0 2 0 0
419 2 0 2 0 0
420 2 0 0 0 0
421 2 0 2 0 0
422 2 0 2 0 0
423 2 0 0 0 0
424 2 0 2 0 0
425 2 0 2 0 0
426 2 0 2 0 0
427 2 0 2 0 0
428 2 0 2 0 0
429 2 0 2 0 0
430 2 0 2 0 0
431 2 0 0 0 0
432 2 0 2 0 0
433 0 2 2 0 0
434 0 2 0 0 2
435 0 2 0 0 0
436 0 2 0 0 0
437 0 2 0 0 0
438 0 0 0 0 0
439 0 2 0 0 0
440 0 0 0 0 0
441 0 0 0 0 0
442 0 2 0 0 0
443 0 2 0 0 2
444 0 2 0 0 2
445 0 0 0 0 0
446 0 2 0 0 2
447 0 2 0 0 2
448 0 2 0 0 0
449 0 0 0 0 0
450 0 2 0 0 0
451 0 0 0 0 0
452 0 0 0 0 0
453 0 0 0 0 0
454 0 0 0 0 0
455 0 0 0 0 0
456 0 0 0 2 0
457 0 2 0 0 2
458 0 2 0 2 0
459 0 2 0 2 0
460 0 2 0 2 2
461 0 2 0 2 0
462 0 0 0 2 0
463 0 0 0 2 0
464 0 0 0 2 0
465 2 0 0 2 0
466 2 0 0 0 0
467 2 0 0 2 0
468 2 0 0 0 0
469 2 0 0 0 2
470 0 0 0 0 0
471 2 0 0 0 0
472 0 0 0 2 0
473 0 0 0 2 2
474 0 0 0 0 0
475 2 0 0 2 2
476 2 0 0 0 2
477 2 0 0 0 0
478 2 0 0 0 2
479 2 0 0 0 2
480 2 0 0 0 2
481 2 0 0 0 0
482 2 0 0 0 2
483 2 0 0 0 2
484 2 0 0 0 2
485 2 0 0 0 0
486 2 0 0 2 0
487 0 0 0 2 0
488 2 0 0 2 0
489 0 0 0 0 0
490 0 0 0 0 0
491 0 0 0 0 0
492 0 0 0 0 0
493 0 0 0 0 0
494 0 0 0 0 0
495 2 0 2 0 0
496 2 0 2 0 0
497 2 0 2 0 0
498 2 0 2 0 0
499 0 0 2 0 0
500 0 0 0 0 0
501 0 0 2 0 0
502 0 0 0 0 0
503 0 0 0 0 2
504 0 0 2 0 2
505 0 0 2 0 2
506 0 0 0 0 2
507 2 0 2 0 2
508 0 0 0 0 2
509 0 0 0 0 2
510 0 0 2 0 2
511 2 0 0 0 2
512 0 0 0 0 2
513 0 0 2 0 2
514 0 0 2 0 2
515 0 0 2 0 2
516 0 0 2 0 2
517 0 0 0 0 2
518 0 0 0 0 2
519 0 0 0 0 2
520 0 0 0 0 0
521 0 0 0 0 0
522 0 0 0 0 0
523 0 0 0 0 0
524 0 0 0 0 0
525 0 0 0 0 0
526 0 0 0 0 0
527 0 0 0 0 0
528 0 0 0 0 0
529 0 0 0 0 0
530 0 0 0 0 0
531 0 2 0 0 0
532 0 2 0 0 0
533 0 2 0 0 0
534 0 2 0 0 0
535 0 2 0 0 0
536 0 2 0 0 0
537 0 2 0 0 0
538 0 0 2 0 0
539 2 0 2 0 0
540 0 0 3 0 0
541 2 0 0 0 0
542 0 0 0 0 0
543 0 0 0 0 0
544 2 0 0 0 0
545 2 0 0 0 0
546 2 0 0 0 0
547 2 0 0 0 0
548 2 0 3 0 0
549 2 0 3 0 0
550 0 0 0 0 0
551 0 0 0 0 0
552 0 0 0 0 0
553 2 0 3 0 0
554 0 0 2 0 0
555 0 0 3 0 0
556 0 0 3 0 0
557 2 0 3 0 0
558 2 0 0 0 0
559 2 0 3 0 2
560 2 0 0 0 2
561 0 0 3 0 2
562 0 0 2 0 2
563 2 0 0 0 2
564 0 0 0 0 2
565 0 0 0 0 2
566 0 0 0 0 2
567 0 0 3 0 2
568 2 0 0 0 2
569 2 0 0 2 2
570 2 0 0 0 0
571 0 0 0 0 0
572 2 0 0 0 0
573 2 0 0 3 0
574 0 0 0 0 0
575 2 0 0 0 0
576 2 0 0 0 0
577 2 0 0 3 0
578 2 0 0 3 0
579 2 0 0 3 0
580 2 0 0 3 0
581 2 0 0 3 0
582 2 0 0 3 0
583 2 0 0 0 0
584 2 0 0 0 0
585 2 0 0 0 0
586 2 0 0 0 0
587 2 0 0 0 0
588 2 0 0 0 0
589 2 0 0 0 0
590 2 0 0 0 0
591 2 0 0 0 0
592 2 0 0 0 0
593 2 0 0 0 0
594 2 0 0 0 0
595 2 0 0 0 0
596 2 0 0 0 0
597 2 0 0 0 0
598 2 0 0 0 0
599 2 0 0 0 0
600 2 0 0 0 2
601 2 0 0 0 2
602 2 0 0 0 2
603 2 0 0 0 2
604 2 0 0 0 2
605 2 0 0 0 2
606 2 0 0 0 2
607 2 0 0 0 2
608 0 0 0 0 2
609 0 0 0 0 2
610 0 0 0 0 2
611 0 0 0 0 2
612 0 0 0 0 2
613 0 0 0 0 2
614 0 0 0 0 2
615 0 0 0 0 2
616 0 0 0 0 2
617 0 0 0 0 2
618 0 0 0 0 2
619 0 0 0 0 2
620 0 0 3 0 2
621 0 0 3 0 2
622 0 0 3 0 2
623 0 0 0 0 2
624 0 0 3 0 2
625 0 0 3 0 2
626 0 0 3 0 2
627 0 0 2 0 2
628 0 0 2 0 2
629 0 0 3 0 2
630 0 0 3 0 2
631 0 0 2 0 2
632 0 0 3 0 2
633 0 0 3 0 2
634 0 0 3 0 2
635 0 0 3 0 2
636 0 0 0 0 2
637 0 0 3 0 2
638 0 0 3 0 2
639 0 0 3 0 2
640 0 0 3 0 2
641 0 0 3 0 2
642 0 0 3 0 2
643 0 0 3 0 2
644 0 0 3 0 2
645 0 0 3 0 2
646 0 0 3 0 2
647 0 0 2 0 2
648 0 0 3 0 2
649 0 0 3 0 2
650 0 0 3 0 0
651 0 0 3 0 0
652 0 0 3 0 2
653 0 0 3 0 2
654 0 0 3 0 2
655 0 0 3 0 2
656 0 0 3 0 2
657 0 0 3 0 2
658 0 0 3 0 2
659 0 0 3 0 2
660 0 0 3 0 2
661 0 0 3 0 2
662 0 0 3 0 2
663 0 0 3 0 2
664 0 0 3 0 0
665 0 0 3 0 0
666 0 0 3 0 0
667 0 0 3 0 0
668 0 0 3 0 0
669 0 0 3 0 0
670 0 0 3 0 0
671 0 0 3 0 0
672 0 0 3 0 0
673 0 0 3 0 0
674 0 0 3 0 2
675 0 0 3 0 2
676 0 0 3 0 2
677 0 0 3 0 2
678 0 0 3 0 2
679 0 0 0 0 2
680 0 0 3 0 0
681 0 0 3 0 0
682 0 0 3 0 2
683 0 0 3 0 0
684 0 0 3 0 0
685 0 0 3 0 0
686 0 0 3 0 2
687 0 0 3 0 2
688 0 0 3 0 2
689 0 0 3 0 2
690 2 0 3 0 2
691 0 0 0 0 0
692 0 0 3 0 2
693 0 0 3 0 2
694 0 0 3 0 2
695 0 0 3 0 2
696 0 0 3 0 2
697 2 0 0 0 2
698 2 0 0 0 2
699 2 0 3 0 2
700 2 0 3 0 2
701 2 0 3 0 2
702 0 0 3 0 2
703 2 0 3 0 2
704 2 0 3 0 2
705 0 0 3 0 2
706 0 0 3 0 2
707 2 0 3 0 2
708 2 0 3 0 2
709 2 0 3 0 2
710 2 0 0 0 2
711 2 0 0 0 2
712 2 0 3 0 2
713 0 0 3 0 2
714 0 0 3 0 2
715 0 0 3 0 2
716 0 0 3 0 2
717 0 0 3 0 2
718 0 0 3 0 2
719 0 0 3 0 2
720 0 0 3 0 2
721 0 0 3 0 2
722 0 0 3 0 2
723 0 0 3 0 0
724 0 0 3 0 0
725 0 0 3 0 0
726 0 0 3 0 0
727 0 0 3 0 0
728 0 0 2 0 2
729 0 0 3 0 2
730 0 0 3 0 2
731 0 0 3 0 2
732 0 0 3 0 2
733 0 0 3 0 2
734 2 0 0 2 2
735 2 0 0 3 0
736 2 0 0 3 0
737 2 0 0 3 2
738 2 0 0 3 2
739 0 0 0 3 0
740 0 0 0 3 0
741 0 0 0 3 2
742 0 0 0 3 2
743 0 0 0 3 2
744 0 0 0 3 0
745 0 0 0 3 0
746 0 0 0 3 2
747 0 0 0 3 2
748 0 0 0 2 2
749 0 0 3 0 2
750 0 0 2 0 2
751 0 0 3 0 2
752 0 0 3 0 2
753 0 0 3 0 2
754 2 0 3 0 2
755 0 0 3 0 2
756 0 0 3 0 2
757 2 0 3 0 2
758 0 0 3 0 2
759 2 0 3 0 2
760 2 0 3 0 2
761 2 0 3 0 2
762 0 0 3 0 2
763 2 0 2 0 2
764 0 0 3 0 2
765 0 0 2 0 2
766 2 0 2 0 2
767 0 0 2 0 2
768 2 0 2 0 2
769 0 0 2 0 2
770 0 0 2 0 2
771 0 0 3 0 2
772 0 0 2 0 2
773 0 0 2 0 2
774 0 0 2 0 2
775 0 0 2 0 2
776 0 0 2 0 2
777 0 0 2 0 2
778 0 0 2 0 2
779 0 0 2 0 2
780 0 0 2 0 2
781 0 0 2 0 2
782 0 0 3 0 2
783 0 0 3 0 2
784 0 0 2 0 2
785 0 0 2 0 2
786 0 0 3 0 2
787 0 0 2 0 2
788 0 0 2 0 2
789 0 0 2 0 2
790 0 0 2 0 2
791 0 0 2 0 2
792 2 0 2 0 2
793 0 0 2 0 2
794 0 0 2 0 2
795 3 0 2 0 2
796 2 0 2 0 2
797 0 0 2 0 2
798 0 0 2 0 2
799 0 0 3 0 2
800 0 0 3 0 2
801 0 0 3 0 2
802 0 0 3 0 2
803 0 0 3 0 2
804 0 0 3 0 2
805 0 0 3 0 2
806 0 0 3 0 2
807 0 0 3 0 2
808 0 0 3 0 2
809 0 0 3 0 2
810 3 0 3 0 2
811 3 0 3 0 2
812 3 0 3 0 2
813 3 0 3 0 2
814 3 0 3 0 2
815 0 0 3 0 2
816 0 0 3 0 2
817 0 0 3 0 2
818 0 0 3 0 2
819 0 0 3 0 2
820 0 0 3 0 2
821 0 0 3 0 2
822 0 0 3 0 2
823 3 0 3 0 2
824 3 0 3 0 2
825 3 0 3 0 2
826 3 0 3 0 2
827 3 0 3 0 2
828 3 0 3 0 2
829 3 0 3 0 2
830 3 0 3 0 2
831 3 0 3 0 2
832 0 0 0 3 0
833 0 0 0 3 0
834 0 0 0 3 0
835 0 0 0 2 0
836 0 0 0 3 0
837 0 0 0 2 0
838 0 0 0 2 2
839 0 0 0 2 0
840 0 0 0 2 2
841 2 0 0 2 2
842 0 0 0 2 0
843 2 0 0 2 2
844 0 0 0 2 0
845 2 0 0 2 2
846 0 0 0 2 2
847 0 0 0 3 2
848 3 0 0 2 0
849 3 0 0 2 0
850 3 0 0 2 0
851 3 0 0 2 0
852 3 0 0 2 0
853 3 0 0 2 0
854 3 0 0 2 0
855 0 0 0 3 0
856 3 0 0 0 0
857 0 0 0 0 0
858 0 0 0 0 0
859 0 0 0 0 2
860 0 0 0 0 0
861 0 0 0 0 0
862 0 0 0 0 0
863 2 0 0 2 2
864 0 0 0 0 2
865 0 0 0 2 0
866 0 0 0 0 0
867 2 0 0 2 0
868 0 0 0 2 0
869 0 0 0 2 0
870 0 0 0 2 0
871 0 0 0 2 2
872 0 0 0 2 0
873 0 0 0 2 2
874 0 0 0 0 2
875 0 0 0 0 2
876 0 0 0 2 0
877 0 0 0 2 2
878 0 0 0 0 2
879 0 0 0 2 0
880 0 0 0 2 0
881 0 0 0 2 2
882 0 0 0 2 0
883 0 0 0 2 0
884 0 0 0 2 0
885 0 0 0 2 2
886 0 0 0 0 2
887 0 0 0 0 2
888 0 0 0 0 0
889 0 0 0 0 0
890 0 0 0 0 0
891 0 0 0 0 0
892 0 0 0 0 2
893 2 0 0 0 0
894 0 0 0 0 2
895 0 0 0 0 2
896 0 0 0 2 2
897 0 0 0 2 2
898 0 0 0 2 2
899 0 0 0 2 2
900 0 2 0 2 2
901 0 2 0 2 2
902 0 2 0 2 2
903 0 0 0 0 2
904 0 0 0 0 0
905 0 0 0 0 0
906 0 0 0 0 0
907 0 0 0 0 2
908 0 0 0 0 0
909 0 0 0 0 0
910 0 0 0 0 0
911 0 0 0 0 0
912 0 0 0 0 2
913 0 0 0 0 0
914 0 0 0 0 2
915 0 0 0 0 2
916 0 0 0 0 2
917 2 0 0 2 2
918 0 0 0 0 2
919 0 0 0 0 2
920 0 0 0 0 0
921 2 0 0 0 0
922 2 0 0 0 0
923 2 0 0 0 0
924 0 0 0 0 0
925 0 0 0 0 0
926 0 2 0 0 0
927 0 2 0 0 0
928 0 2 0 0 0
929 0 0 0 0 0
930 0 0 0 0 0
931 0 0 0 0 0
932 0 0 0 0 0
933 0 0 0 0 0
934 0 0 0 0 0
935 0 2 0 0 0
936 0 2 0 0 0
937 0 2 0 0 0
938 0 2 0 0 0
939 2 0 0 0 0
940 2 0 0 0 0
941 2 0 0 0 0
942 2 0 0 0 0
943 2 0 0 0 0
944 2 0 0 0 0
945 2 0 0 0 0
946 0 0 0 0 2
947 0 0 0 0 2
948 0 0 0 0 2
949 0 0 0 0 2
950 0 0 0 0 2
951 0 0 0 0 2
952 0 0 0 0 2
953 0 0 0 0 0
954 0 0 0 0 0
955 0 0 0 0 0
956 0 0 0 0 0
957 0 0 0 0 0
958 0 0 0 0 0
959 0 0 0 0 0
960 0 0 0 0 0
961 0 0 0 0 0
962 0 0 0 0 0
963 0 0 0 0 2
964 0 0 0 0 2
965 0 0 0 0 2
966 0 0 0 0 2
967 0 0 0 0 2
968 0 0 0 0 2
969 0 0 0 0 2
970 0 0 0 0 2
971 0 0 0 0 2
972 0 0 0 0 2
973 0 0 0 0 0
974 0 2 0 3 0
975 0 2 0 0 0
976 0 2 0 0 0
977 0 2 0 0 0
978 0 2 0 0 0
979 0 2 0 0 0
980 0 2 0 0 0
981 0 2 0 0 0
982 0 2 0 0 0
983 0 2 0 0 2
984 0 2 0 0 2
985 0 2 0 3 2
986 0 2 0 3 2
987 0 2 0 3 2
988 0 2 0 3 2
989 2 0 0 3 2
990 0 0 0 3 2
991 2 0 0 3 2
992 2 0 0 3 2
993 2 0 0 3 2
994 2 0 0 2 2
995 2 0 0 2 2
996 2 0 0 3 2
997 2 0 0 2 2
998 2 0 0 3 2
999 2 0 0 2 2
1000 2 0 0 3 2
1001 2 0 0 3 2
1002 2 0 0 2 2
1003 2 0 0 2 2
1004 2 0 0 2 2
1005 2 0 0 2 2
1006 2 0 0 2 2
1007 2 0 0 2 2
1008 2 0 0 2 2
1009 2 0 0 2 2
1010 2 0 0 2 2
1011 0 0 0 2 2
1012 2 0 0 2 2
1013 2 0 0 2 2
1014 0 0 0 2 2
1015 2 0 0 2 2
1016 0 0 0 2 2
1017 0 0 0 2 0
1018 2 0 0 2 2
1019 0 0 0 2 2
1020 0 0 0 2 2
1021 0 2 0 2 2
1022 0 0 0 0 0
1023 0 0 0 0 0
1024 0 0 0 0 2
1025 0 0 0 0 0
1026 0 0 0 0 0
1027 0 0 0 2 0
1028 0 0 0 2 2
1029 0 0 0 2 2
1030 0 0 0 0 2
1031 2 0 0 0 0
1032 0 0 0 2 0
1033 0 0 0 2 2
1034 2 0 0 0 2
1035 2 0 0 3 0
1036 2 0 0 2 2
1037 2 0 0 0 2
1038 0 0 0 2 2
1039 2 0 0 2 2
1040 2 0 0 2 2
1041 2 0 0 2 2
1042 2 0 0 2 2
1043 2 0 0 2 2
1044 0 2 0 2 2
1045 0 2 0 2 2
1046 0 2 0 2 2
1047 0 2 0 2 2
1048 0 2 0 2 2
1049 0 2 0 2 2
1050 0 0 0 2 2
1051 0 0 0 2 2
1052 0 2 0 2 2
1053 0 2 0 2 2
1054 0 2 0 2 2
1055 0 2 0 2 2
1056 0 2 0 2 2
1057 0 0 0 3 2
1058 0 0 0 2 2
1059 0 0 0 2 2
1060 0 0 0 2 0
1061 0 0 0 2 2
1062 0 0 0 3 2
1063 0 0 0 3 2
1064 0 0 0 3 2
1065 0 0 0 0 2
1066 0 0 0 0 2
1067 0 0 0 0 2
1068 0 0 0 0 2
1069 0 0 0 0 2
1070 0 0 0 0 2
1071 0 0 0 0 2
1072 0 0 0 0 2
1073 0 0 0 0 2
1074 0 0 0 3 2
1075 0 0 0 0 2
1076 0 0 0 2 2
1077 0 0 0 0 2
1078 0 0 0 0 2
1079 0 0 0 0 2
1080 0 0 0 0 2
1081 0 0 0 0 2
1082 0 0 0 0 2
1083 0 0 0 0 2
1084 0 0 0 0 2
1085 0 0 0 0 2
1086 0 0 0 0 2
1087 0 0 0 0 2
1088 0 0 0 2 2
1089 0 0 0 3 2
1090 0 0 0 0 2
1091 0 0 0 0 2
1092 0 0 0 0 2
1093 0 0 0 0 2
1094 0 0 0 0 2
1095 0 0 0 0 2
1096 0 0 0 0 2
1097 0 0 0 0 2
1098 0 0 0 0 2
1099 0 0 0 0 2
1100 0 0 0 0 2
1101 0 0 0 0 2
1102 0 0 0 0 2
1103 0 0 0 0 2
1104 0 0 0 0 2
1105 0 0 0 0 2
1106 0 0 0 0 0
1107 0 0 0 0 0
1108 0 0 3 0 0
1109 0 0 0 0 0
1110 0 0 2 0 2
1111 0 0 2 0 2
1112 0 0 2 0 2
1113 0 0 0 0 2
1114 0 0 0 0 2
1115 0 0 0 0 2
1116 0 0 0 0 2
1117 0 0 0 0 2
1118 0 0 2 0 2
1119 0 0 0 2 2
1120 0 0 0 2 2
1121 0 0 0 0 2
1122 0 0 0 0 2
1123 0 0 0 0 2
1124 0 0 0 0 2
1125 0 0 0 0 2
1126 0 0 0 0 2
1127 0 0 0 0 2
1128 0 0 0 0 2
1129 0 0 0 3 2
1130 0 0 0 3 2
1131 0 0 0 3 2
1132 0 0 0 2 2
1133 0 0 0 3 2
1134 0 0 0 3 2
1135 0 0 0 3 2
1136 0 0 0 3 2
1137 0 0 0 3 2
1138 0 0 0 3 2
1139 0 0 0 2 2
1140 0 0 0 2 2
1141 0 0 0 2 2
1142 0 0 0 2 2
1143 0 0 0 2 2
1144 0 0 0 3 2
1145 0 0 0 3 2
1146 0 0 0 2 2
1147 0 0 0 2 2
1148 0 0 0 2 2
1149 0 0 2 0 2
1150 0 0 2 0 2
1151 0 0 3 0 2
1152 0 0 3 0 2
1153 0 0 3 0 2
1154 0 0 3 0 2
1155 0 0 3 0 2
1156 0 0 3 0 2
1157 0 0 3 0 2
1158 0 0 3 0 2
1159 0 0 3 0 2
1160 0 0 3 0 2
1161 0 0 2 0 2
1162 0 0 2 0 2
1163 0 0 2 0 2
1164 0 0 0 2 2
1165 0 0 0 2 2
1166 0 0 0 3 2
1167 0 0 0 3 2
1168 0 0 0 3 2
1169 0 0 0 3 2
1170 0 0 0 2 2
1171 0 0 0 3 2
1172 0 0 0 3 2
1173 0 0 0 3 2
1174 0 0 0 3 2
1175 0 0 0 3 2
1176 0 0 0 3 2
1177 0 0 0 2 2
1178 0 0 0 2 2
1179 0 0 3 0 2
1180 0 0 2 0 2
1181 0 0 3 0 2
1182 0 0 3 0 2
1183 0 0 3 0 2
1184 0 0 3 0 2
1185 0 0 0 0 2
1186 0 0 3 0 2
1187 0 0 3 0 2
1188 0 0 3 0 2
1189 0 0 3 0 2
1190 0 0 3 0 2
1191 0 0 3 0 2
1192 0 0 3 0 2
1193 0 0 3 0 2
1194 0 0 0 3 2
1195 0 0 0 2 2
1196 0 0 0 2 2
1197 0 0 0 3 2
1198 0 0 0 3 2
1199 0 0 0 3 2
1200 0 0 0 3 2
1201 0 2 0 2 2
1202 0 0 0 3 2
1203 0 0 0 3 2
1204 0 0 0 3 2
1205 0 0 0 3 2
1206 0 0 0 3 2
1207 0 0 0 3 2
1208 0 0 0 3 2
1209 0 0 0 3 2
1210 0 0 0 3 2
1211 0 0 0 2 2
1212 0 0 0 3 2
1213 0 0 0 3 2
1214 0 0 0 3 2
1215 0 0 0 2 2
1216 0 0 0 3 2
1217 0 0 0 2 2
1218 0 0 0 2 2
1219 0 0 0 3 2
1220 0 0 0 3 2
1221 0 0 0 3 2
1222 0 0 0 3 2
1223 0 0 0 3 0
1224 0 0 3 0 2
1225 0 0 3 0 2
1226 0 0 2 0 2
1227 0 0 2 0 2
1228 0 0 2 0 2
1229 0 0 3 0 2
1230 0 0 2 0 2
1231 0 0 2 0 2
1232 0 0 2 0 2
1233 0 0 2 0 2
1234 0 0 2 0 2
1235 0 0 2 0 2
1236 0 0 2 0 2
1237 0 0 0 2 2
1238 0 0 0 2 2
1239 0 0 0 2 2
1240 0 0 2 0 2
1241 0 0 2 0 2
1242 0 0 3 0 2
1243 0 0 3 0 2
1244 0 2 0 0 2
1245 0 0 3 0 2
1246 0 0 0 0 2
1247 0 0 2 0 2
1248 0 0 2 0 2
1249 0 0 2 0 2
1250 0 0 2 0 2
1251 0 0 0 0 2
1252 0 0 0 0 2
1253 0 0 2 0 2
1254 0 0 2 0 2
1255 0 0 0 2 2
1256 0 0 0 2 2
1257 0 0 0 2 2
1258 0 0 0 2 2
1259 0 0 0 2 2
1260 0 0 0 2 2
1261 0 0 0 2 2
1262 0 0 0 0 2
1263 0 0 0 2 2
1264 0 2 0 0 2
1265 0 0 0 0 2
1266 0 2 0 0 2
1267 0 2 0 2 2
1268 0 0 0 2 2
1269 0 0 0 2 2
1270 0 2 2 0 2
1271 0 2 2 0 2
1272 0 2 2 0 2
1273 0 2 2 0 2
1274 0 2 2 0 2
1275 0 2 2 0 2
1276 0 0 2 0 2
1277 0 0 2 0 2
1278 0 0 2 0 2
1279 0 2 2 0 2
1280 0 0 2 0 2
1281 0 0 2 0 2
1282 0 2 2 0 2
1283 0 2 2 0 2
1284 0 2 2 0 2
1285 0 2 2 0 2
1286 0 0 2 0 2
1287 0 2 2 0 2
1288 0 2 2 0 2
1289 0 0 0 0 2
1290 0 0 0 0 2
1291 0 0 0 0 2
1292 0 0 3 0 2
1293 0 0 3 0 2
1294 0 0 0 0 2
1295 0 3 0 0 2
1296 0 0 0 0 2
1297 0 0 0 0 2
1298 0 0 0 0 2
1299 0 2 0 0 2
1300 0 2 3 0 2
1301 0 2 0 0 2
1302 0 2 0 0 2
1303 0 2 0 0 0
1304 0 2 0 0 0
1305 0 0 0 0 0
1306 0 0 0 0 0
1307 0 0 0 0 0
1308 0 0 3 0 0
1309 0 0 3 0 0
1310 0 0 3 0 0
1311 0 0 3 0 2
1312 0 2 3 0 0
1313 0 2 0 0 2
1314 0 2 3 0 0
1315 2 0 3 0 2
1316 2 0 0 0 2
1317 2 0 3 0 2
1318 2 0 3 0 2
1319 2 0 3 0 2
1320 2 0 3 0 2
1321 2 0 0 0 2
1322 2 0 0 0 0
1323 2 0 0 0 2
1324 0 0 0 0 2
1325 2 0 3 0 2
1326 2 0 3 0 2
1327 2 0 0 0 2
1328 2 0 0 0 2
1329 2 0 2 0 2
1330 2 0 0 0 2
1331 2 0 0 0 2
1332 2 0 0 2 2
1333 2 0 0 2 2
1334 2 0 0 3 2
1335 2 0 0 2 2
1336 2 0 0 2 2
1337 2 0 0 2 2
1338 0 0 0 3 2
1339 0 0 0 2 2
1340 2 0 0 2 2
1341 0 0 0 2 2
1342 0 0 0 2 2
1343 2 0 0 2 2
1344 0 0 0 2 2
1345 2 0 0 2 2
1346 2 0 0 2 2
1347 0 0 0 3 2
1348 2 0 0 2 2
1349 0 0 0 3 2
1350 0 0 0 3 2
1351 0 0 0 3 2
1352 0 0 0 3 2
1353 0 0 0 3 2
1354 2 0 0 3 2
1355 2 0 0 3 2
1356 2 0 0 3 2
1357 0 0 0 3 2
1358 2 0 0 3 2
1359 0 0 0 3 2
1360 0 0 0 3 2
1361 0 0 0 3 2
1362 0 0 0 3 2
1363 0 0 0 3 2
1364 2 0 0 3 2
1365 2 0 0 3 2
1366 2 0 0 2 2
1367 2 0 0 3 2
1368 2 0 0 3 2
1369 2 0 0 2 2
1370 2 0 0 3 2
1371 2 0 0 2 2
1372 2 0 0 2 2
1373 2 0 0 3 2
1374 2 0 0 3 2
1375 2 0 0 3 2
1376 0 0 0 2 2
1377 0 0 0 2 2
1378 0 0 0 3 2
1379 2 0 0 2 2
1380 0 0 0 3 2
1381 0 0 0 3 2
1382 0 0 0 3 2
1383 0 0 0 3 2
1384 0 0 0 3 2
1385 0 0 0 3 2
1386 0 0 0 3 2
1387 0 0 0 3 2
1388 0 0 0 3 2
1389 0 0 0 3 2
1390 0 0 0 0 2
1391 0 0 0 0 2
1392 0 0 0 0 2
1393 0 0 0 0 2
1394 0 0 0 0 2
1395 0 0 0 3 0
1396 2 0 0 0 2
1397 2 0 0 2 0
1398 2 0 0 0 0
1399 2 0 0 0 0
1400 2 0 0 0 0
1401 2 0 0 2 0
1402 0 0 0 0 0
1403 2 0 0 0 0
1404 2 0 0 3 0
1405 2 0 0 2 0
1406 0 0 0 0 0
1407 2 0 0 0 0
1408 0 0 0 0 0
1409 2 0 0 3 2
1410 0 0 0 3 2
1411 2 0 0 3 0
1412 2 0 0 3 2
1413 0 0 0 3 2
1414 2 0 0 3 2
1415 2 0 0 3 2
1416 2 0 0 3 2
1417 2 0 0 3 2
1418 2 0 0 3 2
1419 2 0 0 3 2
1420 0 0 0 3 0
1421 0 0 0 3 0
1422 2 0 0 3 2
1423 2 0 0 3 2
1424 0 2 0 3 2
1425 0 0 0 3 2
1426 0 2 0 3 2
1427 0 2 0 3 2
1428 0 2 0 3 2
1429 0 2 0 3 2
1430 0 2 0 3 2
1431 0 2 0 3 2
1432 0 0 0 3 2
1433 0 0 0 3 2
1434 0 0 0 3 2
1435 0 0 0 3 2
1436 0 0 0 3 2
1437 0 0 0 3 0
1438 0 0 0 3 2
1439 0 0 0 3 2
1440 0 0 0 3 2
1441 0 0 0 3 2
1442 0 0 0 3 0
1443 0 0 0 3 0
1444 0 0 0 3 0
1445 0 0 0 3 2
1446 0 0 0 3 2
1447 0 0 0 3 0
1448 0 0 0 3 2
1449 0 0 0 3 2
1450 0 0 0 3 2
1451 0 0 0 3 0
1452 0 0 0 3 0
1453 0 0 0 3 0
1454 0 0 0 3 0
1455 0 0 0 0 2
1456 0 0 0 3 2
1457 0 0 0 0 0
1458 0 0 0 0 2
1459 0 0 0 0 2
1460 0 0 0 3 0
1461 0 0 0 3 0
1462 0 0 0 3 2
1463 0 0 0 0 0
1464 0 0 0 3 2
1465 0 0 0 3 2
1466 0 0 0 3 2
1467 0 0 0 3 2
1468 0 0 0 3 2
1469 0 0 0 3 0
1470 0 0 0 3 2
1471 0 0 0 3 0
1472 2 0 0 2 2
1473 0 0 0 3 2
1474 0 0 0 3 2
1475 0 0 0 2 2
1476 0 0 0 3 2
1477 0 0 0 3 2
1478 0 0 0 0 2
1479 0 0 0 3 2
1480 0 0 0 3 2
1481 0 2 0 3 2
1482 0 0 0 3 2
1483 0 0 0 3 2
1484 0 2 0 3 2
1485 0 0 0 3 2
1486 0 0 0 3 2
1487 0 0 0 3 2
1488 0 0 0 0 2
1489 0 0 0 3 2
1490 0 0 0 3 2
1491 0 0 0 3 2
1492 0 0 0 0 2
1493 0 0 0 3 2
1494 0 0 0 3 2
1495 0 0 0 3 2
1496 0 0 0 3 2
1497 0 0 0 3 2
1498 0 0 0 0 2
1499 0 0 0 0 2
1500 2 0 0 3 2
1501 0 0 0 3 2
1502 0 0 0 3 2
1503 2 0 0 0 0
1504 0 0 0 0 2
1505 2 0 0 0 2
1506 0 0 0 2 2
1507 2 0 0 0 0
1508 2 0 0 0 0
1509 2 0 0 0 0
1510 2 0 0 0 0
1511 2 0 0 0 0
1512 2 0 0 0 0
1513 2 0 0 0 0
1514 2 0 0 0 0
1515 0 0 0 3 0
1516 2 0 0 0 2
1517 0 0 0 3 2
1518 0 2 0 0 2
1519 0 2 0 0 2
1520 0 0 0 0 0
1521 0 2 0 0 0
1522 0 2 0 0 0
1523 0 2 0 0 0
1524 0 2 0 0 0
1525 0 2 0 0 0
1526 0 2 0 0 0
1527 0 2 0 0 0
1528 0 2 0 0 0
1529 0 2 0 0 0
1530 0 2 0 2 0
1531 0 2 0 0 0
1532 0 2 0 0 0
1533 2 0 0 2 0
1534 0 0 0 2 0
1535 0 0 0 2 0
1536 2 0 0 2 0
1537 2 0 0 2 0
1538 2 0 0 2 0
1539 0 0 0 2 0
1540 0 0 0 2 0
1541 2 0 0 2 0
1542 0 0 0 2 0
1543 0 0 0 0 0
1544 0 0 0 2 0
1545 2 0 0 2 0
1546 0 0 0 2 0
1547 2 0 0 2 0
1548 2 0 0 2 0
1549 0 0 0 0 0
1550 0 0 0 2 0
1551 2 0 0 2 0
1552 0 0 0 2 0
1553 0 0 0 2 0
1554 0 0 0 2 0
1555 2 0 0 2 0
1556 0 0 0 2 0
1557 0 0 0 2 0
1558 0 0 0 2 0
1559 0 0 0 0 0
1560 0 0 0 2 0
1561 0 0 0 2 0
1562 0 0 0 0 0
1563 2 0 0 2 0
1564 2 0 0 2 0
1565 0 0 0 2 0
1566 2 0 0 2 0
1567 0 0 0 2 0
1568 0 0 0 2 0
1569 2 0 0 2 0
1570 2 0 0 2 0
1571 0 0 0 2 0
1572 0 0 0 2 0
1573 0 0 0 2 0
1574 2 0 0 2 0
1575 2 0 0 2 0
1576 2 0 0 2 0
1577 2 0 0 2 0
1578 2 0 0 2 0
1579 0 0 0 2 0
1580 0 0 0 2 0
1581 0 0 0 2 0
1582 0 0 0 2 0
1583 0 0 0 2 0
1584 2 0 0 2 0
1585 0 0 0 2 0
1586 0 0 0 2 0
1587 0 0 0 2 0
1588 0 0 0 2 0
1589 0 0 0 2 0
1590 0 0 0 2 0
1591 2 0 0 2 0
1592 0 0 0 2 0
1593 0 0 2 0 0
1594 0 0 2 0 0
1595 0 0 2 0 0
1596 2 0 2 0 0
1597 0 0 0 0 0
1598 0 0 0 0 0
1599 0 0 0 0 0
1600 0 0 0 0 0
1601 0 0 0 0 0
1602 0 0 3 0 0
1603 0 0 3 0 0
1604 0 0 2 0 0
1605 0 0 0 0 0
1606 0 0 3 0 0
1607 0 0 0 0 0
1608 0 0 2 0 0
1609 2 0 2 0 0
1610 0 0 3 0 0
1611 0 0 3 0 0
1612 0 0 3 0 0
1613 0 0 0 0 0
1614 0 0 0 0 0
1615 0 0 0 0 0
1616 0 0 0 0 0
1617 0 0 0 0 0
1618 0 0 0 0 0
1619 0 0 2 0 0
1620 0 0 2 0 0
1621 0 0 0 0 0
1622 2 0 0 0 0
1623 2 0 2 0 0
1624 2 0 2 0 0
1625 2 0 2 0 0
1626 2 0 2 0 0
1627 0 0 2 0 0
1628 2 0 2 0 0
1629 2 0 2 0 0
1630 2 0 2 0 0
1631 2 0 2 0 2
1632 2 0 2 0 2
1633 2 0 2 0 2
1634 0 0 2 0 2
1635 0 0 2 0 0
1636 0 0 2 0 0
1637 0 0 2 0 0
1638 0 0 2 0 0
1639 0 0 2 0 0
1640 0 0 2 0 0
1641 0 0 2 0 0
1642 0 0 2 0 0
1643 0 0 2 0 0
1644 0 0 2 0 0
1645 0 0 2 0 0
1646 0 0 2 0 0
1647 0 0 2 0 0
1648 0 0 2 0 0
1649 0 0 2 0 0
1650 0 0 2 0 0
1651 0 0 2 0 0
1652 0 0 2 0 0
1653 0 0 2 0 0
1654 0 0 2 0 0
1655 0 0 2 0 0
1656 0 0 2 0 0
1657 0 0 2 0 0
1658 0 0 2 0 0
1659 0 0 2 0 0
1660 0 0 2 0 0
1661 0 0 2 0 0
1662 0 0 2 0 0
1663 0 0 2 0 0
1664 0 0 2 0 0
1665 0 0 2 0 0
1666 0 0 2 0 0
1667 0 0 2 0 0
1668 0 0 2 0 0
1669 0 0 2 0 0
1670 0 0 2 0 0
1671 0 0 2 0 0
1672 0 0 2 0 0
1673 0 0 2 0 0
1674 0 0 2 0 0
1675 0 0 2 0 0
1676 0 0 2 0 0
1677 0 0 2 0 0
1678 0 0 2 0 0
1679 0 0 2 0 0
1680 0 0 2 0 0
1681 0 0 2 0 0
1682 0 0 2 0 0
1683 0 0 2 0 0
1684 0 0 2 0 0
1685 0 0 2 0 0
1686 0 0 2 0 0
1687 0 0 2 0 0
1688 0 0 2 0 0
1689 0 0 2 0 2
1690 0 0 2 0 2
1691 0 0 2 0 2
1692 0 0 2 0 2
1693 0 0 2 0 2
1694 0 0 2 0 2
1695 0 0 2 0 2
1696 0 0 2 0 2
1697 0 0 2 0 2
1698 0 0 2 0 2
1699 0 0 2 0 2
1700 0 0 2 0 2
1701 0 0 2 0 2
1702 0 0 2 0 2
1703 0 0 2 0 2
1704 0 3 2 0 2
1705 0 3 2 0 2
1706 0 0 2 0 2
1707 0 0 2 0 2
1708 0 3 2 0 0
1709 0 0 2 0 0
1710 0 3 2 0 0
1711 0 3 2 0 2
1712 0 0 2 0 2
1713 0 0 2 0 0
1714 0 0 2 0 0
1715 0 0 2 0 0
1716 0 0 2 0 0
1717 0 3 2 0 0
1718 0 0 2 0 0
1719 0 3 2 0 0
1720 0 0 2 0 2
1721 0 0 2 0 0
1722 0 0 2 0 0
1723 0 0 2 0 0
1724 0 0 2 0 0
1725 0 0 2 0 0
1726 0 0 2 0 0
1727 0 0 2 0 0
1728 0 0 2 0 0
1729 0 0 2 0 0
1730 0 0 2 0 2
1731 0 0 2 0 2
1732 0 0 2 0 2
1733 0 0 2 0 2
1734 0 0 2 0 0
1735 0 0 2 0 2
1736 0 0 2 0 2
1737 0 0 2 0 2
1738 0 0 2 0 0
1739 0 0 2 0 0
1740 0 0 2 0 2
1741 0 0 2 0 2
1742 0 0 2 0 2
1743 0 0 2 0 0
1744 0 0 2 0 0
1745 0 0 2 0 0
1746 0 0 2 0 0
1747 0 0 2 0 0
1748 0 0 2 0 0
1749 0 0 2 0 0
1750 0 0 2 0 0
1751 0 0 2 0 0
1752 0 0 2 0 0
1753 0 0 2 0 0
1754 0 0 2 0 2
1755 0 0 2 0 0
1756 0 0 2 0 0
1757 0 0 2 0 0
1758 0 0 2 0 0
1759 0 0 2 0 2
1760 0 0 2 0 0
1761 0 0 2 0 2
1762 0 0 2 0 0
1763 0 0 2 0 2
1764 0 0 2 0 2
1765 0 0 2 0 0
1766 0 0 2 0 2
1767 0 2 2 0 0
1768 0 0 2 0 2
1769 0 0 2 0 0
1770 0 0 2 0 0
1771 0 0 2 0 0
1772 0 0 2 0 0
1773 0 0 2 0 0
1774 0 0 2 0 0
1775 0 0 2 0 0
1776 0 0 2 0 0
1777 0 0 0 0 0
1778 0 0 2 0 0
1779 0 0 2 0 0
1780 0 0 2 0 0
1781 0 0 2 0 0
1782 0 0 2 0 0
1783 0 0 2 0 0
1784 0 0 2 0 0
1785 0 0 2 0 0
1786 0 0 2 0 0
1787 0 0 2 0 0
1788 0 0 2 0 0
1789 0 0 2 0 0
1790 0 0 2 0 0
1791 0 0 2 0 0
1792 0 0 2 0 0
1793 0 0 0 0 0
1794 0 0 2 0 0
1795 0 0 2 0 0
1796 0 0 2 0 0
1797 0 0 2 0 0
1798 0 0 2 0 0
1799 0 0 2 0 0
1800 0 0 2 0 2
1801 0 0 2 0 2
1802 0 0 2 0 2
1803 0 0 2 0 2
1804 0 0 2 0 2
1805 0 0 2 0 2
1806 0 0 2 0 2
1807 0 0 2 0 2
1808 0 0 2 0 2
1809 0 0 2 0 2
1810 0 0 2 0 2
1811 0 0 2 0 2
1812 0 0 2 0 2
1813 0 0 2 0 2
1814 0 0 2 0 2
1815 0 0 2 0 2
1816 0 0 2 0 2
1817 0 0 2 0 2
1818 0 0 2 0 2
1819 0 0 0 2 2
1820 0 0 0 2 2
1821 0 0 0 2 2
1822 0 0 0 2 2
1823 0 0 0 2 2
1824 0 0 0 2 2
1825 0 0 0 2 2
1826 0 0 0 2 2
1827 0 0 0 2 2
1828 0 0 0 2 2
1829 0 0 0 2 2
1830 0 0 0 2 2
1831 0 0 0 2 2
1832 0 0 0 2 2
1833 0 0 0 2 2
1834 0 0 2 0 2
1835 0 0 2 0 2
1836 0 0 2 0 2
1837 0 0 2 0 2
1838 0 0 2 0 2
1839 0 0 2 0 2
1840 0 0 2 0 2
1841 0 0 2 0 2
1842 0 0 2 0 0
1843 0 0 2 0 0
1844 0 0 2 0 0
1845 0 0 2 0 2
1846 0 0 2 0 2
1847 0 0 2 0 2
1848 0 0 2 0 2
1849 0 0 2 0 2
1850 0 0 2 0 2
1851 0 0 2 0 2
1852 0 0 2 0 2
1853 0 0 2 0 0
1854 0 0 2 0 0
1855 0 0 2 0 2
1856 0 0 2 0 0
1857 0 0 2 0 2
1858 0 0 2 0 2
1859 0 0 2 0 2
1860 0 0 2 0 2
1861 0 0 2 0 0
1862 0 0 2 0 2
1863 0 0 2 0 2
1864 0 0 2 0 0
1865 0 0 2 0 2
1866 0 0 2 0 2
1867 0 0 2 0 2
1868 0 0 2 0 2
1869 0 0 2 0 2
1870 0 0 2 0 2
1871 0 0 2 0 0
1872 0 0 2 0 2
1873 0 0 2 0 2
1874 0 0 2 0 2
1875 0 0 2 0 2
1876 0 0 2 0 2
1877 0 0 2 0 2
1878 0 0 2 0 2
1879 0 0 2 0 2
1880 0 0 2 0 2
1881 0 0 2 0 2
1882 0 0 2 0 2
1883 0 0 2 0 2
1884 0 0 2 0 2
1885 0 0 2 0 2
1886 0 0 2 0 2
1887 0 0 2 0 2
1888 0 0 2 0 2
1889 0 0 2 0 2
1890 0 0 2 0 2
1891 0 0 2 0 2
1892 0 0 2 0 2
1893 0 0 2 0 2
1894 0 0 0 2 2
1895 0 0 0 2 2
1896 0 0 0 2 0
1897 0 0 0 2 0
1898 0 0 0 2 2
1899 0 0 0 2 2
1900 0 0 0 2 2
1901 0 0 0 2 2
1902 0 0 0 2 2
1903 0 0 0 2 2
1904 0 0 0 2 2
1905 0 0 0 2 2
1906 0 0 0 2 2
1907 0 0 0 2 2
1908 0 0 0 2 2
1909 0 0 2 0 2
1910 0 0 2 0 2
1911 0 0 2 0 2
1912 0 0 2 0 2
1913 0 0 2 0 2
1914 0 0 2 0 2
1915 0 0 2 0 2
1916 0 0 2 0 2
1917 0 0 2 0 2
1918 0 0 2 0 2
1919 0 0 2 0 2
1920 0 0 2 0 2
1921 0 0 2 0 2
1922 0 0 2 0 2
1923 0 0 2 0 2
1924 0 0 2 0 2
1925 0 0 2 0 2
1926 0 0 2 0 2
1927 0 0 2 0 2
1928 0 0 2 0 2
1929 0 0 2 0 2
1930 0 0 2 0 2
1931 0 0 2 0 2
1932 0 0 2 0 2
1933 0 0 2 0 2
1934 0 0 2 0 2
1935 0 0 2 0 2
1936 0 0 2 0 2
1937 0 0 2 0 2
1938 0 0 2 0 2
1939 0 0 2 0 2
1940 0 0 2 0 2
1941 0 0 2 0 2
1942 0 0 2 0 2
1943 0 0 2 0 2
1944 0 0 2 0 2
1945 0 0 2 0 2
1946 0 0 2 0 2
1947 0 0 2 0 2
1948 0 0 2 0 2
1949 0 0 2 0 2
1950 0 0 2 0 2
1951 0 0 2 0 2
1952 0 0 2 0 2
1953 0 0 2 0 2
1954 0 0 2 0 2
1955 0 0 2 0 2
1956 0 0 2 0 2
1957 0 0 2 0 2
1958 0 0 2 0 2
1959 0 0 2 0 2
1960 0 0 2 0 2
1961 0 0 2 0 2
1962 0 0 2 0 2
1963 0 0 2 0 2
1964 0 0 2 0 2
1965 0 0 2 0 2
1966 0 0 2 0 2
1967 0 0 2 0 2
1968 0 0 2 0 2
1969 0 0 2 0 2
1970 0 0 2 0 2
1971 0 0 2 0 2
1972 0 0 2 0 2
1973 0 0 2 0 2
1974 0 0 2 0 2
1975 0 0 2 0 2
1976 0 0 2 0 0
1977 0 0 2 0 0
1978 0 0 2 0 0
1979 0 0 2 0 0
1980 0 0 2 0 2
1981 0 0 2 0 2
1982 0 0 2 0 2
1983 0 0 2 0 2
1984 0 0 2 0 2
1985 0 0 2 0 2
1986 0 0 0 0 2
1987 0 0 2 0 2
1988 0 0 2 0 2
1989 0 0 2 0 2
1990 0 0 2 0 2
1991 0 0 2 0 2
1992 0 0 2 0 2
1993 0 0 0 0 2
1994 0 0 2 0 2
1995 0 0 2 0 2
1996 0 0 2 0 2
1997 0 0 0 0 0
1998 0 0 3 0 0
1999 0 0 0 2 2
2000 0 0 0 2 2
2001 0 0 0 2 0
2002 0 0 0 2 2
2003 0 0 0 2 0
2004 0 0 0 2 2
2005 0 0 0 2 2
2006 0 0 0 2 2
2007 0 0 0 2 2
2008 0 2 0 2 2
2009 0 0 0 2 2
2010 0 0 0 2 2
2011 0 0 0 2 2
2012 0 0 0 2 2
2013 0 0 0 2 2
2014 0 0 2 0 2
2015 0 0 2 0 2
2016 0 0 2 0 2
2017 0 0 2 0 2
2018 0 0 2 0 2
2019 0 0 2 0 2
2020 0 0 2 0 2
2021 0 0 2 0 2
2022 0 0 2 0 2
2023 0 0 2 0 2
2024 0 0 2 0 2
2025 0 0 2 0 2
2026 0 0 2 0 2
2027 0 0 0 0 2
2028 0 0 2 0 2
2029 0 0 0 2 0
2030 0 0 0 0 0
2031 0 0 0 2 0
2032 0 0 0 0 0
2033 0 0 0 2 0
2034 0 0 0 2 0
2035 0 0 0 2 0
2036 0 0 0 2 0
2037 0 0 0 2 0
2038 0 0 0 2 0
2039 0 0 0 2 0
2040 2 0 0 2 0
2041 0 0 0 2 0
2042 0 0 0 2 0
2043 0 0 0 2 0
2044 0 0 0 2 0
2045 0 0 0 0 0
2046 0 0 0 0 0
2047 0 0 0 0 0
2048 0 0 0 0 0
2049 0 0 0 0 0
2050 0 0 0 0 0
2051 0 0 0 0 0
2052 0 0 0 0 0
2053 0 0 0 0 0
2054 0 0 0 0 0
2055 0 0 0 0 0
2056 0 0 0 0 0
2057 0 0 0 0 0
2058 0 0 0 0 0
2059 0 0 0 0 0
2060 0 0 0 0 0
2061 0 0 0 0 0
2062 0 0 0 0 0
2063 0 0 0 0 0
2064 0 0 0 0 0
2065 0 0 0 0 0
2066 0 0 0 0 0
2067 0 0 0 2 0
2068 0 0 0 0 0
2069 0 0 0 0 0
2070 0 0 0 0 0
2071 0 0 0 0 0
2072 0 0 0 0 0
2073 0 0 0 0 0
2074 0 0 0 0 0
2075 0 0 0 0 0
2076 0 0 0 0 0
2077 0 0 0 0 0
2078 0 0 0 0 0
2079 0 0 0 0 0
2080 0 0 0 0 0
2081 0 0 0 0 0
2082 0 0 0 0 0
2083 0 0 0 0 0
2084 0 0 0 0 0
2085 0 0 0 0 0
2086 0 0 0 0 0
2087 0 0 0 0 0
2088 0 0 0 0 0
2089 0 0 0 0 0
2090 0 0 0 0 0
2091 0 0 0 0 0
2092 0 0 0 0 0
2093 0 0 0 0 0
2094 0 0 0 0 0
2095 0 0 2 0 0
2096 0 0 2 0 0
2097 0 0 2 0 0
2098 0 0 0 0 0
2099 0 0 0 0 0
2100 0 0 0 0 0
2101 0 0 0 0 0
2102 0 0 0 0 0
2103 0 0 0 0 0
2104 0 0 0 0 0
2105 0 0 0 0 0
2106 0 0 0 0 0
2107 0 0 0 0 0
2108 0 0 0 0 0
2109 0 0 0 0 0
2110 0 0 0 0 0
2111 0 0 0 0 0
2112 0 0 0 0 0
2113 0 0 0 0 0
2114 0 0 0 0 0
2115 0 0 0 0 0
2116 0 0 0 0 0
2117 0 0 0 0 0
2118 0 0 0 0 0
2119 0 0 0 0 0
2120 0 0 0 0 0
2121 0 0 0 0 0
2122 0 0 0 0 0
2123 0 0 0 0 0
2124 0 0 0 0 0
2125 0 0 0 0 0
2126 0 0 0 0 0
2127 0 0 0 0 0
2128 0 0 0 0 0
2129 0 0 0 0 0
2130 0 0 0 0 0
2131 0 0 0 0 0
2132 0 0 0 0 0
2133 0 0 0 0 0
2134 0 0 0 0 0
2135 0 0 0 0 0
2136 0 0 0 0 0
2137 0 0 0 0 0
2138 0 0 0 0 0
2139 0 0 0 0 0
2140 0 0 0 0 0
2141 0 0 0 0 0
2142 0 0 0 0 0
2143 0 0 0 0 0
2144 0 0 0 0 0
2145 0 0 0 0 0
2146 0 0 0 0 0
2147 0 0 0 0 0
2148 0 0 0 0 0
2149 0 0 0 0 0
2150 0 0 0 0 0
2151 0 0 0 0 0
2152 0 0 0 0 0
2153 0 0 0 0 0
2154 0 0 0 0 0
2155 0 0 0 0 0
2156 0 0 0 0 0
2157 0 0 0 0 0
2158 0 0 0 0 0
2159 0 0 0 0 0
2160 0 0 0 0 0
2161 0 0 0 0 0
2162 0 0 0 0 0
2163 0 0 0 0 0
2164 0 0 0 0 0
2165 0 0 0 0 0
2166 0 0 0 0 0
2167 0 0 0 0 0
2168 0 0 0 0 0
2169 0 0 0 0 0
2170 0 0 0 0 0
2171 0 0 0 0 0
2172 0 0 0 0 0
2173 0 0 0 0 0
2174 0 0 0 0 0
2175 0 0 0 0 0
2176 0 0 0 0 0
2177 0 0 0 0 0
2178 0 0 0 0 0
2179 0 0 0 0 0
2180 0 0 0 0 0
2181 0 0 0 0 0
2182 0 0 0 0 0
2183 0 0 0 0 0
2184 0 0 0 0 0
2185 0 0 0 0 0
2186 0 0 0 0 0
2187 0 0 0 0 0
2188 0 0 0 0 0
2189 0 0 0 0 0
2190 0 0 0 0 0
2191 0 0 0 0 0
2192 2 0 2 0 0
2193 0 0 0 0 0
2194 0 0 0 0 0
2195 0 0 0 0 0
2196 0 0 0 0 0
2197 0 0 0 0 0
2198 0 0 0 0 0
2199 0 0 0 0 0
2200 0 0 0 0 0
2201 0 0 0 0 0
2202 0 0 0 0 0
2203 0 0 0 0 0
2204 0 0 0 0 0
2205 0 0 0 0 0
2206 0 0 0 0 0
2207 0 0 0 0 0
2208 0 0 0 0 0
2209 0 0 0 0 0
2210 0 0 0 0 0
2211 0 0 0 0 0
2212 0 0 0 0 0
2213 0 0 0 0 0
2214 0 0 0 0 0
2215 0 0 0 0 0
2216 0 0 0 0 0
2217 0 0 0 0 0
2218 0 0 0 0 0
2219 0 0 0 0 0
2220 0 0 0 0 0
2221 0 0 0 0 0
2222 0 0 0 0 0
2223 0 0 0 0 0
2224 0 0 0 0 0
2225 0 0 0 0 0
2226 0 0 0 0 0
2227 0 0 0 0 0
2228 0 0 0 0 0
2229 0 0 0 0 0
2230 0 0 0 0 0
2231 0 0 0 0 0
2232 0 0 0 0 0
2233 0 0 0 0 0
2234 0 0 0 0 0
2235 0 0 0 0 0
2236 0 0 0 0 0
2237 0 0 0 0 0
2238 0 0 0 0 0
2239 0 0 0 0 0
2240 0 0 0 0 0
2241 0 0 0 0 0
2242 0 0 0 0 0
2243 0 0 0 0 0
2244 0 0 0 0 0
2245 0 0 0 0 0
2246 0 0 0 0 0
2247 0 0 0 0 0
2248 0 0 0 0 0
2249 0 0 0 0 0
2250 0 0 0 0 0
2251 0 0 0 0 0
2252 0 0 0 0 0
2253 0 0 0 0 0
2254 0 0 0 0 0
2255 0 0 0 0 0
2256 0 0 0 0 0
2257 0 0 0 0 0
2258 0 0 0 0 0
2259 0 0 0 0 0
2260 0 0 0 0 0
2261 0 0 0 0 0
2262 0 0 0 0 0
2263 0 0 0 0 0
2264 0 0 0 0 0
2265 0 0 0 0 0
2266 0 0 0 0 0
2267 0 0 0 0 0
2268 0 0 0 0 0
2269 0 0 0 0 0
2270 0 0 0 0 0
2271 0 0 0 0 0
2272 0 0 0 0 0
2273 0 0 0 0 0
2274 0 0 0 0 0
2275 0 0 0 0 0
2276 0 0 0 0 0
2277 0 0 0 0 0
2278 0 0 0 0 0
2279 0 0 0 0 0
2280 0 0 0 0 0
2281 0 0 0 0 0
2282 0 0 0 0 0
2283 0 0 0 0 0
2284 0 0 0 0 0
2285 0 0 0 0 0
2286 0 0 0 0 0
2287 0 0 0 0 0
2288 0 0 0 0 0
2289 0 0 0 0 0
2290 0 0 0 0 0
2291 0 0 0 0 0
2292 0 0 0 0 0
2293 0 0 0 0 0
2294 0 0 0 0 0
2295 0 0 0 0 0
2296 0 0 0 0 0
2297 0 0 0 0 0
2298 0 0 0 0 0
2299 0 0 0 0 0
2300 0 0 0 0 0
2301 0 0 0 0 0
2302 0 0 0 0 0
2303 0 0 0 0 0
2304 0 0 0 0 0
2305 0 0 0 0 0
2306 0 0 0 0 0
2307 0 0 0 0 0
2308 0 0 0 0 0
2309 0 0 0 0 0
2310 0 0 0 0 0
2311 0 0 0 0 0
2312 0 0 0 0 0
2313 0 0 0 0 0
2314 0 0 0 0 0
2315 0 0 0 0 0
2316 0 0 0 0 0
2317 0 0 0 0 0
2318 0 0 0 0 0
2319 0 0 0 0 0
2320 0 0 0 0 0
2321 0 0 0 0 0
2322 0 0 0 0 0
2323 0 0 0 0 0
2324 2 0 0 0 0
2325 2 0 0 0 0
2326 0 0 0 0 0
2327 0 0 0 0 0
2328 0 0 0 0 0
2329 0 0 0 0 0
2330 0 0 0 0 0
2331 0 0 0 0 0
2332 0 0 0 0 0
2333 0 0 0 0 0
2334 0 0 0 0 0
2335 0 0 0 0 0
2336 0 0 0 0 0
2337 0 0 0 0 0
2338 0 0 0 0 0
2339 0 0 0 0 0
2340 0 0 0 0 0
2341 0 0 0 0 0
2342 0 0 0 0 0
2343 0 0 0 0 0
2344 0 0 0 0 0
2345 0 0 0 0 0
2346 0 0 0 0 0
2347 0 0 0 0 0
2348 0 0 0 0 0
2349 0 0 0 0 0
2350 0 0 0 0 0
2351 0 0 0 0 0
2352 0 0 0 0 0
2353 0 0 0 0 0
2354 3 0 0 0 0
2355 3 0 0 0 0
2356 3 0 0 0 0
2357 3 0 0 0 0
2358 0 0 0 0 0
2359 0 0 0 0 0
2360 0 0 0 0 0
2361 0 0 0 0 0
2362 0 0 0 0 0
2363 0 0 0 0 0
2364 0 0 0 0 0
2365 0 0 0 0 0
2366 0 0 0 0 0
2367 0 0 0 0 0
2368 0 0 0 0 0
2369 0 0 0 0 0
2370 0 0 0 0 0
2371 0 0 0 0 0
2372 0 0 0 0 0
2373 0 0 0 0 0
2374 0 0 0 0 0
2375 0 0 0 0 0
2376 0 0 0 0 0
2377 0 0 0 0 0
2378 0 0 0 0 0
2379 0 0 0 0 0
2380 0 0 0 0 0
2381 0 0 0 0 0
2382 0 0 0 0 0
2383 0 0 0 0 2
2384 0 0 0 0 2
2385 0 0 0 0 2
2386 0 0 0 0 2
2387 0 0 0 0 2
2388 0 0 0 0 0
2389 0 0 0 0 0
2390 0 0 0 0 0
2391 2 0 0 0 2
2392 0 0 0 0 0
2393 0 0 0 0 0
2394 0 0 0 0 0
2395 0 0 0 0 0
2396 0 0 0 0 0
2397 0 0 0 0 0
2398 0 0 0 0 0
2399 0 0 0 0 0
2400 0 0 0 0 0
2401 0 0 0 0 0
2402 0 0 0 0 0
2403 0 0 0 0 0
2404 0 0 0 0 0
2405 0 0 0 0 0
2406 0 0 0 0 0
2407 0 0 0 0 0
2408 0 0 0 0 0
2409 0 0 0 0 0
2410 0 0 0 0 0
2411 0 0 0 0 0
2412 0 0 0 0 0
2413 0 0 0 0 0
2414 0 0 0 0 0
2415 0 0 0 0 0
2416 0 0 0 0 0
2417 0 0 0 0 0
2418 0 0 0 0 0
2419 0 2 0 0 0
2420 0 0 0 0 0
2421 0 0 0 0 0
2422 0 0 0 0 0
2423 0 0 0 0 0
2424 0 0 0 0 0
2425 0 0 0 0 0
2426 0 0 0 0 0
2427 0 0 0 0 0
2428 0 0 0 0 2
2429 0 0 0 0 0
2430 0 0 0 0 0
2431 0 0 0 0 0
2432 0 0 0 0 0
2433 0 0 0 0 0
2434 0 0 0 0 0
2435 0 0 0 0 0
2436 0 0 0 0 0
2437 0 0 0 0 0
2438 0 0 0 0 0
2439 0 0 0 0 0
2440 0 0 0 0 0
2441 0 0 0 0 0
2442 0 0 0 0 2
2443 0 0 0 0 0
2444 2 0 0 0 2
2445 0 0 0 0 2
2446 2 0 0 0 0
2447 2 0 0 0 0
2448 0 0 0 0 0
2449 2 0 0 0 0
2450 2 0 0 0 0
2451 2 0 0 0 0
2452 0 0 0 0 0
2453 0 0 0 0 0
2454 0 0 0 0 2
2455 0 0 0 0 2
2456 0 0 0 0 2
2457 0 0 0 0 2
2458 0 0 0 0 2
2459 0 0 0 0 2
2460 0 0 0 0 2
2461 0 0 0 0 2
2462 0 0 0 0 2
2463 0 0 0 0 2
2464 0 0 0 0 2
2465 0 0 0 0 2
2466 0 0 0 0 2
2467 0 0 0 0 2
2468 0 0 0 0 2
2469 0 0 0 0 2
2470 0 0 0 0 2
2471 0 0 0 0 2
2472 0 0 0 0 2
2473 0 0 0 0 2
2474 0 0 0 0 0
2475 0 0 0 0 0
2476 0 0 0 0 0
2477 0 0 0 2 0
2478 0 2 0 0 0
2479 0 2 0 0 0
2480 0 2 0 2 0
2481 0 2 0 0 0
2482 0 0 0 0 0
2483 0 0 0 2 0
2484 0 0 0 2 0
2485 0 0 0 0 0
2486 0 2 0 0 0
2487 0 0 0 0 0
2488 0 0 0 0 0
2489 0 0 0 0 0
2490 0 0 0 0 0
2491 0 0 0 0 0
2492 0 0 0 0 0
2493 0 0 0 0 0
2494 0 0 0 0 0
2495 0 0 0 0 0
2496 0 0 0 0 0
2497 0 0 0 0 0
2498 0 0 0 0 0
2499 0 0 0 0 0
2500 0 0 0 0 0
2501 0 0 0 0 0
2502 0 0 0 0 0
2503 0 0 0 0 0
2504 0 0 0 0 0
2505 0 0 0 0 0
2506 0 0 0 2 0
2507 0 0 0 2 0
2508 0 0 0 0 0
2509 0 0 0 0 0
2510 0 0 0 0 0
2511 0 0 0 0 0
2512 0 0 0 0 0
2513 0 0 0 0 0
2514 0 0 0 0 0
2515 0 0 0 2 0
2516 0 0 0 0 0
2517 0 0 0 0 0
2518 0 0 0 0 0
2519 0 0 0 0 0
2520 0 0 0 0 0
2521 0 0 0 0 0
2522 0 0 0 0 0
2523 0 0 0 0 0
2524 0 0 0 0 0
2525 0 0 0 0 0
2526 0 0 0 2 0
2527 0 0 0 2 0
2528 0 0 0 0 0
2529 0 0 0 2 0
2530 0 0 0 2 0
2531 0 0 0 0 0
2532 0 0 0 0 0
2533 0 0 0 0 0
2534 0 0 0 0 0
2535 0 0 0 0 0
2536 0 0 0 0 0
2537 0 0 0 0 0
2538 0 0 0 0 0
2539 0 0 0 2 0
2540 0 0 0 0 0
2541 0 0 0 0 2
2542 0 0 0 0 2
2543 0 0 0 0 2
2544 0 2 0 0 2
2545 0 0 0 0 2
2546 0 0 0 0 2
2547 0 0 0 2 2
2548 0 0 0 0 2
2549 0 0 0 2 2
2550 0 0 0 2 2
2551 0 0 0 2 2
2552 0 0 0 2 2
2553 0 0 0 2 2
2554 0 0 0 2 2
2555 0 0 0 2 2
2556 0 0 0 2 2
2557 0 0 0 0 2
2558 0 0 0 2 2
2559 0 0 0 0 2
2560 0 0 0 0 2
2561 0 0 0 0 2
2562 0 0 0 0 2
2563 0 0 0 0 2
2564 0 0 0 0 2
2565 0 0 0 0 2
2566 0 0 0 0 2
2567 0 0 0 0 2
2568 0 0 0 0 2
2569 0 0 0 0 2
2570 0 0 0 0 2
2571 0 0 0 0 2
2572 0 0 0 0 2
2573 0 0 0 0 2
2574 0 0 0 0 2
2575 0 0 0 0 2
2576 0 0 0 0 2
2577 0 0 0 0 2
2578 0 0 0 0 2
2579 0 0 0 0 2
2580 0 0 0 0 2
2581 0 0 0 0 2
2582 0 0 0 0 2
2583 0 0 0 0 2
2584 0 0 0 0 0
2585 0 0 0 2 0
2586 0 0 0 2 0
2587 0 0 0 0 0
2588 0 0 0 2 0
2589 0 0 0 2 0
2590 0 0 0 2 0
2591 0 0 0 0 0
2592 0 0 0 0 0
2593 0 0 0 0 0
2594 0 0 0 0 0
2595 0 0 0 0 0
2596 0 0 0 2 0
2597 0 0 0 2 0
2598 0 0 0 2 0
2599 0 0 0 2 0
2600 0 0 0 2 0
2601 0 0 0 0 0
2602 0 0 0 0 0
2603 0 0 0 0 0
2604 0 0 0 0 0
2605 0 0 0 0 0
2606 0 0 0 0 0
2607 0 0 0 0 0
2608 0 0 0 0 2
2609 0 0 0 0 2
2610 0 0 0 0 2
2611 0 0 0 2 2
2612 0 0 0 2 2
2613 0 2 0 2 2
2614 0 0 0 2 2
2615 0 0 0 0 0
2616 0 0 0 0 0
2617 0 0 0 0 0
2618 0 0 0 0 0
2619 0 0 0 0 0
2620 0 0 0 0 0
2621 0 0 0 0 0
2622 0 0 0 0 0
2623 0 0 0 0 0
2624 0 0 0 0 0
2625 0 0 0 0 0
2626 0 0 0 3 0
2627 0 0 0 2 0
2628 0 0 0 2 0
2629 0 0 0 0 2
2630 0 0 0 2 2
2631 0 0 0 0 2
2632 0 0 0 0 0
2633 0 0 0 0 0
2634 0 0 0 3 0
2635 0 0 0 3 0
2636 0 0 0 3 0
2637 0 0 0 3 0
2638 0 0 2 0 0
2639 0 0 2 0 0
2640 0 0 2 0 0
2641 0 0 2 0 0
2642 0 0 0 0 0
2643 0 0 0 0 0
2644 0 0 0 0 0
2645 0 0 0 0 0
2646 0 0 0 0 0
2647 0 0 0 0 0
2648 0 0 2 0 0
2649 0 0 2 0 0
2650 0 0 0 0 0
2651 0 0 2 0 0
2652 0 0 2 0 0
2653 0 0 0 0 0
2654 0 0 0 0 0
2655 0 0 0 0 0
2656 0 0 0 0 0
2657 0 0 0 0 0
2658 0 0 0 0 0
2659 0 0 0 0 0
2660 0 0 0 0 0
2661 0 0 0 0 0
2662 0 0 0 0 0
2663 0 0 0 0 0
2664 0 0 0 0 0
2665 0 0 0 0 0
2666 0 0 0 0 0
2667 0 0 0 2 0
2668 0 0 0 0 0
2669 0 0 0 0 0
2670 0 0 0 0 0
2671 0 0 0 0 0
2672 0 0 0 0 0
2673 0 0 0 0 0
2674 0 0 0 0 0
2675 0 0 0 0 0
2676 0 0 0 0 0
2677 0 0 0 2 0
2678 0 0 0 2 0
2679 0 0 0 0 0
2680 0 0 0 0 0
2681 0 0 0 2 0
2682 0 0 0 2 0
2683 0 0 0 2 0
2684 0 0 0 0 0
2685 0 0 0 0 0
2686 0 0 0 0 0
2687 0 0 0 0 0
2688 0 0 0 0 0
2689 0 0 0 2 0
2690 0 0 0 2 0
2691 0 0 0 0 0
2692 0 0 0 0 0
2693 0 0 0 0 0
2694 0 0 0 0 0
2695 0 0 0 0 0
2696 0 0 0 0 0
2697 0 0 0 0 0
2698 0 0 0 0 0
2699 0 0 0 0 0
2700 0 0 0 0 0
2701 0 0 0 0 0
2702 0 0 0 0 0
2703 0 0 0 0 0
2704 0 0 0 0 0
2705 0 0 0 0 0
2706 0 0 0 0 0
2707 0 0 0 0 0
2708 0 0 0 0 0
2709 0 0 0 0 0
2710 0 0 0 0 0
2711 0 0 0 0 0
2712 0 0 0 0 0
2713 0 0 0 0 0
2714 0 0 0 0 0
2715 0 0 0 0 0
2716 0 0 0 0 0
2717 0 0 0 0 0
2718 0 0 0 0 0
2719 0 0 0 0 0
2720 0 0 0 0 0
2721 0 0 0 0 0
2722 0 0 0 0 0
2723 0 0 0 0 0
2724 0 0 0 0 0
2725 0 0 0 0 0
2726 0 0 0 0 0
2727 0 0 0 0 0
2728 0 0 0 0 0
2729 0 0 0 0 0
2730 0 0 0 0 0
2731 0 0 0 0 0
2732 0 0 0 0 0
2733 0 0 0 0 0
2734 0 0 0 0 0
2735 0 0 0 0 0
2736 0 0 0 0 0
2737 0 0 0 0 0
2738 0 0 0 0 0
2739 0 0 0 0 0
2740 0 0 0 0 0
2741 0 0 0 0 0
2742 0 0 0 0 0
2743 0 0 0 0 0
2744 0 0 0 0 0
2745 0 0 0 0 0
2746 0 0 0 0 0
2747 0 0 0 0 0
2748 0 0 0 0 0
2749 0 0 0 0 0
2750 0 0 0 0 0
2751 0 0 0 0 0
2752 0 0 0 0 0
2753 0 0 0 0 0
2754 0 0 0 0 0
2755 0 0 0 0 0
2756 0 0 0 0 0
2757 0 0 0 0 0
2758 0 0 0 0 0
2759 0 0 0 0 0
2760 0 0 0 0 0
2761 0 0 0 0 0
2762 0 0 0 0 0
2763 0 0 0 0 0
2764 0 0 0 0 0
2765 0 0 0 0 0
2766 0 0 0 0 0
2767 0 0 0 0 0
2768 0 0 0 0 0
2769 0 0 0 0 0
2770 0 0 0 0 0
2771 0 0 0 0 0
2772 0 0 0 0 0
2773 0 0 0 0 0
2774 0 0 0 0 0
2775 0 0 0 0 0
2776 0 0 0 0 0
2777 0 0 0 0 0
2778 0 0 0 0 0
2779 0 0 0 0 0
2780 0 0 0 0 0
2781 0 0 0 0 0
2782 0 0 0 0 0
2783 0 0 0 0 0
2784 0 0 0 0 0
2785 0 0 0 2 0
2786 0 0 0 2 0
2787 0 2 0 0 0
2788 0 0 0 0 0
2789 0 0 0 0 0
2790 0 0 0 0 0
2791 0 0 0 0 0
2792 0 0 0 0 0
2793 0 0 0 2 0
2794 0 0 0 0 0
2795 0 0 0 0 0
2796 0 0 0 0 0
2797 0 0 0 0 0
2798 0 0 0 0 0
2799 0 0 0 0 0
2800 0 0 0 2 0
2801 0 0 0 2 0
2802 0 0 2 0 0
2803 0 0 2 0 0
2804 0 0 0 0 0
2805 0 0 0 0 0
2806 0 0 0 0 0
2807 0 0 0 0 0
2808 0 0 2 0 0
2809 0 0 0 0 0
2810 0 0 2 0 0
2811 0 0 0 0 0
2812 0 0 0 0 0
2813 0 0 0 0 0
2814 0 0 0 0 0
2815 0 0 0 0 0
2816 0 0 0 0 0
2817 0 0 0 0 0
2818 0 0 0 0 0
2819 0 0 0 0 0
2820 0 0 0 0 0
2821 0 0 0 0 0
2822 0 0 0 0 0
2823 0 0 0 0 0
2824 0 0 0 0 0
2825 0 0 0 0 0
2826 0 0 0 0 0
2827 0 0 0 0 0
2828 0 0 2 0 0
2829 0 0 0 0 0
2830 0 0 0 0 0
2831 0 0 0 0 0
2832 0 0 0 0 0
2833 0 0 0 0 0
2834 0 0 0 0 0
2835 0 0 0 0 0
2836 0 0 0 0 0
2837 0 0 0 0 0
2838 0 0 0 0 0
2839 0 0 0 0 0
2840 0 0 0 0 0
2841 0 0 0 0 0
2842 0 0 0 0 0
2843 0 0 0 0 0
2844 0 2 0 0 0
2845 0 2 0 2 0
2846 0 0 0 2 0
2847 0 0 0 2 0
2848 0 0 0 0 0
2849 0 0 0 0 0
2850 0 0 0 2 0
2851 0 0 0 0 0
2852 0 0 0 0 0
2853 0 0 0 0 0
2854 0 0 0 0 0
2855 0 0 0 0 0
2856 0 0 0 0 0
2857 0 0 0 0 0
2858 0 0 0 0 0
2859 0 0 0 0 0
2860 0 0 0 0 0
2861 0 0 0 0 0
2862 0 0 0 0 0
2863 0 0 0 0 0
2864 0 0 0 0 0
2865 0 0 0 0 0
2866 0 0 0 0 0
2867 0 0 0 0 0
2868 0 0 0 0 0
2869 0 0 0 0 0
2870 0 0 0 0 0
2871 0 0 0 0 0
2872 0 0 0 0 0
2873 0 0 2 0 0
2874 0 0 0 0 0
2875 0 0 0 0 0
2876 0 0 0 0 0
2877 0 0 0 0 0
2878 0 0 0 0 0
2879 0 0 0 0 0
2880 0 0 0 0 0
2881 0 0 0 0 0
2882 0 0 0 0 0
2883 0 0 0 0 0
2884 0 0 0 0 0
2885 0 0 0 0 0
2886 0 0 0 0 0
2887 0 0 0 0 0
2888 0 0 0 0 0
2889 0 0 0 0 0
2890 0 0 0 0 0
2891 0 0 0 0 0
2892 0 0 0 0 0
2893 0 0 0 0 0
2894 0 0 0 0 0
2895 0 0 0 0 0
2896 0 0 0 0 0
2897 0 0 0 0 0
2898 0 0 0 0 0
2899 0 0 0 0 0
2900 0 0 0 0 0
2901 0 0 0 0 0
2902 0 0 0 0 0
2903 0 0 0 0 0
2904 0 0 0 0 0
2905 0 0 0 0 0
2906 0 0 0 0 0
2907 0 0 0 0 0
2908 0 0 0 0 0
2909 0 0 0 0 0
2910 0 0 0 0 0
2911 0 0 0 0 0
2912 0 0 0 0 0
2913 0 0 0 0 0
2914 0 0 0 0 0
2915 0 0 0 0 0
2916 0 0 0 0 0
2917 0 0 0 0 0
2918 0 0 0 0 0
2919 0 0 0 0 0
2920 0 0 0 0 0
2921 0 0 0 0 0
2922 0 0 0 0 0
2923 0 0 0 0 0
2924 0 0 0 0 0
2925 0 0 0 0 0
2926 0 0 0 0 0
2927 0 0 0 0 0
2928 0 0 0 0 0
2929 0 0 0 0 0
2930 0 0 0 0 0
2931 0 0 0 0 0
2932 0 0 0 2 0
2933 0 0 0 2 0
2934 0 0 0 2 0
2935 0 0 0 2 0
2936 0 0 0 2 0
2937 0 0 2 0 0
2938 0 0 2 0 0
2939 0 0 2 0 0
2940 0 0 0 0 0
2941 0 0 0 0 0
2942 0 2 2 0 0
2943 0 2 2 0 0
2944 0 0 0 0 0
2945 0 0 0 0 0
2946 0 0 0 2 0
2947 0 0 0 0 0
2948 0 0 0 0 0
2949 0 0 0 0 0
2950 0 3 0 0 0
2951 0 0 0 0 0
2952 0 2 2 0 0
2953 0 2 2 0 0
2954 0 2 2 0 0
2955 0 2 2 0 0
2956 0 0 0 0 0
2957 0 0 0 0 0
2958 0 0 0 0 0
2959 0 0 0 0 0
2960 0 0 0 0 0
2961 0 0 2 0 0
2962 0 0 2 0 0
2963 0 0 2 0 0
2964 0 0 0 2 0
2965 0 0 0 2 0
2966 0 0 0 0 0
2967 0 0 0 2 0
2968 0 0 0 0 0
2969 0 2 0 0 0
2970 0 0 0 0 0
2971 0 0 0 0 0
2972 0 0 0 2 0
2973 0 0 0 0 0
2974 0 0 0 0 0
2975 0 2 0 0 0
2976 0 2 0 2 0
2977 0 2 0 2 0
2978 0 2 0 0 0
2979 0 0 0 2 0
2980 0 0 0 2 0
2981 0 0 0 0 0
2982 0 0 0 0 0
2983 0 0 0 0 0
2984 0 0 0 0 0
2985 0 0 0 0 0
2986 0 0 0 0 0
2987 0 0 0 0 0
2988 0 0 0 0 0
2989 0 0 0 0 0
2990 0 0 0 0 0
2991 0 0 0 0 0
2992 0 0 0 0 0
2993 0 0 0 0 0
2994 0 0 0 0 0
2995 0 0 0 0 0
2996 0 0 2 0 0
2997 0 0 2 0 0
2998 0 0 2 0 0
2999 0 0 2 0 0
3000 0 0 0 0 0
3001 0 0 0 0 0
3002 0 0 0 0 0
3003 0 0 2 0 0
3004 0 0 0 0 0
3005 0 0 0 0 0
3006 0 0 0 0 0
3007 0 0 0 0 0
3008 0 0 0 0 0
3009 0 0 0 0 0
3010 0 0 0 0 0
3011 0 0 0 0 0
3012 0 0 0 0 0
3013 0 0 0 0 0
3014 0 0 0 0 0
3015 0 0 0 0 0
3016 0 0 0 0 0
3017 0 0 0 0 0
3018 0 0 2 0 0
3019 0 0 2 0 0
3020 0 0 0 0 0
3021 0 0 0 0 0
3022 0 0 0 0 0
3023 0 0 0 0 0
3024 0 0 0 0 0
3025 0 0 0 0 0
3026 0 0 0 0 0
3027 0 0 0 0 0
3028 0 0 0 0 0
3029 0 0 0 0 0
3030 0 0 0 0 0
3031 0 0 0 0 0
3032 0 0 0 0 0
3033 0 0 0 0 0
3034 0 0 0 0 0
3035 0 0 0 0 0
3036 0 0 0 0 0
3037 0 0 0 0 0
3038 0 0 0 0 0
3039 0 0 0 0 0
3040 0 0 0 0 0
3041 0 0 0 0 0
3042 0 0 0 0 0
3043 0 0 0 0 0
3044 0 0 0 0 0
3045 0 0 0 0 0
3046 0 0 0 0 0
3047 0 0 0 0 0
3048 0 0 0 0 0
3049 0 0 0 0 0
3050 0 0 0 0 0
3051 0 0 0 0 0
3052 0 0 0 0 0
3053 0 0 0 0 0
3054 0 0 0 0 0
3055 0 0 0 0 0
3056 0 0 0 0 0
3057 0 0 0 0 0
3058 0 0 0 0 0
3059 0 0 0 0 0
3060 0 0 0 0 0
3061 0 0 0 0 0
3062 0 0 0 0 0
3063 0 0 0 0 0
3064 0 0 0 0 0
3065 0 0 0 0 0
3066 0 0 0 0 0
3067 0 0 0 0 0
3068 0 0 0 0 0
3069 0 0 0 0 0
3070 0 0 0 0 0
3071 0 0 0 0 0
3072 0 0 0 0 2
3073 0 0 0 0 2
3074 0 0 0 0 2
3075 0 0 0 0 2
3076 0 0 0 0 2
3077 0 0 0 0 2
3078 0 0 0 0 2
3079 0 0 0 0 2
3080 0 0 0 0 2
3081 0 2 0 0 2
3082 0 2 0 0 2
3083 0 2 0 0 2
3084 0 2 0 0 0
3085 0 2 0 0 2
3086 0 2 0 0 2
3087 0 2 0 0 0
3088 0 2 0 0 2
3089 0 2 0 0 2
3090 0 2 0 0 2
3091 0 2 0 0 2
3092 0 2 0 0 2
3093 0 2 0 0 2
3094 0 2 0 0 2
3095 0 2 0 0 2
3096 0 2 0 0 2
3097 0 2 0 0 2
3098 0 2 0 0 2
3099 0 2 0 0 2
3100 0 2 0 0 2
3101 0 2 0 0 2
3102 0 2 0 0 2
3103 0 2 0 0 2
3104 0 2 0 0 2
3105 0 2 0 0 2
3106 0 2 0 0 0
3107 0 2 0 0 0
3108 0 2 0 0 0
3109 0 2 0 0 0
3110 0 2 0 0 0
3111 0 2 0 0 0
3112 0 2 0 0 0
3113 0 2 0 0 0
3114 0 2 0 0 0
3115 0 2 0 0 0
3116 0 2 0 0 0
3117 3 0 0 0 0
3118 0 0 0 0 0
3119 0 0 0 0 0
3120 0 0 0 0 0
3121 0 0 0 0 0
3122 0 0 0 0 0
3123 0 0 0 0 0
3124 0 0 0 0 0
3125 0 0 0 0 0
3126 0 0 0 0 0
3127 0 0 0 0 0
3128 0 0 0 0 0
3129 0 0 0 0 0
3130 0 0 0 0 0
3131 0 0 0 0 0
3132 0 0 0 0 0
3133 0 0 0 0 0
3134 0 0 0 0 0
3135 0 0 0 0 0
3136 0 0 0 0 0
3137 0 0 0 0 0
3138 0 0 0 0 0
3139 0 0 0 0 0
3140 0 0 0 0 0
3141 0 0 0 0 0
3142 0 0 0 0 0
3143 0 0 0 0 0
3144 0 0 0 0 0
3145 0 0 0 0 0
3146 0 0 0 0 0
3147 0 0 0 0 0
3148 0 0 0 0 0
3149 0 0 0 0 0
3150 0 0 0 0 0
3151 0 0 0 0 0
3152 0 0 0 0 0
3153 0 0 0 0 0
3154 0 0 0 0 0
3155 0 0 0 0 0
3156 0 0 0 0 0
3157 0 0 0 0 0
3158 0 0 0 0 0
3159 0 0 0 0 0
3160 0 0 0 0 0
3161 0 0 0 0 0
3162 0 0 0 0 0
3163 0 0 0 0 0
3164 0 0 0 0 0
3165 0 0 0 0 0
3166 0 0 0 0 0
3167 0 0 0 0 0
3168 0 0 0 0 0
3169 0 0 0 0 0
3170 0 0 0 0 0
3171 0 0 0 0 0
3172 0 0 0 0 0
3173 0 0 0 0 0
3174 0 0 0 0 0
3175 0 0 0 0 0
3176 0 0 0 0 0
3177 0 0 0 0 0
3178 0 0 0 0 0
3179 0 0 0 0 0
3180 0 0 0 0 0
3181 0 0 0 0 0
3182 0 0 0 0 0
3183 0 0 0 0 0
3184 0 0 0 0 0
3185 0 0 0 0 0
3186 0 0 0 0 0
3187 0 0 0 0 0
3188 0 0 0 0 0
3189 0 0 0 0 0
3190 0 0 0 0 0
3191 0 0 0 0 0
3192 0 0 0 0 0
3193 0 0 0 0 0
3194 0 0 0 0 0
3195 0 0 0 0 0
3196 0 0 0 0 0
3197 0 0 0 0 0
3198 0 0 0 0 0
3199 0 0 0 0 0
3200 0 0 0 0 0
3201 0 0 0 0 0
3202 0 0 0 0 0
3203 0 0 0 0 0
3204 0 0 0 0 0
3205 0 0 0 0 0
3206 0 0 0 0 0
3207 0 0 0 0 0
3208 0 0 0 0 0
3209 0 0 0 0 0
3210 0 0 0 0 0
3211 0 0 0 0 0
3212 0 0 0 0 0
3213 0 0 0 0 0
3214 0 0 0 0 0
3215 0 0 0 0 0
3216 0 0 0 0 0
3217 0 0 0 0 0
3218 0 0 0 0 0
3219 0 0 0 0 0
3220 0 0 0 0 0
3221 0 0 0 0 0
3222 0 0 0 0 0
3223 0 0 0 0 0
3224 0 0 0 0 0
3225 0 0 0 0 0
3226 0 0 0 0 0
3227 0 0 0 0 0
3228 0 0 0 0 0
3229 0 0 0 0 0
3230 0 0 0 0 0
3231 0 0 0 0 0
3232 0 0 0 0 0
3233 0 0 0 0 0
3234 2 0 0 0 0
3235 2 0 0 0 2
3236 2 0 0 0 2
3237 2 0 0 0 2
3238 2 0 0 0 2
3239 0 0 0 0 2
3240 0 0 0 0 2
3241 0 0 0 0 2
3242 2 0 3 0 2
3243 2 0 3 0 2
3244 0 0 3 0 2
3245 0 0 3 0 2
3246 0 0 3 0 2
3247 0 0 3 0 2
3248 0 0 3 0 2
3249 0 0 3 0 2
3250 0 0 3 0 2
3251 0 0 3 0 2
3252 0 0 0 0 2
3253 0 0 0 0 2
3254 0 0 3 0 2
3255 0 0 0 0 2
3256 2 0 0 0 2
3257 2 0 0 0 2
3258 0 0 0 0 2
3259 0 0 0 0 2
3260 0 0 0 0 2
3261 0 0 0 0 2
3262 0 0 0 0 2
3263 0 0 0 0 2
3264 0 0 0 0 2
3265 0 0 0 0 2
3266 0 0 0 0 2
3267 0 0 0 0 2
3268 0 0 0 0 2
3269 0 0 0 0 2
3270 0 0 0 0 2
3271 0 0 0 0 2
3272 0 0 0 0 2
3273 0 0 0 0 2
3274 0 0 0 0 2
3275 0 0 0 0 2
3276 0 0 0 0 2
3277 0 0 0 0 2
3278 0 0 0 0 2
3279 0 0 0 0 2
3280 0 0 0 0 2
3281 0 0 0 0 2
3282 0 0 0 0 2
3283 0 0 0 0 2
3284 0 0 0 0 2
3285 0 0 0 0 2
3286 0 0 0 0 2
3287 0 0 0 0 2
3288 0 0 0 0 2
3289 0 0 0 0 2
3290 0 0 0 0 2
3291 0 0 0 0 2
3292 0 0 0 0 2
3293 0 0 0 0 2
3294 0 0 0 0 2
3295 0 0 0 0 2
3296 0 0 0 0 2
3297 0 0 0 0 2
3298 0 0 0 0 2
3299 0 0 0 0 2
3300 0 0 0 0 2
3301 0 0 0 0 2
3302 0 0 0 0 2
3303 0 0 0 0 2
3304 0 0 0 0 2
3305 0 0 0 0 2
3306 0 0 0 0 2
3307 0 0 0 0 0
3308 0 0 0 0 0
3309 0 0 0 0 0
3310 0 0 0 0 0
3311 0 0 0 0 0
3312 0 0 0 0 2
3313 0 0 3 0 2
3314 0 0 0 0 2
3315 0 0 0 0 2
3316 0 0 0 0 2
3317 0 0 0 0 2
3318 0 0 0 0 2
3319 0 0 0 0 2
3320 0 0 0 0 2
3321 0 0 0 0 2
3322 0 0 0 0 2
3323 0 0 0 0 2
3324 0 0 0 0 2
3325 0 0 0 0 2
3326 0 0 0 0 2
3327 0 0 0 0 2
3328 0 0 0 0 2
3329 0 0 0 0 2
3330 0 0 0 0 2
3331 0 0 0 0 2
3332 0 0 0 0 2
3333 0 0 0 0 2
3334 0 0 0 0 2
3335 2 0 0 0 2
3336 2 0 0 0 2
3337 0 0 0 0 2
3338 0 0 0 0 2
3339 0 0 0 0 2
3340 0 0 0 0 2
3341 0 0 0 0 2
3342 0 0 0 0 2
3343 0 0 0 0 2
3344 0 0 0 0 2
3345 0 0 0 0 2
3346 0 0 0 0 2
3347 0 0 0 0 2
3348 0 0 0 0 2
3349 0 0 0 0 2
3350 0 0 0 0 2
3351 0 0 0 0 2
3352 0 0 0 0 2
3353 0 0 0 0 2
3354 0 0 0 0 2
3355 0 0 0 0 2
3356 0 0 0 0 2
3357 0 0 0 0 2
3358 0 0 0 0 2
3359 0 0 0 0 2
3360 0 0 0 0 2
3361 0 0 0 0 2
3362 0 0 0 0 2
3363 0 0 0 0 2
3364 0 0 0 0 2
3365 0 0 0 0 2
3366 0 0 0 0 2
3367 0 0 0 0 2
3368 0 0 0 0 2
3369 0 0 0 0 2
3370 0 0 0 0 2
3371 0 0 0 0 2
3372 0 0 0 0 2
3373 0 0 0 0 2
3374 0 0 0 0 2
3375 0 0 0 0 2
3376 0 0 0 0 2
3377 0 0 0 0 2
3378 0 0 0 0 2
3379 0 0 0 0 2
3380 0 0 0 0 2
3381 0 0 0 0 2
3382 0 0 0 0 2
3383 0 0 0 0 2
3384 0 0 0 0 2
3385 0 0 0 0 2
3386 0 0 0 0 2
3387 0 0 0 0 2
3388 0 0 0 0 2
3389 0 0 0 0 2
3390 0 0 0 0 2
3391 0 0 0 0 2
3392 0 0 0 0 2
3393 0 0 0 0 2
3394 0 0 0 0 2
3395 0 0 0 0 2
3396 0 0 0 0 2
3397 0 0 0 0 2
3398 0 0 0 0 2
3399 0 0 0 0 2
3400 0 0 0 0 2
3401 0 0 0 0 2
3402 0 0 0 0 2
3403 0 0 0 0 2
3404 0 0 0 0 2
3405 0 0 0 0 2
3406 0 0 0 0 2
3407 0 0 0 0 2
3408 0 0 0 0 2
3409 0 0 0 0 2
3410 0 0 0 0 2
3411 0 0 0 0 2
3412 0 0 0 0 2
3413 0 0 0 0 2
3414 0 0 0 0 2
3415 0 0 0 0 2
3416 0 0 0 0 2
3417 0 0 0 0 2
3418 0 0 0 0 2
3419 0 0 0 0 2
3420 0 0 0 0 2
3421 0 0 0 0 2
3422 0 0 0 0 2
3423 0 0 0 0 2
3424 0 0 0 0 2
3425 0 0 0 0 2
3426 0 0 0 0 2
3427 0 0 0 0 2
3428 0 0 0 0 2
