0 0 0 0 0 0
1 0 0 0 0 0
2 0 0 0 0 0
3 0 0 0 0 0
4 0 0 0 0 0
5 0 0 0 0 0
6 0 0 0 0 0
7 0 0 0 0 0
8 0 0 0 0 0
9 0 0 0 0 0
10 0 0 0 0 0
11 0 0 0 0 0
12 0 0 0 0 0
13 0 0 0 0 0
14 0 0 0 0 0
15 0 0 0 0 0
16 0 0 0 0 0
17 0 0 0 0 0
18 0 0 0 0 0
19 0 0 0 0 0
20 0 0 0 0 0
21 0 0 0 0 0
22 0 0 0 0 0
23 0 0 0 0 0
24 0 0 0 0 0
25 0 0 0 0 0
26 0 0 0 0 0
27 0 0 0 0 0
28 0 0 0 0 0
29 0 0 0 0 0
30 0 0 0 0 0
31 0 0 0 0 0
32 0 0 0 0 0
33 0 0 0 0 0
34 0 0 0 0 0
35 0 0 0 0 0
36 0 0 0 0 0
37 0 0 0 0 0
38 0 0 0 0 0
39 0 0 0 0 0
40 0 0 0 0 0
41 0 0 0 0 0
42 0 0 0 0 0
43 0 0 0 0 0
44 0 0 0 0 0
45 0 0 0 0 0
46 0 0 0 0 0
47 0 0 0 0 0
48 0 0 0 0 0
49 0 0 0 0 0
50 0 0 0 0 0
51 0 0 0 0 0
52 0 0 0 0 0
53 0 0 0 0 0
54 0 0 0 0 0
55 0 0 0 0 0
56 0 0 0 0 0
57 0 0 0 0 0
58 0 0 0 0 0
59 0 0 0 0 0
60 0 0 0 0 0
61 0 0 0 0 0
62 0 0 0 0 0
63 0 0 0 0 0
64 0 0 0 0 0
65 0 0 0 0 0
66 0 0 0 0 0
67 0 0 0 0 0
68 0 0 0 0 0
69 0 0 0 0 0
70 0 0 0 0 0
71 0 0 0 0 0
72 0 0 0 0 0
73 0 0 0 0 0
74 0 0 0 0 0
75 0 0 0 0 0
76 0 0 0 0 0
77 0 0 0 0 0
78 0 0 0 0 0
79 0 0 0 0 0
80 0 0 0 0 0
81 0 0 0 0 0
82 0 0 0 0 0
83 0 0 0 0 0
84 0 0 0 0 0
85 0 0 0 0 0
86 0 0 0 0 0
87 0 0 0 0 0
88 0 0 0 0 0
89 0 0 0 0 0
90 0 0 0 0 0
91 0 0 0 0 0
92 0 0 0 0 0
93 0 0 0 0 0
94 0 0 0 0 0
95 0 0 0 0 0
96 0 0 0 0 0
97 0 0 0 0 0
98 0 0 0 0 0
99 0 0 0 0 0
100 0 0 0 0 0
101 0 0 0 0 0
102 0 0 0 0 0
103 0 0 0 0 0
104 0 0 0 0 0
105 0 0 0 0 0
106 0 0 0 0 0
107 0 0 0 0 0
108 0 0 0 0 0
109 0 0 0 0 0
110 0 0 0 0 0
111 0 0 0 0 0
112 0 0 0 0 0
113 0 0 0 0 0
114 0 0 0 0 0
115 0 0 0 0 0
116 0 0 0 0 0
117 0 0 0 0 0
118 0 0 0 0 0
119 0 0 0 0 0
120 0 0 0 0 0
121 0 0 0 0 0
122 0 0 0 0 0
123 0 0 0 0 0
124 0 0 0 0 0
125 0 0 0 0 0
126 0 0 0 0 0
127 0 0 0 0 0
128 0 0 0 0 0
129 0 0 0 0 0
130 0 0 0 0 0
131 0 0 0 0 0
132 0 0 0 0 0
133 0 0 0 0 0
134 0 0 0 0 0
135 0 0 0 0 0
136 0 0 0 0 0
137 0 0 0 0 0
138 0 0 0 0 0
139 0 0 0 0 0
140 0 0 0 0 0
141 0 0 0 0 0
142 0 0 0 0 0
143 0 0 0 0 0
144 0 0 0 0 0
145 0 0 0 0 0
146 0 0 0 0 0
147 0 0 0 0 0
148 0 0 0 0 0
149 0 0 0 0 0
150 0 0 0 0 0
151 0 0 0 0 0
152 0 0 0 0 0
153 0 0 0 0 0
154 0 0 0 0 0
155 0 0 0 0 0
156 0 0 0 0 0
157 0 0 0 0 0
158 0 0 0 0 0
159 0 0 0 0 0
160 0 0 0 0 0
161 0 0 0 0 0
162 0 0 0 0 0
163 0 0 0 0 0
164 0 0 0 0 0
165 0 0 0 0 0
166 0 0 0 0 0
167 0 0 0 0 0
168 0 0 0 0 0
169 0 0 0 0 0
170 0 0 0 0 0
171 0 0 0 0 0
172 0 0 0 0 0
173 0 0 0 0 0
174 0 0 0 0 0
175 0 0 0 0 0
176 0 0 0 0 0
177 0 0 0 0 0
178 0 0 0 0 0
179 0 0 0 0 0
180 0 0 0 0 0
181 0 0 0 0 0
182 0 0 0 0 0
183 0 0 0 0 0
184 0 0 0 0 0
185 0 0 0 0 0
186 0 0 0 0 0
187 0 0 0 0 0
188 0 0 0 0 0
189 0 0 0 0 0
190 0 0 0 0 0
191 0 0 0 0 0
192 0 0 0 0 0
193 0 0 0 0 0
194 0 0 0 0 0
195 0 0 0 0 0
196 0 0 0 0 0
197 0 0 0 0 0
198 0 0 0 0 0
199 0 0 0 0 0
200 0 0 0 0 0
201 0 0 0 0 0
202 0 0 0 0 0
203 0 0 0 0 0
204 0 0 0 0 0
205 0 0 0 0 0
206 0 0 0 0 0
207 0 0 0 0 0
208 0 0 0 0 0
209 0 0 0 0 0
210 0 0 0 0 0
211 0 0 0 0 0
212 0 0 0 0 0
213 0 0 0 0 0
214 0 0 0 0 0
215 0 0 0 0 0
216 0 0 0 0 0
217 0 0 0 0 0
218 0 0 0 0 0
219 0 0 0 0 0
220 0 0 0 0 0
221 0 0 0 0 0
222 0 0 2 0 0
223 0 0 2 0 0
224 0 0 2 0 0
225 0 0 0 0 0
226 0 0 0 0 0
227 0 0 0 2 0
228 0 0 0 0 0
229 0 0 0 0 0
230 0 0 0 0 0
231 0 0 0 0 0
232 0 0 0 0 0
233 0 0 0 0 0
234 0 0 0 0 0
235 0 0 0 0 0
236 0 0 0 0 0
237 0 0 0 0 0
238 0 0 0 0 0
239 0 0 0 0 0
240 0 0 0 3 0
241 0 0 0 3 0
242 0 0 3 0 0
243 0 0 2 0 0
244 0 0 2 0 0
245 0 0 0 0 0
246 0 0 0 0 0
247 0 0 0 0 0
248 0 0 0 0 0
249 0 0 0 0 0
250 0 0 0 0 0
251 0 0 2 0 0
252 0 0 2 0 0
253 0 0 2 0 0
254 0 0 2 0 0
255 0 0 0 0 0
256 0 0 0 0 0
257 0 0 0 0 0
258 0 0 0 0 0
259 0 0 0 0 0
260 0 0 0 0 2
261 0 0 0 0 2
262 0 0 0 3 2
263 0 0 0 2 2
264 0 0 0 2 2
265 0 0 0 2 2
266 0 0 0 2 2
267 0 0 0 2 2
268 0 0 0 2 0
269 0 0 0 2 2
270 0 0 0 2 2
271 0 0 0 2 2
272 2 0 0 0 2
273 2 0 0 2 2
274 0 0 0 2 2
275 0 0 0 2 2
276 0 0 0 2 2
277 0 0 0 2 2
278 0 0 0 2 2
279 0 0 0 2 2
280 0 0 0 2 2
281 0 0 0 2 2
282 0 0 0 0 2
283 0 0 0 2 2
284 2 0 0 2 2
285 0 0 0 2 2
286 2 0 0 2 2
287 0 0 0 2 2
288 0 0 0 2 2
289 0 0 0 2 2
290 0 0 0 0 0
291 0 2 0 2 2
292 0 0 0 0 2
293 0 0 0 2 2
294 0 2 0 2 2
295 0 0 0 0 0
296 0 0 0 2 0
297 0 0 0 2 0
298 0 0 0 2 0
299 0 0 0 2 2
300 0 0 0 2 2
301 0 0 0 0 2
302 0 0 0 0 2
303 0 0 0 0 2
304 0 0 0 2 0
305 0 2 0 2 0
306 0 2 0 2 0
307 0 0 0 2 0
308 0 0 0 0 0
309 0 0 0 0 0
310 0 0 0 0 2
311 0 0 0 0 0
312 0 2 0 0 2
313 0 0 0 0 2
314 0 0 0 0 2
315 0 2 0 0 2
316 0 0 0 0 2
317 0 0 0 0 2
318 0 0 0 0 0
319 0 0 0 0 2
320 0 0 0 0 2
321 0 0 0 0 2
322 0 2 0 0 2
323 0 2 0 0 2
324 0 0 0 0 2
325 0 0 0 0 0
326 0 2 0 2 2
327 0 0 0 0 2
328 0 0 0 0 2
329 0 0 0 0 2
330 0 0 0 0 2
331 0 0 0 0 0
332 0 0 0 0 2
333 0 0 0 0 2
334 0 0 0 0 2
335 0 0 0 0 2
336 0 0 0 0 2
337 0 0 0 0 2
338 0 0 0 0 2
339 0 0 0 0 2
340 0 0 0 0 2
341 0 0 0 0 2
342 0 0 0 0 2
343 0 0 0 2 2
344 0 0 0 2 2
345 0 0 0 0 2
346 0 0 0 0 0
347 0 0 0 0 0
348 0 0 0 0 0
349 0 0 0 0 2
350 0 0 0 0 2
351 0 0 0 0 2
352 0 0 0 0 0
353 0 0 0 0 2
354 0 0 0 0 2
355 0 0 0 0 2
356 0 0 0 0 2
357 0 0 0 0 2
358 0 0 0 0 2
359 0 0 0 0 0
360 0 0 0 0 2
361 0 0 0 0 2
362 0 0 0 0 2
363 0 0 0 0 2
364 0 0 0 2 2
365 0 0 0 0 2
366 0 0 0 0 2
367 0 0 0 2 2
368 0 0 0 2 2
369 0 0 0 2 2
370 0 0 0 2 2
371 0 0 0 0 2
372 0 0 0 0 2
373 0 0 0 0 0
374 0 0 0 0 2
375 0 0 0 0 2
376 0 0 0 0 2
377 0 0 0 0 2
378 0 0 0 0 2
379 0 0 0 0 0
380 0 0 0 0 0
381 0 0 0 0 2
382 0 0 0 0 0
383 0 0 0 0 0
384 0 0 0 0 0
385 0 0 0 0 2
386 0 0 0 0 2
387 0 0 0 2 2
388 0 0 0 0 0
389 0 0 0 0 2
390 0 0 0 0 0
391 0 0 0 0 0
392 0 0 0 0 0
393 0 0 0 0 0
394 0 0 0 0 0
395 0 0 0 0 0
396 0 0 0 0 0
397 0 0 0 0 0
398 0 0 0 0 0
399 0 0 0 0 0
400 0 0 0 0 0
401 0 0 0 0 0
402 0 0 0 0 0
403 0 0 0 0 0
404 0 2 0 2 0
405 0 0 0 0 0
406 0 0 0 0 0
407 0 0 0 0 0
408 0 0 0 3 0
409 0 2 0 2 0
410 0 2 0 2 0
411 0 0 0 2 0
412 0 2 0 2 0
413 0 0 0 2 2
414 0 2 2 0 0
415 0 2 2 0 2
416 0 2 2 0 2
417 0 2 0 0 2
418 0 2 0 0 2
419 0 2 0 0 2
420 0 2 0 0 0
421 0 0 3 0 0
422 0 2 0 0 2
423 0 2 0 0 2
424 0 2 3 0 2
425 0 0 0 0 2
426 0 0 3 0 2
427 0 0 3 0 2
428 0 0 3 0 2
429 0 0 0 0 2
430 0 0 0 0 0
431 0 2 0 0 0
432 0 2 0 0 0
433 0 0 0 0 0
434 0 0 0 0 0
435 0 0 0 0 0
436 0 0 0 0 0
437 0 2 2 0 0
438 0 2 2 0 0
439 0 2 2 0 0
440 0 0 0 0 0
441 0 0 2 0 0
442 0 0 0 0 0
443 0 0 0 0 0
444 0 0 0 0 0
445 0 0 0 0 0
446 0 0 0 0 0
447 0 0 0 0 0
448 0 0 0 0 0
449 0 0 0 0 0
450 0 0 0 0 0
451 0 0 0 0 0
452 0 0 0 0 0
453 0 0 0 0 0
454 0 0 0 2 0
455 0 0 0 0 0
456 0 0 0 0 0
457 0 0 0 0 0
458 0 0 0 0 0
459 0 2 0 2 0
460 0 2 0 2 0
461 0 0 0 0 0
462 0 2 0 2 0
463 0 2 0 2 0
464 0 2 0 2 0
465 0 2 0 2 0
466 0 2 0 2 0
467 0 2 0 2 0
468 0 2 0 2 0
469 0 0 0 0 0
470 0 2 0 2 0
471 0 0 0 2 0
472 0 0 0 2 0
473 0 0 0 2 0
474 0 0 0 0 0
475 0 0 0 2 0
476 0 0 0 0 0
477 0 0 0 2 0
478 0 0 0 2 0
479 0 0 0 0 0
480 0 2 0 2 0
481 0 0 0 0 0
482 0 0 0 0 0
483 0 0 0 0 0
484 0 0 0 0 0
485 0 0 0 0 0
486 0 0 0 0 0
487 0 0 0 0 0
488 0 0 0 0 0
489 0 0 0 0 0
490 0 0 0 0 0
491 0 0 0 0 0
492 0 0 0 2 0
493 0 0 0 2 0
494 0 0 0 0 0
495 0 0 0 2 0
496 0 0 0 0 0
497 0 0 0 0 0
498 0 0 0 0 0
499 0 0 0 0 0
500 0 0 0 0 0
501 0 0 0 0 0
502 0 0 0 0 0
503 0 0 0 0 0
504 0 0 0 0 0
505 0 0 0 0 0
506 0 0 0 2 0
507 0 0 0 0 0
508 0 0 0 0 0
509 0 0 0 2 0
510 0 0 0 0 0
511 0 0 0 0 0
512 0 0 0 0 0
513 0 0 0 0 0
514 0 0 0 0 0
515 0 0 0 0 0
516 0 0 0 0 0
517 0 0 0 0 0
518 0 0 0 0 0
519 0 0 0 0 0
520 0 0 0 0 0
521 0 0 0 0 0
522 0 0 0 0 0
523 0 0 0 0 0
524 0 0 0 0 0
525 0 0 0 0 0
526 0 0 0 0 0
527 0 0 0 0 0
528 0 0 0 0 0
529 0 0 0 0 0
530 0 0 0 0 0
531 2 0 2 0 0
532 2 0 2 0 0
533 2 0 2 0 0
534 0 2 0 2 0
535 0 2 0 2 0
536 0 0 0 0 0
537 0 0 0 0 0
538 0 0 0 0 0
539 0 0 0 0 0
540 0 0 0 0 0
541 0 0 0 0 0
542 0 0 0 0 0
543 0 0 0 0 0
544 0 0 0 0 0
545 0 0 0 0 0
546 0 0 0 0 0
547 0 0 0 0 0
548 0 0 0 0 0
549 0 0 0 0 0
550 0 0 0 0 0
551 0 0 0 0 0
552 0 0 0 0 0
553 0 0 0 0 0
554 0 0 0 0 0
555 0 0 0 0 0
556 0 0 0 0 0
557 0 0 0 0 0
558 2 0 2 0 0
559 0 0 0 0 0
560 2 0 2 0 0
561 2 0 0 0 0
562 2 0 2 0 0
563 2 0 2 0 0
564 2 0 0 0 2
565 2 0 0 0 2
566 2 0 0 0 2
567 2 0 3 0 2
568 2 0 0 0 2
569 2 0 0 0 2
570 2 0 0 0 2
571 2 0 0 0 2
572 2 0 0 0 2
573 2 0 0 0 2
574 2 0 0 0 2
575 0 0 0 0 2
576 0 0 0 0 2
577 0 0 0 0 2
578 0 0 0 0 2
579 0 0 0 0 2
580 0 0 3 0 2
581 2 0 2 0 2
582 2 0 0 0 2
583 2 0 0 0 2
584 0 0 0 0 2
585 0 0 0 0 2
586 2 0 2 0 2
587 0 0 0 0 2
588 0 0 0 0 2
589 2 0 3 0 2
590 0 0 3 0 2
591 0 0 3 0 2
592 0 0 3 0 2
593 0 0 3 0 2
594 0 0 0 0 2
595 0 0 0 0 2
596 0 0 0 0 2
597 0 0 0 0 2
598 0 0 0 0 2
599 0 0 0 2 2
600 0 0 0 2 2
601 0 0 0 2 2
602 0 0 0 2 2
603 0 0 0 2 2
604 0 0 0 0 0
605 0 0 0 0 2
606 0 0 0 0 2
607 0 0 0 0 2
608 0 0 0 2 2
609 0 0 0 2 0
610 0 0 0 2 0
611 0 0 0 2 0
612 0 0 0 2 0
613 0 0 2 0 2
614 0 0 2 0 2
615 0 0 0 0 2
616 0 0 0 0 2
617 2 0 0 0 2
618 2 0 0 0 2
619 2 0 0 0 2
620 0 0 0 0 2
621 0 0 0 0 2
622 2 0 0 0 2
623 2 0 0 0 2
624 2 0 0 0 2
625 2 0 0 0 2
626 2 0 0 0 2
627 2 0 2 0 2
628 2 0 0 0 2
629 2 0 0 0 2
630 2 0 2 0 2
631 2 0 2 0 2
632 2 0 0 0 2
633 2 0 0 0 2
634 2 0 0 0 2
635 2 0 0 0 2
636 2 0 2 0 2
637 2 0 0 0 2
638 2 0 2 0 2
639 0 0 2 0 2
640 2 0 3 0 2
641 2 0 3 0 2
642 2 0 2 0 2
643 2 0 2 0 2
644 2 0 3 0 2
645 2 0 2 0 2
646 0 0 3 0 2
647 0 0 3 0 2
648 0 0 2 0 2
649 0 0 2 0 2
650 0 0 2 0 2
651 0 0 2 0 2
652 0 0 2 0 2
653 0 0 3 0 2
654 0 0 2 0 2
655 0 0 3 0 2
656 0 0 2 0 2
657 0 0 3 0 2
658 0 0 2 0 2
659 0 0 2 0 2
660 0 0 2 0 2
661 2 0 2 0 2
662 2 0 2 0 2
663 2 0 2 0 2
664 2 0 2 0 2
665 2 0 2 0 2
666 2 0 2 0 2
667 2 0 2 0 2
668 2 0 2 0 2
669 2 0 2 0 2
670 2 0 2 0 2
671 2 0 2 0 2
672 2 0 2 0 2
673 2 0 0 2 2
674 2 0 0 2 2
675 2 0 0 2 2
676 2 0 0 2 2
677 2 0 0 2 2
678 2 0 0 2 2
679 2 0 0 2 2
680 2 0 0 2 2
681 2 0 0 2 2
682 2 0 0 2 2
683 2 0 0 2 2
684 2 0 0 2 2
685 2 0 0 2 2
686 2 0 0 2 2
687 0 0 0 2 2
688 0 0 0 2 2
689 0 0 0 2 2
690 0 0 0 2 2
691 0 0 0 2 2
692 0 0 0 2 0
693 0 0 0 2 2
694 0 0 0 2 2
695 0 0 0 2 2
696 0 0 0 2 2
697 0 0 0 2 2
698 0 0 0 2 2
699 0 0 0 2 2
700 0 0 0 2 2
701 0 0 0 2 2
702 0 2 0 2 2
703 2 0 2 0 2
704 0 0 2 0 2
705 0 0 2 0 2
706 0 0 2 0 2
707 0 0 2 0 2
708 0 0 2 0 2
709 0 0 2 0 2
710 0 0 0 0 2
711 0 0 2 0 2
712 0 0 2 0 2
713 0 0 2 0 2
714 0 0 2 0 2
715 0 0 2 0 2
716 0 0 2 0 2
717 0 0 2 0 2
718 0 0 2 0 2
719 0 0 2 0 2
720 0 0 2 0 2
721 0 0 2 0 2
722 0 0 2 0 2
723 0 0 2 0 2
724 0 0 2 0 2
725 0 0 2 0 2
726 0 0 2 0 2
727 0 0 2 0 2
728 0 0 2 0 2
729 0 0 2 0 2
730 0 0 2 0 2
731 2 0 2 0 2
732 0 0 2 0 2
733 0 0 2 0 2
734 0 0 2 0 2
735 0 0 2 0 2
736 0 0 2 0 2
737 2 0 2 0 2
738 2 0 2 0 2
739 0 0 2 0 2
740 0 0 2 0 2
741 0 0 2 0 2
742 0 0 2 0 2
743 0 0 2 0 2
744 0 0 0 0 2
745 0 0 2 0 2
746 0 0 2 0 2
747 0 0 0 0 2
748 0 0 0 0 2
749 2 0 2 0 2
750 0 0 0 0 2
751 0 0 0 0 2
752 0 0 0 0 2
753 0 0 0 0 2
754 0 0 0 0 2
755 0 0 0 0 2
756 0 0 0 0 2
757 0 0 2 0 2
758 0 0 2 0 2
759 0 0 0 0 2
760 0 0 0 0 2
761 0 0 0 0 2
762 0 0 0 0 2
763 0 0 0 0 2
764 0 0 0 0 2
765 0 0 0 0 2
766 0 0 0 0 2
767 0 0 0 0 2
768 0 0 0 0 2
769 0 0 2 0 2
770 0 0 2 0 2
771 0 0 0 0 2
772 0 0 0 0 2
773 0 0 0 0 0
774 0 0 0 0 0
775 0 0 0 0 0
776 2 0 0 0 0
777 2 0 0 0 0
778 2 0 2 0 2
779 2 0 0 0 0
780 2 0 0 0 0
781 2 0 0 0 0
782 2 0 3 0 0
783 2 0 3 0 0
784 0 0 3 0 0
785 2 0 0 0 0
786 2 0 2 0 0
787 2 0 3 0 0
788 2 0 3 0 0
789 2 0 3 0 0
790 2 0 3 0 0
791 0 0 3 0 0
792 0 0 3 0 0
793 0 0 3 0 0
794 2 0 3 0 2
795 2 0 3 0 2
796 2 0 3 0 2
797 2 0 3 0 2
798 2 0 3 0 2
799 2 0 3 0 2
800 2 0 3 0 2
801 2 0 0 0 2
802 2 0 0 0 2
803 2 0 3 0 2
804 2 0 0 0 2
805 2 0 2 0 2
806 0 0 0 0 2
807 2 0 0 0 2
808 2 0 0 0 2
809 2 0 0 0 2
810 2 0 0 0 2
811 2 0 0 0 2
812 2 0 0 0 2
813 0 0 2 0 2
814 2 0 2 0 2
815 2 0 2 0 2
816 2 0 2 0 2
817 2 0 2 0 2
818 2 0 0 0 2
819 2 0 0 0 2
820 2 0 0 0 2
821 2 0 0 0 2
822 2 0 2 0 2
823 2 0 2 0 2
824 2 0 2 0 2
825 2 0 2 0 2
826 2 0 2 0 2
827 2 0 2 0 2
828 2 0 0 0 2
829 2 0 3 0 2
830 2 0 2 0 2
831 2 0 3 0 2
832 2 0 3 0 2
833 2 0 2 0 2
834 0 0 0 0 2
835 0 0 2 0 2
836 2 0 0 0 2
837 2 0 0 0 2
838 2 0 0 0 2
839 2 0 0 0 2
840 2 0 2 0 2
841 2 0 2 0 2
842 2 0 2 0 2
843 2 0 0 0 2
844 0 0 3 0 2
845 2 0 0 0 2
846 2 0 3 0 2
847 2 0 0 0 2
848 2 0 2 0 2
849 2 0 2 0 2
850 2 0 2 0 2
851 2 0 2 0 2
852 2 0 0 0 2
853 2 0 0 0 2
854 2 0 3 0 2
855 2 0 3 0 2
856 2 0 0 0 2
857 2 0 2 0 2
858 2 0 0 0 2
859 2 0 0 0 2
860 2 0 0 3 0
861 2 0 0 0 0
862 2 0 0 0 0
863 2 0 0 0 0
864 2 0 0 0 2
865 2 0 0 0 2
866 2 0 0 0 2
867 2 0 0 2 2
868 2 0 0 0 2
869 2 0 0 0 2
870 2 0 0 0 2
871 2 0 0 2 2
872 2 0 0 2 2
873 2 0 0 0 2
874 2 0 0 0 2
875 2 0 0 2 2
876 2 0 0 2 2
877 2 0 0 2 2
878 2 0 0 2 2
879 2 0 0 2 2
880 2 0 0 2 2
881 2 0 0 2 2
882 2 0 0 2 2
883 2 0 0 2 2
884 2 0 0 2 2
885 2 0 0 2 2
886 2 0 0 2 2
887 2 0 0 2 2
888 2 0 0 2 2
889 2 0 0 2 2
890 2 0 0 2 2
891 2 0 0 0 0
892 2 0 0 0 2
893 2 0 0 0 0
894 2 0 0 0 2
895 2 0 0 2 2
896 2 0 0 0 2
897 2 0 0 0 2
898 2 0 0 0 2
899 2 0 0 0 2
900 2 0 0 2 2
901 2 0 0 2 2
902 0 0 0 0 2
903 0 0 0 3 0
904 0 0 0 0 0
905 0 0 0 0 2
906 2 0 0 2 0
907 0 0 0 3 0
908 0 0 0 3 0
909 0 0 0 2 0
910 0 0 0 2 0
911 0 0 0 2 0
912 0 0 0 2 2
913 0 0 0 3 0
914 0 0 0 2 2
915 0 0 0 2 2
916 0 0 0 2 2
917 0 0 0 2 0
918 0 0 0 3 0
919 0 0 0 3 2
920 0 0 0 0 2
921 0 0 0 3 0
922 0 0 0 0 2
923 0 0 0 0 2
924 0 0 0 0 2
925 0 0 0 0 2
926 0 0 0 3 2
927 0 0 0 3 2
928 0 0 0 0 2
929 0 0 0 3 2
930 0 0 0 3 2
931 0 0 0 3 2
932 0 0 0 3 2
933 0 0 0 3 2
934 2 0 0 3 2
935 0 0 0 3 2
936 0 0 0 3 2
937 2 0 0 0 2
938 2 0 0 3 2
939 2 0 0 0 2
940 0 0 0 0 2
941 2 0 0 0 2
942 2 0 0 0 2
943 2 0 0 0 2
944 0 0 0 0 2
945 0 0 0 0 2
946 2 0 0 0 2
947 2 0 0 0 2
948 2 0 0 0 2
949 2 0 0 0 2
950 0 0 0 0 2
951 0 0 0 0 2
952 2 0 0 0 2
953 0 0 0 0 2
954 0 0 0 0 2
955 0 0 0 0 2
956 0 0 0 0 2
957 0 0 0 0 2
958 0 0 0 0 2
959 0 0 0 0 2
960 0 0 0 0 2
961 0 0 0 0 2
962 0 0 0 0 2
963 2 0 0 0 0
964 2 0 0 0 2
965 2 0 0 0 2
966 0 0 0 0 2
967 2 0 0 3 2
968 0 0 0 0 2
969 0 0 0 0 0
970 0 0 0 0 0
971 0 0 0 0 0
972 2 0 0 0 0
973 2 0 0 0 0
974 2 0 0 3 2
975 2 0 0 0 2
976 0 0 0 3 2
977 0 0 0 0 2
978 2 0 0 0 2
979 2 0 0 3 2
980 2 0 0 3 2
981 2 0 0 3 2
982 2 0 0 3 2
983 0 2 0 0 2
984 0 2 0 3 2
985 0 2 0 3 2
986 0 2 0 3 2
987 0 2 0 0 2
988 0 0 0 3 2
989 0 0 0 0 0
990 0 0 0 0 0
991 0 0 0 3 2
992 0 0 0 3 2
993 0 0 0 0 2
994 0 0 0 0 2
995 0 0 0 0 0
996 0 0 0 0 2
997 0 0 0 0 2
998 0 0 0 0 2
999 0 0 0 0 2
1000 0 0 0 0 2
1001 0 0 0 0 2
1002 2 0 0 0 0
1003 0 0 0 0 0
1004 0 0 0 0 2
1005 2 0 0 0 0
1006 0 0 0 0 0
1007 2 0 0 0 2
1008 0 0 0 0 2
1009 0 0 0 0 2
1010 0 0 0 3 0
1011 0 0 0 3 2
1012 0 0 0 3 2
1013 0 0 0 3 2
1014 2 0 0 3 2
1015 2 0 0 3 2
1016 0 0 0 0 2
1017 0 0 0 3 2
1018 0 0 0 3 2
1019 0 0 0 3 2
1020 0 0 0 3 0
1021 0 0 0 3 2
1022 2 0 0 3 2
1023 0 0 0 3 2
1024 2 0 0 3 2
1025 0 0 0 3 2
1026 0 0 0 0 2
1027 0 0 0 3 2
1028 0 0 0 3 2
1029 0 0 0 0 2
1030 0 0 0 3 0
1031 0 0 0 3 0
1032 0 0 0 3 0
1033 0 0 0 3 0
1034 0 0 0 3 0
1035 0 0 0 3 0
1036 0 0 0 3 0
1037 0 0 0 3 0
1038 0 0 0 3 0
1039 0 0 0 3 0
1040 0 0 0 0 0
1041 0 0 0 0 2
1042 0 0 0 0 0
1043 0 0 0 0 0
1044 0 0 0 0 0
1045 0 0 0 2 2
1046 0 0 0 2 2
1047 0 0 0 0 2
1048 0 0 0 0 2
1049 0 0 0 0 2
1050 0 0 0 0 2
1051 0 0 0 0 2
1052 0 0 0 0 2
1053 0 0 0 0 2
1054 0 0 0 0 2
1055 0 0 0 0 2
1056 0 0 0 0 2
1057 0 0 0 0 2
1058 0 0 0 0 2
1059 0 0 0 0 2
1060 0 0 2 0 2
1061 0 0 0 2 2
1062 0 0 0 2 2
1063 0 0 0 2 2
1064 0 0 0 2 2
1065 0 0 0 0 2
1066 0 0 0 0 2
1067 0 0 0 2 2
1068 0 0 0 0 2
1069 0 0 0 2 2
1070 0 0 0 2 2
1071 0 0 0 2 2
1072 0 0 0 2 2
1073 0 0 0 3 2
1074 0 0 0 2 2
1075 0 0 0 0 2
1076 0 0 0 0 2
1077 0 0 0 3 2
1078 0 0 0 3 0
1079 0 0 0 3 2
1080 0 0 0 3 2
1081 0 0 0 3 2
1082 0 0 0 0 2
1083 0 0 0 0 2
1084 0 0 0 0 0
1085 0 0 0 0 0
1086 0 0 0 3 0
1087 0 0 0 3 0
1088 0 0 0 3 0
1089 0 0 0 3 0
1090 0 0 0 3 0
1091 0 0 0 3 0
1092 0 0 0 3 0
1093 0 0 0 3 0
1094 0 0 0 3 0
1095 0 0 0 0 0
1096 0 0 0 0 0
1097 0 0 0 0 0
1098 0 0 0 0 0
1099 0 0 0 0 0
1100 0 0 0 0 0
1101 0 0 0 0 0
1102 0 0 0 0 0
1103 0 0 0 0 0
1104 0 0 0 0 0
1105 0 0 0 0 0
1106 0 0 0 0 0
1107 0 0 0 0 0
1108 0 0 0 0 0
1109 0 0 0 0 0
1110 0 0 0 0 0
1111 0 0 0 0 0
1112 0 0 0 0 0
1113 0 0 0 0 0
1114 0 0 0 3 2
1115 0 0 0 0 0
1116 0 0 0 0 0
1117 0 0 0 0 2
1118 0 0 0 0 2
1119 0 0 0 0 2
1120 0 0 0 0 0
1121 0 0 0 0 2
1122 0 0 0 0 2
1123 0 0 0 0 2
1124 0 0 0 0 2
1125 0 0 0 0 2
1126 0 0 0 0 2
1127 0 0 0 0 2
1128 0 0 0 0 2
1129 0 0 0 0 2
1130 0 0 0 0 2
1131 0 0 0 0 2
1132 0 0 0 0 2
1133 0 0 0 0 2
1134 2 0 0 0 2
1135 2 0 0 0 2
1136 0 0 0 0 2
1137 0 0 0 0 0
1138 0 0 0 0 2
1139 0 0 0 2 2
1140 0 0 0 0 2
1141 0 0 0 0 2
1142 0 0 2 0 2
1143 0 0 2 0 2
1144 0 0 2 0 2
1145 0 0 2 0 2
1146 0 0 3 0 0
1147 0 0 3 0 0
1148 0 0 3 0 0
1149 0 0 2 0 2
1150 0 0 2 0 0
1151 0 0 2 0 0
1152 0 0 2 0 0
1153 0 0 2 0 0
1154 0 0 2 0 2
1155 0 0 0 3 0
1156 0 0 0 3 0
1157 0 0 0 2 2
1158 0 0 0 0 0
1159 0 0 0 0 0
1160 0 0 0 2 2
1161 0 0 0 2 2
1162 0 0 0 2 0
1163 0 0 0 2 0
1164 0 0 0 2 0
1165 0 0 0 2 0
1166 0 0 0 2 0
1167 0 0 0 2 0
1168 0 0 0 2 0
1169 0 0 0 2 2
1170 0 0 0 2 0
1171 0 0 0 2 0
1172 0 0 0 2 0
1173 0 0 0 2 0
1174 0 0 0 2 0
1175 0 0 0 2 2
1176 0 0 0 2 0
1177 0 0 0 0 0
1178 0 0 0 3 0
1179 0 0 0 2 0
1180 0 0 0 2 0
1181 0 0 0 2 0
1182 0 0 0 2 0
1183 0 0 0 2 0
1184 0 0 0 2 0
1185 0 0 2 0 0
1186 0 0 2 0 0
1187 0 0 0 0 0
1188 0 0 0 0 0
1189 0 0 2 0 0
1190 0 0 0 0 2
1191 0 0 2 0 2
1192 0 0 2 0 0
1193 0 0 0 0 2
1194 0 0 2 0 2
1195 0 0 0 0 2
1196 0 0 0 0 0
1197 0 0 2 0 2
1198 0 0 2 0 0
1199 0 0 2 0 2
1200 0 0 0 2 2
1201 0 0 0 2 2
1202 0 0 0 0 2
1203 0 0 0 2 2
1204 0 0 0 0 2
1205 0 0 0 0 2
1206 0 0 0 0 2
1207 0 0 0 0 0
1208 0 0 0 0 0
1209 0 0 0 0 0
1210 0 0 0 0 0
1211 0 0 0 0 0
1212 0 0 0 0 2
1213 0 0 0 0 2
1214 0 0 0 0 2
1215 0 0 0 0 0
1216 0 0 0 0 0
1217 0 0 0 0 0
1218 0 0 0 0 0
1219 0 0 0 0 0
1220 0 0 0 2 0
1221 0 0 0 2 0
1222 0 0 0 2 0
1223 0 0 0 2 0
1224 0 0 0 2 0
1225 0 0 0 0 0
1226 0 0 0 0 0
1227 0 0 0 2 0
1228 0 0 0 2 0
1229 0 0 0 2 0
1230 0 0 0 0 0
1231 0 0 0 0 0
1232 0 0 0 0 0
1233 0 0 0 0 0
1234 0 0 0 0 0
1235 0 0 0 0 0
1236 0 0 0 0 0
1237 0 0 0 0 0
1238 0 0 0 0 0
1239 0 0 0 0 0
1240 0 0 0 0 0
1241 0 0 0 0 2
1242 0 0 0 0 2
1243 0 0 0 0 2
1244 0 0 0 0 2
1245 0 0 0 0 0
1246 0 0 0 0 0
1247 0 0 0 0 2
1248 0 0 0 0 0
1249 0 0 0 0 0
1250 0 0 2 0 2
1251 0 0 2 0 2
1252 0 0 2 0 2
1253 0 0 2 0 0
1254 0 0 3 0 2
1255 0 0 2 0 2
1256 0 0 0 0 2
1257 0 0 2 0 2
1258 0 0 2 0 2
1259 0 0 2 0 2
1260 0 0 2 0 2
1261 0 0 2 0 2
1262 0 0 2 0 2
1263 0 0 2 0 2
1264 0 0 2 0 2
1265 0 0 2 0 2
1266 0 0 0 0 2
1267 0 0 0 0 2
1268 0 0 2 0 2
1269 0 0 0 0 2
1270 0 0 3 0 2
1271 0 0 0 0 2
1272 0 0 0 0 2
1273 0 0 0 0 2
1274 0 0 3 0 2
1275 0 0 0 0 2
1276 0 0 0 2 2
1277 0 0 0 2 2
1278 0 0 0 2 2
1279 0 0 0 2 2
1280 0 0 0 2 2
1281 0 0 0 2 2
1282 0 0 0 0 2
1283 0 0 0 2 2
1284 0 0 0 2 2
1285 0 0 0 3 2
1286 0 0 0 0 2
1287 0 0 0 0 2
1288 0 0 0 3 2
1289 0 0 0 2 2
1290 0 0 2 0 2
1291 0 0 0 0 2
1292 0 0 0 0 2
1293 0 0 2 0 2
1294 0 0 2 0 2
1295 0 0 2 0 2
1296 0 0 2 0 2
1297 0 0 2 0 2
1298 0 0 2 0 2
1299 0 0 2 0 2
1300 0 0 2 0 2
1301 0 0 2 0 2
1302 0 0 2 0 0
1303 0 0 2 0 0
1304 0 0 2 0 2
1305 0 0 2 0 2
1306 0 0 2 0 2
1307 0 0 3 0 2
1308 0 0 3 0 2
1309 0 0 3 0 2
1310 0 0 3 0 2
1311 0 0 3 0 2
1312 0 0 3 0 2
1313 0 0 3 0 2
1314 0 0 3 0 2
1315 0 0 3 0 2
1316 0 0 3 0 2
1317 0 0 3 0 0
1318 0 0 2 0 0
1319 0 0 2 0 2
1320 0 0 2 0 0
1321 0 0 2 0 2
1322 0 0 2 0 2
1323 0 0 2 0 0
1324 0 0 2 0 0
1325 0 0 2 0 2
1326 0 0 3 0 2
1327 0 0 2 0 2
1328 0 0 3 0 2
1329 0 0 3 0 2
1330 0 0 3 0 2
1331 0 0 3 0 2
1332 0 0 3 0 2
1333 0 0 0 0 2
1334 0 0 2 0 2
1335 0 0 0 2 2
1336 0 0 0 0 0
1337 0 0 0 0 2
1338 0 0 0 2 2
1339 0 0 0 2 2
1340 0 0 0 2 2
1341 0 0 0 2 2
1342 0 0 0 2 2
1343 0 0 0 3 0
1344 0 0 0 0 0
1345 0 0 0 3 0
1346 0 0 0 2 0
1347 0 0 0 3 2
1348 0 0 0 2 2
1349 0 0 0 2 2
1350 0 0 2 0 2
1351 0 0 2 0 2
1352 0 0 2 0 2
1353 0 0 2 0 0
1354 0 0 2 0 2
1355 0 0 2 0 2
1356 0 0 2 0 2
1357 0 0 2 0 2
1358 0 0 2 0 2
1359 0 0 2 0 2
1360 0 0 0 0 2
1361 0 0 2 0 2
1362 0 0 2 0 2
1363 0 0 2 0 2
1364 0 0 2 0 2
1365 0 0 2 0 2
1366 0 0 2 0 2
1367 0 0 2 0 2
1368 0 0 2 0 2
1369 0 0 2 0 2
1370 0 0 3 0 2
1371 0 0 3 0 2
1372 0 0 3 0 2
1373 0 0 3 0 2
1374 0 0 3 0 2
1375 0 0 3 0 2
1376 0 0 3 0 2
1377 0 0 3 0 2
1378 0 0 2 0 2
1379 0 0 2 0 2
1380 0 0 0 0 2
1381 0 0 2 0 2
1382 0 0 2 0 2
1383 0 0 2 0 2
1384 0 0 0 0 2
1385 0 0 2 0 2
1386 0 0 2 0 2
1387 0 0 3 0 0
1388 0 0 3 0 2
1389 0 0 3 0 2
1390 0 0 3 0 2
1391 0 0 3 0 0
1392 0 0 2 0 2
1393 0 0 2 0 2
1394 0 0 2 0 2
1395 0 0 3 0 2
1396 0 0 3 0 2
1397 0 0 3 0 2
1398 0 0 3 0 2
1399 0 0 3 0 2
1400 0 0 3 0 2
1401 0 0 0 0 2
1402 0 0 2 0 2
1403 0 0 3 0 2
1404 0 0 2 0 2
1405 0 0 2 0 2
1406 0 0 2 0 2
1407 0 0 2 0 2
1408 0 0 2 0 2
1409 0 0 3 0 2
1410 2 0 2 0 2
1411 2 0 2 0 2
1412 0 0 2 0 2
1413 0 0 0 2 2
1414 0 0 0 2 2
1415 0 0 0 2 2
1416 0 0 0 2 2
1417 0 0 0 2 2
1418 0 0 0 2 2
1419 0 0 0 2 2
1420 0 0 0 2 2
1421 0 0 0 2 2
1422 0 0 0 2 2
1423 0 0 0 2 2
1424 0 0 0 2 2
1425 0 0 0 2 2
1426 0 0 0 2 2
1427 0 0 0 3 2
1428 0 0 0 3 2
1429 0 0 0 2 2
1430 0 0 0 2 2
1431 0 0 0 3 2
1432 0 0 0 2 2
1433 0 0 0 2 2
1434 0 0 0 2 2
1435 0 0 0 3 0
1436 0 0 0 3 2
1437 0 0 0 2 2
1438 0 0 0 0 0
1439 0 0 0 3 0
1440 0 0 0 2 2
1441 0 0 0 2 2
1442 0 0 0 2 2
1443 0 0 2 0 2
1444 0 0 2 0 2
1445 0 0 2 0 2
1446 0 0 2 0 2
1447 0 0 2 0 2
1448 2 0 2 0 2
1449 2 0 2 0 2
1450 2 0 2 0 2
1451 2 0 2 0 2
1452 0 0 2 0 2
1453 0 0 2 0 2
1454 2 0 2 0 2
1455 2 0 2 0 2
1456 2 0 2 0 2
1457 2 0 2 0 2
1458 2 0 2 0 2
1459 0 0 2 0 2
1460 2 0 2 0 2
1461 2 0 2 0 2
1462 2 0 2 0 2
1463 0 0 2 0 2
1464 0 0 2 0 2
1465 0 0 2 0 2
1466 0 0 2 0 2
1467 0 0 0 2 2
1468 0 0 0 2 2
1469 0 0 0 2 2
1470 0 0 2 0 2
1471 2 0 2 0 2
1472 0 0 2 0 2
1473 0 0 2 0 2
1474 0 0 2 0 2
1475 0 0 2 0 2
1476 0 0 2 0 2
1477 2 0 2 0 2
1478 0 0 3 0 2
1479 0 0 2 0 2
1480 0 0 2 0 2
1481 0 0 2 0 2
1482 2 0 2 0 2
1483 2 0 2 0 2
1484 2 0 2 0 2
1485 2 0 0 2 2
1486 2 0 0 2 2
1487 2 0 0 2 2
1488 2 0 0 3 2
1489 2 0 0 3 2
1490 2 0 0 3 2
1491 0 0 0 2 2
1492 0 0 0 3 2
1493 0 0 0 3 2
1494 0 0 0 3 2
1495 0 0 0 3 2
1496 0 0 0 3 2
1497 0 0 0 3 2
1498 0 0 0 2 2
1499 0 0 0 2 2
1500 2 0 0 2 2
1501 2 0 0 2 2
1502 2 0 0 2 2
1503 2 0 0 2 2
1504 0 0 0 2 2
1505 2 0 0 2 2
1506 2 0 0 2 2
1507 2 0 0 3 2
1508 2 0 0 2 2
1509 2 0 0 2 2
1510 2 0 0 2 2
1511 2 0 0 2 2
1512 2 0 0 2 2
1513 2 0 0 2 2
1514 2 0 0 2 2
1515 2 0 0 2 2
1516 0 0 0 2 2
1517 2 0 0 2 0
1518 2 0 0 2 0
1519 2 0 0 2 0
1520 2 0 0 2 0
1521 0 0 0 2 2
1522 2 0 0 2 2
1523 0 0 0 2 2
1524 0 0 0 3 0
1525 2 0 0 2 0
1526 0 0 0 2 0
1527 0 0 0 2 2
1528 2 0 0 2 0
1529 2 0 0 3 2
1530 2 0 0 2 2
1531 2 0 0 3 0
1532 2 0 0 2 0
1533 2 0 0 2 0
1534 2 0 0 2 0
1535 2 0 0 2 0
1536 2 0 0 2 0
1537 2 0 0 2 0
1538 2 0 0 2 0
1539 2 0 0 2 0
1540 2 0 0 3 0
1541 2 0 0 2 0
1542 2 0 0 2 0
1543 2 0 0 3 0
1544 2 0 0 3 0
1545 0 2 0 2 0
1546 0 3 0 3 0
1547 0 2 0 3 0
1548 0 3 0 2 0
1549 0 2 0 2 0
1550 0 2 0 2 0
1551 0 2 0 2 0
1552 0 2 0 2 0
1553 0 2 0 2 0
1554 0 2 0 2 2
1555 0 2 0 2 2
1556 0 2 0 2 2
1557 0 2 0 2 2
1558 0 2 0 2 2
1559 0 2 0 3 0
1560 2 0 0 3 0
1561 2 0 0 2 2
1562 2 0 0 2 2
1563 2 0 0 2 0
1564 2 0 0 2 2
1565 2 0 0 2 2
1566 0 0 0 2 2
1567 2 0 0 2 2
1568 2 0 0 3 2
1569 2 0 0 3 2
1570 2 0 0 3 2
1571 2 0 0 2 2
1572 2 0 0 2 2
1573 2 0 0 2 2
1574 2 0 0 2 2
1575 0 0 0 2 2
1576 0 0 0 2 2
1577 0 0 0 3 0
1578 0 0 0 3 0
1579 0 0 0 3 2
1580 3 0 0 3 2
1581 0 0 0 2 2
1582 0 0 0 2 2
1583 2 0 0 2 2
1584 2 0 0 2 2
1585 2 0 0 2 2
1586 2 0 0 3 2
1587 2 0 0 2 2
1588 2 0 0 2 2
1589 2 0 0 2 2
1590 0 2 0 2 2
1591 0 2 0 2 2
1592 0 2 0 2 2
1593 0 2 0 2 2
1594 0 0 0 3 0
1595 0 0 0 3 0
1596 0 0 0 3 0
1597 0 0 0 3 0
1598 0 2 0 3 0
1599 0 2 0 3 0
1600 0 2 0 3 0
1601 0 0 0 3 0
1602 0 0 0 3 0
1603 0 0 0 3 0
1604 0 0 0 3 0
1605 0 0 0 3 0
1606 0 0 0 3 0
1607 0 2 0 3 0
1608 0 2 0 3 0
1609 0 0 0 3 0
1610 0 0 0 3 0
1611 0 0 0 3 0
1612 0 2 0 3 0
1613 0 0 0 3 0
1614 0 0 0 3 0
1615 0 0 0 3 0
1616 0 0 0 3 0
1617 0 2 0 3 0
1618 0 2 0 3 0
1619 0 2 0 3 0
1620 0 0 0 3 0
1621 0 0 0 3 0
1622 0 0 0 3 0
1623 0 2 0 3 0
1624 0 2 0 3 0
1625 0 2 0 3 0
1626 0 0 0 3 0
1627 0 2 0 3 0
1628 0 0 0 3 0
1629 0 2 0 3 2
1630 0 0 0 0 2
1631 0 0 0 3 2
1632 0 0 0 0 2
1633 0 0 0 3 2
1634 0 0 0 3 2
1635 2 0 0 3 2
1636 2 0 0 0 2
1637 2 0 0 3 2
1638 2 0 0 3 0
1639 2 0 0 0 2
1640 0 0 0 0 2
1641 0 0 0 3 0
1642 2 0 0 0 0
1643 2 0 0 0 2
1644 2 0 0 0 2
1645 2 0 0 0 0
1646 0 0 0 0 0
1647 2 0 0 0 2
1648 2 0 0 0 0
1649 2 0 0 0 0
1650 2 0 0 0 2
1651 2 0 0 0 2
1652 2 0 0 0 2
1653 2 0 0 0 2
1654 2 0 0 0 0
1655 2 0 0 0 2
1656 2 0 0 0 2
1657 2 0 0 0 0
1658 2 0 0 0 0
1659 2 0 0 2 2
1660 2 0 0 0 2
1661 2 0 0 2 0
1662 2 0 0 2 0
1663 2 0 0 0 0
1664 2 0 0 0 0
1665 2 0 0 2 0
1666 2 0 0 2 0
1667 2 0 0 2 0
1668 2 0 0 2 0
1669 0 0 0 2 0
1670 2 0 0 2 0
1671 2 0 0 2 0
1672 2 0 0 2 2
1673 2 0 0 2 2
1674 2 0 0 2 2
1675 2 0 0 2 0
1676 2 0 0 2 2
1677 2 0 0 2 0
1678 2 0 0 2 0
1679 2 0 0 2 0
1680 2 0 0 2 2
1681 2 0 0 2 2
1682 2 0 0 2 0
1683 2 0 0 2 0
1684 2 0 0 2 0
1685 2 0 0 2 0
1686 2 0 0 2 0
1687 2 0 0 2 0
1688 2 0 0 2 0
1689 0 0 0 2 0
1690 0 0 0 2 0
1691 2 0 0 2 0
1692 0 0 0 2 0
1693 2 0 0 2 0
1694 0 0 0 2 0
1695 0 0 0 2 0
1696 2 0 0 2 0
1697 2 0 0 2 0
1698 2 0 0 2 0
1699 2 0 0 2 0
1700 0 0 0 2 0
1701 0 0 0 2 0
1702 0 0 0 2 0
1703 0 0 0 2 0
1704 0 0 0 2 0
1705 0 0 0 2 0
1706 0 0 0 2 0
1707 0 0 0 2 0
1708 0 0 0 2 0
1709 0 0 0 2 0
1710 0 0 0 2 0
1711 0 0 0 2 0
1712 0 0 0 2 0
1713 0 0 0 2 0
1714 0 0 0 2 0
1715 0 0 0 2 0
1716 0 0 0 2 0
1717 0 0 0 2 0
1718 0 0 0 2 0
1719 0 0 0 2 0
1720 0 0 0 2 0
1721 0 0 0 2 0
1722 0 0 2 0 0
1723 0 0 2 0 0
1724 0 0 2 0 0
1725 0 2 2 0 0
1726 0 2 2 0 0
1727 0 0 2 0 0
1728 0 0 2 0 0
1729 0 2 2 0 0
1730 0 2 2 0 0
1731 0 2 2 0 0
1732 0 0 2 0 0
1733 0 2 2 0 0
1734 0 2 2 0 0
1735 0 0 2 0 0
1736 0 0 0 2 0
1737 0 0 0 2 0
1738 0 0 0 2 0
1739 0 0 2 0 0
1740 0 0 2 0 0
1741 0 0 2 0 0
1742 0 0 2 0 0
1743 0 0 2 0 0
1744 0 0 2 0 0
1745 0 0 2 0 0
1746 0 0 2 0 0
1747 0 0 2 0 0
1748 0 0 2 0 0
1749 0 0 0 0 0
1750 0 0 2 0 0
1751 0 0 2 0 0
1752 0 0 2 0 0
1753 0 0 2 0 0
1754 0 0 2 0 0
1755 0 0 2 0 0
1756 0 0 2 0 0
1757 0 0 2 0 0
1758 0 0 2 0 2
1759 0 0 2 0 2
1760 0 0 2 0 2
1761 0 0 0 0 2
1762 0 0 2 0 2
1763 0 0 0 0 2
1764 0 0 2 0 2
1765 0 0 0 0 0
1766 0 0 0 0 2
1767 0 0 0 0 2
1768 0 0 0 0 2
1769 0 0 0 0 2
1770 0 0 0 0 2
1771 0 0 0 0 2
1772 0 0 0 0 2
1773 0 0 0 0 0
1774 0 0 0 0 0
1775 0 0 0 0 2
1776 0 0 0 0 2
1777 0 0 0 0 2
1778 0 0 0 0 2
1779 0 0 0 0 2
1780 0 0 0 0 2
1781 0 0 0 0 2
1782 0 0 0 0 2
1783 0 0 0 0 2
1784 0 0 0 0 2
1785 0 0 0 0 2
1786 0 0 0 0 0
1787 0 0 0 0 2
1788 0 0 0 0 0
1789 0 0 0 0 2
1790 0 0 0 0 2
1791 0 0 0 0 2
1792 0 0 0 0 2
1793 0 0 0 0 2
1794 0 0 0 0 2
1795 0 0 0 0 2
1796 0 0 0 0 2
1797 0 0 0 0 2
1798 0 0 0 0 2
1799 0 0 0 0 2
1800 0 0 2 0 2
1801 0 0 2 0 2
1802 0 0 2 0 2
1803 0 0 2 0 2
1804 0 0 3 0 2
1805 0 0 0 0 2
1806 0 0 2 0 2
1807 0 0 2 0 2
1808 0 0 2 0 2
1809 0 0 0 0 2
1810 0 0 0 0 2
1811 0 0 3 0 0
1812 0 0 2 0 2
1813 0 0 2 0 2
1814 0 0 2 0 2
1815 0 0 0 0 2
1816 0 0 2 0 2
1817 0 0 2 0 2
1818 0 0 2 0 2
1819 0 0 2 0 2
1820 0 0 2 0 2
1821 0 0 2 0 2
1822 0 0 2 0 2
1823 0 0 2 0 2
1824 0 0 2 0 2
1825 0 0 2 0 2
1826 0 0 2 0 2
1827 0 0 2 0 2
1828 0 0 2 0 2
1829 0 0 2 0 2
1830 0 0 2 0 2
1831 0 0 2 0 2
1832 0 0 2 0 2
1833 0 0 2 0 2
1834 0 0 2 0 2
1835 0 0 2 0 2
1836 0 0 2 0 2
1837 0 0 2 0 2
1838 0 0 2 0 2
1839 0 0 2 0 2
1840 0 0 2 0 2
1841 0 0 2 0 2
1842 0 0 2 0 2
1843 0 0 2 0 2
1844 0 0 2 0 2
1845 0 0 2 0 2
1846 0 0 2 0 2
1847 0 0 0 0 2
1848 0 0 2 0 2
1849 0 0 2 0 2
1850 0 0 0 0 2
1851 0 2 2 0 2
1852 0 2 2 0 2
1853 0 0 2 0 2
1854 0 0 2 0 2
1855 0 0 2 0 2
1856 0 0 0 0 2
1857 0 0 0 0 2
1858 0 0 2 0 2
1859 0 0 2 0 2
1860 0 0 0 0 2
1861 0 0 2 0 2
1862 0 0 2 0 2
1863 0 0 2 0 2
1864 0 0 2 0 2
1865 0 0 2 0 0
1866 0 0 3 0 0
1867 0 0 2 0 2
1868 0 0 2 0 0
1869 0 0 0 0 0
1870 0 0 2 0 2
1871 0 0 2 0 2
1872 0 0 2 0 2
1873 0 0 2 0 2
1874 0 0 2 0 2
1875 0 0 2 0 2
1876 0 0 2 0 0
1877 0 0 2 0 0
1878 0 0 2 0 0
1879 0 0 2 0 0
1880 0 0 2 0 2
1881 0 0 2 0 2
1882 0 0 2 0 2
1883 0 0 2 0 2
1884 0 0 2 0 2
1885 0 0 2 0 2
1886 0 0 2 0 2
1887 0 0 2 0 2
1888 0 0 2 0 2
1889 0 0 2 0 2
1890 0 0 2 0 0
1891 0 0 2 0 0
1892 0 0 2 0 2
1893 0 0 2 0 0
1894 0 0 2 0 2
1895 0 0 2 0 2
1896 0 0 2 0 2
1897 0 0 2 0 2
1898 0 0 2 0 2
1899 0 0 2 0 2
1900 0 0 2 0 2
1901 0 0 2 0 2
1902 0 0 2 0 2
1903 0 0 2 0 2
1904 0 0 2 0 2
1905 0 0 2 0 2
1906 0 0 2 0 2
1907 0 0 2 0 2
1908 0 0 2 0 2
1909 0 0 2 0 2
1910 0 0 2 0 0
1911 0 0 2 0 2
1912 0 0 2 0 2
1913 0 0 2 0 2
1914 0 0 2 0 0
1915 0 0 2 0 0
1916 0 0 2 0 0
1917 0 0 2 0 0
1918 0 0 0 0 0
1919 0 0 2 0 2
1920 0 0 2 0 2
1921 0 0 2 0 2
1922 0 0 0 0 0
1923 0 0 0 0 0
1924 0 0 0 0 0
1925 0 0 0 0 0
1926 0 0 0 0 0
1927 0 0 0 0 0
1928 0 0 0 0 0
1929 0 0 0 0 0
1930 0 0 0 0 0
1931 0 0 0 0 0
1932 0 0 0 0 0
1933 0 0 0 0 0
1934 0 0 0 0 0
1935 0 0 0 2 0
1936 0 0 0 2 0
1937 0 0 0 2 0
1938 0 0 0 0 0
1939 0 0 0 0 0
1940 0 0 0 2 0
1941 0 0 0 2 0
1942 0 0 0 0 0
1943 0 0 2 0 2
1944 0 0 2 0 2
1945 0 0 0 0 0
1946 0 0 0 0 0
1947 0 0 0 0 0
1948 0 0 2 0 0
1949 0 0 2 0 0
1950 0 0 0 0 0
1951 0 0 0 0 0
1952 0 0 0 0 0
1953 0 0 0 0 0
1954 0 0 2 0 0
1955 0 0 2 0 0
1956 0 0 2 0 0
1957 0 0 2 0 0
1958 0 0 2 0 0
1959 0 0 2 0 0
1960 0 0 2 0 0
1961 0 0 2 0 0
1962 0 0 2 0 0
1963 0 0 2 0 0
1964 0 0 2 0 0
1965 0 0 2 0 0
1966 0 0 2 0 0
1967 0 0 2 0 0
1968 0 0 2 0 0
1969 0 0 2 0 0
1970 0 0 0 0 0
1971 0 0 0 0 0
1972 0 0 0 0 0
1973 0 0 0 0 0
1974 0 0 0 0 0
1975 0 0 0 0 0
1976 0 0 0 0 0
1977 0 0 0 0 0
1978 0 0 0 0 0
1979 0 0 0 0 0
1980 0 0 0 0 0
1981 0 0 0 0 0
1982 0 0 0 0 0
1983 0 0 0 0 0
1984 0 0 0 0 0
1985 0 0 0 0 0
1986 0 0 0 0 0
1987 0 0 0 0 0
1988 0 0 0 0 0
1989 0 0 0 0 0
1990 0 0 0 0 0
1991 0 0 0 0 0
1992 0 0 0 0 0
1993 0 0 0 0 0
1994 0 0 0 0 0
1995 0 0 0 0 0
1996 0 0 0 0 0
1997 0 0 0 0 0
1998 0 0 0 0 0
1999 0 0 0 0 0
2000 0 0 0 0 0
2001 0 0 0 0 0
2002 0 0 0 0 0
2003 0 0 0 0 0
2004 0 0 0 0 0
2005 0 0 0 0 0
2006 0 0 0 0 0
2007 0 0 0 0 0
2008 0 0 0 0 0
2009 0 0 0 0 0
2010 0 0 0 0 0
2011 0 0 0 0 0
2012 0 0 0 0 0
2013 0 0 0 0 0
2014 0 0 0 0 0
2015 0 0 0 0 0
2016 0 0 0 0 0
2017 0 0 0 0 0
2018 0 0 0 0 0
2019 0 0 0 0 0
2020 0 0 0 0 0
2021 0 0 0 0 0
2022 0 0 0 0 0
2023 0 0 0 0 0
2024 0 0 0 0 0
2025 0 0 0 0 0
2026 0 0 0 0 0
2027 0 0 0 0 0
2028 0 0 0 0 0
2029 0 0 0 0 0
2030 0 0 0 0 0
2031 0 0 2 0 0
2032 0 0 0 2 0
2033 0 0 0 0 0
2034 0 0 0 0 0
2035 0 0 0 2 0
2036 0 0 0 2 0
2037 0 0 0 2 0
2038 0 0 0 2 0
2039 0 0 0 2 0
2040 0 0 0 2 0
2041 0 0 0 0 0
2042 0 0 0 2 0
2043 0 0 0 2 0
2044 0 0 0 2 0
2045 0 0 0 2 0
2046 0 0 0 2 0
2047 0 0 2 0 0
2048 0 0 2 0 0
2049 0 0 2 0 0
2050 0 0 0 0 0
2051 0 0 2 0 0
2052 0 0 2 0 0
2053 0 0 0 0 0
2054 0 0 0 0 0
2055 0 0 0 0 0
2056 0 0 2 0 0
2057 0 0 0 0 0
2058 0 0 2 0 2
2059 0 0 2 0 2
2060 0 0 0 0 2
2061 0 0 0 0 2
2062 0 0 0 0 0
2063 0 0 0 2 0
2064 0 0 0 2 0
2065 0 0 0 2 2
2066 0 0 0 2 2
2067 0 0 0 2 2
2068 0 0 0 2 2
2069 0 0 0 2 0
2070 0 0 0 2 0
2071 0 0 0 2 0
2072 0 0 0 2 0
2073 0 0 0 2 2
2074 0 0 0 2 0
2075 0 0 0 2 2
2076 0 0 0 2 2
2077 0 0 0 2 2
2078 0 0 0 2 0
2079 0 0 0 2 2
2080 0 0 0 2 0
2081 0 0 0 2 0
2082 0 0 0 2 2
2083 0 0 0 2 2
2084 0 0 0 2 0
2085 0 0 0 2 0
2086 0 0 0 2 2
2087 0 0 0 2 2
2088 0 0 0 2 2
2089 0 0 0 2 2
2090 0 0 0 2 2
2091 0 0 0 2 0
2092 0 0 2 0 0
2093 0 0 2 0 2
2094 0 0 2 0 2
2095 0 0 2 0 0
2096 0 0 2 0 0
2097 0 0 0 0 0
2098 0 0 2 0 2
2099 0 0 2 0 2
2100 0 0 2 0 2
2101 0 0 0 0 0
2102 0 0 2 0 2
2103 0 0 2 0 0
2104 0 0 2 0 2
2105 0 0 2 0 2
2106 0 0 2 0 2
2107 0 0 0 0 0
2108 0 0 2 0 0
2109 0 0 0 0 0
2110 0 0 2 0 0
2111 0 0 0 0 0
2112 0 0 0 0 0
2113 0 0 2 0 2
2114 0 0 2 0 2
2115 0 0 0 0 0
2116 0 0 0 0 0
2117 0 0 0 0 0
2118 0 0 0 0 0
2119 0 0 0 0 0
2120 0 0 0 0 0
2121 0 0 0 0 0
2122 0 0 0 0 0
2123 0 0 0 0 0
2124 0 0 0 0 0
2125 0 0 0 0 0
2126 0 0 0 0 0
2127 0 0 0 0 0
2128 0 0 0 0 0
2129 0 0 0 0 0
2130 0 0 0 0 0
2131 0 0 2 0 0
2132 0 0 2 0 0
2133 0 0 2 0 0
2134 0 0 2 0 0
2135 0 0 0 0 0
2136 0 0 0 0 0
2137 0 0 0 0 0
2138 0 0 0 0 0
2139 0 0 0 0 0
2140 0 0 0 0 0
2141 0 0 0 0 0
2142 0 0 0 0 0
2143 0 0 0 0 0
2144 0 0 0 0 0
2145 0 0 0 0 0
2146 0 0 0 0 0
2147 0 0 0 0 0
2148 0 0 0 0 0
2149 0 0 0 0 0
2150 0 0 0 0 0
2151 0 0 0 0 0
2152 0 0 0 0 0
2153 0 0 0 0 0
2154 0 0 0 0 0
2155 0 0 2 0 0
2156 0 0 2 0 0
2157 0 0 2 0 0
2158 0 0 2 0 0
2159 0 0 0 0 0
2160 0 0 0 0 0
2161 0 0 0 0 0
2162 0 0 0 0 0
2163 0 0 0 0 0
2164 0 0 0 0 0
2165 0 0 0 0 0
2166 0 0 0 0 0
2167 0 0 0 0 0
2168 0 0 0 0 0
2169 0 0 0 0 0
2170 0 0 0 0 0
2171 0 0 0 0 0
2172 0 0 0 0 0
2173 0 0 0 0 0
2174 0 0 0 0 0
2175 0 0 0 0 0
2176 0 0 0 0 0
2177 0 0 0 0 0
2178 0 0 0 0 0
2179 0 0 0 0 0
2180 0 0 0 0 0
2181 2 0 0 0 0
2182 2 0 0 0 0
2183 2 0 0 0 0
2184 2 0 0 0 0
2185 2 0 0 0 0
2186 0 0 0 0 0
2187 0 0 0 0 0
2188 0 0 0 0 0
2189 0 0 0 0 0
2190 0 0 0 0 0
2191 0 0 0 0 0
2192 0 0 0 0 0
2193 0 0 0 0 0
2194 0 0 0 0 0
2195 0 0 0 0 0
2196 0 0 0 0 0
2197 0 0 0 0 0
2198 0 0 0 0 0
2199 0 0 0 0 0
2200 0 0 0 0 0
2201 0 0 0 0 0
2202 0 0 0 0 0
2203 0 0 0 0 0
2204 0 0 0 0 0
2205 0 0 0 0 0
2206 0 0 0 0 0
2207 0 0 0 0 0
2208 0 0 0 0 0
2209 0 0 0 0 0
2210 0 0 0 0 0
2211 0 0 0 0 0
2212 0 0 0 0 0
2213 0 0 0 0 0
2214 0 0 0 0 0
2215 0 0 0 0 0
2216 0 0 0 0 0
2217 0 0 0 0 0
2218 0 0 0 0 0
2219 0 0 0 0 0
2220 0 0 0 0 0
2221 0 0 0 0 0
2222 0 0 0 0 0
2223 0 0 0 0 0
2224 0 0 0 0 0
2225 0 0 0 0 0
2226 0 0 0 0 0
2227 0 0 0 0 0
2228 0 0 3 0 0
2229 0 0 0 0 2
2230 0 0 0 0 2
2231 0 0 0 0 2
2232 0 0 2 0 2
2233 0 0 2 0 0
2234 0 0 2 0 2
2235 0 0 2 0 0
2236 0 0 2 0 2
2237 0 0 2 0 2
2238 0 0 2 0 2
2239 0 0 2 0 2
2240 0 0 2 0 2
2241 0 0 2 0 2
2242 0 0 0 2 0
2243 0 0 0 2 2
2244 0 0 0 2 0
2245 0 0 0 0 0
2246 0 0 0 2 0
2247 0 0 0 2 0
2248 0 0 0 2 0
2249 0 0 0 2 0
2250 0 0 0 2 0
2251 0 0 0 2 0
2252 0 0 0 2 0
2253 0 0 0 2 0
2254 0 0 0 2 0
2255 0 0 0 3 0
2256 0 0 0 2 0
2257 0 0 0 0 0
2258 0 0 0 3 0
2259 0 0 0 2 0
2260 0 0 0 0 0
2261 0 0 0 2 0
2262 0 0 0 2 0
2263 0 0 0 2 0
2264 0 0 0 2 0
2265 0 0 0 2 0
2266 0 0 0 2 0
2267 0 0 0 2 0
2268 0 0 0 2 0
2269 0 0 0 2 0
2270 0 0 0 2 0
2271 0 0 0 0 0
2272 0 0 0 0 0
2273 0 0 0 0 0
2274 0 0 0 0 0
2275 0 0 0 3 0
2276 0 0 0 3 0
2277 0 0 0 3 0
2278 0 0 0 3 0
2279 0 0 0 3 0
2280 0 0 0 0 0
2281 0 0 0 0 0
2282 0 0 0 2 0
2283 0 0 0 2 0
2284 0 0 0 0 0
2285 0 0 0 0 0
2286 0 0 0 2 0
2287 0 0 0 2 0
2288 0 0 0 2 0
2289 0 0 0 2 0
2290 0 0 0 2 0
2291 0 0 0 2 0
2292 0 0 0 0 0
2293 0 0 0 2 0
2294 0 0 0 2 0
2295 0 0 0 2 0
2296 0 0 0 2 0
2297 0 0 0 2 0
2298 0 0 0 0 0
2299 0 0 0 0 0
2300 0 0 0 2 0
2301 0 0 0 2 0
2302 0 0 0 0 0
2303 0 0 0 0 0
2304 0 0 0 0 0
2305 0 0 0 0 0
2306 0 0 0 0 0
2307 0 0 0 0 0
2308 0 0 0 0 0
2309 0 0 0 0 0
2310 0 0 0 2 0
2311 0 0 0 2 0
2312 0 0 0 2 0
2313 0 0 0 2 0
2314 0 0 0 2 0
2315 0 0 0 0 0
2316 0 0 0 2 0
2317 0 0 0 2 0
2318 0 0 0 2 0
2319 0 0 0 0 0
2320 0 0 0 0 0
2321 0 0 0 0 0
2322 0 0 0 0 0
2323 0 0 0 0 0
2324 0 0 0 0 0
2325 0 0 0 0 0
2326 0 0 0 0 0
2327 0 0 0 0 0
2328 0 0 0 0 0
2329 0 0 0 0 0
2330 0 0 0 2 0
2331 0 0 0 0 0
2332 0 0 0 2 2
2333 0 0 0 2 2
2334 0 0 0 2 2
2335 0 0 0 2 0
2336 0 0 0 2 2
2337 0 0 0 2 2
2338 0 0 0 2 0
2339 0 0 0 2 2
2340 0 0 0 2 2
2341 0 0 0 2 0
2342 0 0 0 0 0
2343 0 0 0 0 0
2344 0 0 0 0 0
2345 0 0 0 0 0
2346 0 0 0 0 0
2347 0 0 0 0 0
2348 0 0 0 0 0
2349 0 0 0 0 0
2350 0 0 0 0 0
2351 0 0 0 0 0
2352 0 0 0 0 0
2353 0 0 0 0 0
2354 0 0 0 0 0
2355 0 0 0 0 0
2356 0 0 0 0 0
2357 0 0 0 0 0
2358 0 0 0 0 0
2359 0 0 0 0 0
2360 2 0 2 0 2
2361 0 0 2 0 2
2362 0 0 2 0 2
2363 2 0 2 0 2
2364 2 0 2 0 2
2365 0 0 2 0 2
2366 0 0 2 0 0
2367 0 0 2 0 0
2368 2 0 2 0 2
2369 0 0 2 0 0
2370 0 0 2 0 0
2371 0 0 2 0 0
2372 0 0 2 0 0
2373 0 0 2 0 0
2374 0 0 2 0 0
2375 2 0 2 0 0
2376 0 0 2 0 2
2377 2 0 0 2 2
2378 2 0 0 2 2
2379 2 0 0 2 2
2380 2 0 0 2 0
2381 2 0 0 2 0
2382 2 0 0 2 0
2383 2 0 0 2 0
2384 2 0 0 2 0
2385 2 0 0 2 0
2386 2 0 0 2 0
2387 2 0 0 2 0
2388 2 0 0 2 0
2389 2 0 0 2 0
2390 0 0 0 2 0
2391 2 0 0 2 0
2392 0 0 2 0 0
2393 0 0 2 0 0
2394 2 0 2 0 0
2395 0 0 2 0 0
2396 0 0 2 0 0
2397 0 0 2 0 0
2398 0 0 2 0 0
2399 0 0 2 0 0
2400 0 0 2 0 0
2401 0 0 2 0 0
2402 0 0 2 0 0
2403 0 0 2 0 0
2404 0 0 2 0 0
2405 0 0 2 0 0
2406 0 0 2 0 0
2407 0 0 2 0 0
2408 0 0 2 0 0
2409 3 0 2 0 0
2410 2 0 2 0 0
2411 0 0 3 0 0
2412 0 0 2 0 0
2413 0 0 2 0 0
2414 2 0 2 0 0
2415 2 0 2 0 0
2416 0 0 3 0 0
2417 0 0 3 0 0
2418 0 0 3 0 0
2419 0 0 2 0 0
2420 0 0 2 0 0
2421 0 0 2 0 0
2422 0 0 2 0 0
2423 0 0 2 0 0
2424 0 0 2 0 0
2425 0 0 2 0 0
2426 0 0 2 0 0
2427 0 0 2 0 0
2428 0 0 0 2 0
2429 0 0 0 2 0
2430 0 0 0 2 0
2431 0 0 0 2 0
2432 0 0 0 0 0
2433 0 0 0 0 0
2434 0 0 0 0 0
2435 0 0 0 0 0
2436 0 0 0 0 0
2437 0 0 0 0 0
2438 0 0 0 0 0
2439 0 0 0 0 0
2440 0 0 0 0 0
2441 0 0 0 3 0
2442 0 0 0 3 0
2443 0 0 0 0 0
2444 0 0 3 0 0
2445 0 0 0 0 0
2446 0 0 0 0 0
2447 0 0 0 0 0
2448 0 0 0 0 0
2449 0 0 0 0 0
2450 0 0 0 0 0
2451 0 0 3 0 0
2452 0 0 0 0 0
2453 0 0 0 0 0
2454 0 0 0 0 0
2455 0 0 0 0 0
2456 0 0 0 0 0
2457 0 0 0 0 0
2458 2 0 0 0 0
2459 0 0 0 0 0
2460 0 0 0 0 0
2461 2 0 0 0 0
2462 0 0 0 0 0
2463 0 0 0 0 0
2464 0 0 0 0 0
2465 0 0 0 0 0
2466 0 0 0 0 0
2467 0 0 0 0 0
2468 0 0 0 0 0
2469 0 0 0 0 0
2470 0 0 0 0 0
2471 0 0 0 0 0
2472 0 0 0 0 0
2473 0 0 0 0 0
2474 0 0 0 0 0
2475 0 0 0 0 0
2476 0 0 0 0 0
2477 0 0 0 0 0
2478 0 0 0 0 0
2479 0 0 0 0 0
2480 0 0 0 0 0
2481 0 0 0 0 0
2482 0 0 0 0 0
2483 0 0 0 0 0
2484 0 0 0 0 0
2485 0 0 0 0 0
2486 2 0 0 0 0
2487 0 0 2 0 0
2488 0 0 2 0 0
2489 0 0 2 0 0
2490 0 0 0 0 0
2491 0 0 2 0 0
2492 0 0 2 0 0
2493 0 0 0 0 0
2494 0 0 0 0 0
2495 0 0 0 0 0
2496 0 0 0 0 0
2497 0 0 0 0 0
2498 0 0 0 0 0
2499 0 0 0 0 0
2500 0 0 0 0 0
2501 0 0 0 0 0
2502 0 0 0 0 0
2503 0 0 0 0 0
2504 0 0 0 0 0
2505 0 0 0 0 0
2506 2 0 0 0 0
2507 2 0 0 0 0
2508 0 0 0 0 2
2509 0 0 0 0 2
2510 0 0 0 0 2
2511 0 0 0 0 2
2512 3 0 0 0 2
2513 0 0 0 0 2
2514 2 0 3 0 2
2515 0 0 0 0 2
2516 2 0 0 0 2
2517 0 0 0 0 2
2518 0 0 0 0 2
2519 2 0 0 0 2
2520 2 0 0 0 0
2521 2 0 0 0 0
2522 2 0 0 0 2
2523 2 0 0 0 2
2524 2 0 0 0 0
2525 2 0 0 0 0
2526 2 0 0 0 0
2527 2 0 0 0 0
2528 2 0 0 0 2
2529 2 0 0 0 2
2530 2 0 0 0 2
2531 0 0 0 3 2
2532 0 0 0 0 2
2533 0 0 0 0 2
2534 0 0 0 3 2
2535 0 0 0 3 0
2536 0 0 0 0 0
2537 0 0 0 0 0
2538 0 0 0 0 0
2539 0 0 0 0 0
2540 0 0 0 2 0
2541 2 0 0 0 0
2542 0 0 0 2 0
2543 2 0 0 0 0
2544 2 0 0 2 0
2545 2 0 0 0 0
2546 2 0 0 0 0
2547 2 0 0 0 0
2548 2 0 0 0 0
2549 2 0 0 0 0
2550 2 0 0 0 0
2551 0 0 0 0 0
2552 2 0 0 2 0
2553 0 0 0 2 0
2554 0 0 0 2 0
2555 0 0 0 0 0
2556 0 0 0 2 0
2557 0 0 0 2 0
2558 0 0 0 3 0
2559 0 0 0 3 0
2560 0 0 0 3 0
2561 0 0 0 3 0
2562 0 0 0 0 0
2563 0 0 0 0 0
2564 0 0 0 3 0
2565 0 0 0 0 0
2566 0 0 0 0 0
2567 0 0 0 0 0
2568 0 0 0 0 0
2569 0 0 0 0 0
2570 0 0 0 0 0
2571 0 0 0 0 0
2572 0 0 0 0 0
2573 0 0 0 0 0
2574 0 0 0 0 0
2575 0 0 0 0 0
2576 0 0 0 0 0
2577 0 0 0 0 0
2578 0 0 0 0 0
2579 0 0 0 0 0
2580 0 0 0 0 0
2581 0 0 0 0 0
2582 0 0 0 0 0
2583 0 0 0 0 0
2584 0 0 0 0 0
2585 0 0 0 0 0
2586 0 0 0 0 0
2587 0 0 0 0 0
2588 0 0 0 0 0
2589 0 0 0 0 0
2590 0 0 0 0 0
2591 0 0 0 0 0
2592 0 0 0 0 0
2593 0 0 0 0 0
2594 0 0 0 0 0
2595 0 0 0 0 0
2596 0 0 0 0 0
2597 0 0 0 0 0
2598 0 0 0 0 0
2599 0 0 0 0 0
2600 0 0 0 0 0
2601 0 0 0 0 0
2602 0 0 0 0 0
2603 0 0 0 0 0
2604 0 0 0 0 0
2605 0 0 0 0 0
2606 0 0 0 0 0
2607 0 0 0 0 0
2608 0 0 0 0 0
2609 0 0 0 0 0
2610 2 0 0 0 0
2611 2 0 0 0 0
2612 2 0 0 0 0
2613 2 0 0 0 0
2614 2 0 0 0 0
2615 0 0 0 0 0
2616 2 0 0 0 0
2617 2 0 0 0 0
2618 2 0 0 0 0
2619 0 0 0 0 0
2620 0 0 0 0 0
2621 0 0 0 0 0
2622 0 0 0 0 0
2623 0 0 0 0 0
2624 0 0 0 0 0
2625 2 0 0 0 0
2626 2 0 0 0 0
2627 0 0 0 0 0
2628 0 0 0 0 0
2629 0 0 0 0 0
2630 0 0 0 0 0
2631 0 0 0 0 0
2632 0 0 0 0 0
2633 0 0 0 0 0
2634 0 0 0 0 0
2635 0 0 0 0 0
2636 0 0 0 0 0
2637 2 0 0 0 0
2638 2 0 0 0 0
2639 0 0 0 0 0
2640 0 0 0 0 0
2641 2 0 0 0 0
2642 0 0 0 0 0
2643 0 0 0 0 0
2644 0 0 0 0 0
2645 0 0 0 0 0
2646 0 0 0 0 0
2647 0 0 0 0 0
2648 0 0 0 0 0
2649 0 0 0 0 0
2650 0 0 0 0 0
2651 0 0 0 0 0
2652 0 0 0 0 0
2653 0 0 0 0 0
2654 0 0 0 0 0
2655 0 0 0 2 0
2656 0 0 0 0 0
2657 0 0 0 2 0
2658 0 0 0 2 0
2659 0 0 2 0 0
2660 0 0 2 0 0
2661 0 0 2 0 0
2662 0 0 2 0 0
2663 0 0 0 0 0
2664 0 0 0 0 0
2665 0 0 0 0 0
2666 0 0 0 0 0
2667 0 0 0 0 0
2668 0 0 0 0 0
2669 0 0 2 0 0
2670 0 0 2 0 0
2671 0 0 2 0 0
2672 0 0 0 0 0
2673 0 0 0 0 0
2674 0 0 0 0 0
2675 0 0 0 0 0
2676 0 0 0 0 0
2677 0 0 0 0 0
2678 0 0 0 0 0
2679 0 0 0 0 0
2680 0 0 0 0 0
2681 0 0 0 0 0
2682 0 0 0 0 0
2683 0 0 0 0 0
2684 0 0 0 0 0
2685 0 0 0 0 0
2686 0 0 0 0 0
2687 0 0 0 0 0
2688 0 0 2 0 0
2689 0 0 2 0 0
2690 0 0 2 0 0
2691 0 0 0 0 0
2692 0 0 0 0 0
2693 0 0 0 0 0
2694 0 0 0 0 0
2695 0 0 0 0 0
2696 0 0 2 0 0
2697 0 0 2 0 0
2698 0 0 0 0 0
2699 0 0 2 0 0
2700 0 0 0 0 2
2701 0 0 0 0 0
2702 0 0 0 0 0
2703 0 0 0 0 0
2704 0 0 0 0 0
2705 0 0 0 0 0
2706 0 0 0 0 0
2707 0 0 0 0 0
2708 0 0 0 0 0
2709 0 0 0 0 0
2710 0 0 0 0 0
2711 0 0 0 0 0
2712 0 0 0 0 0
2713 0 0 0 0 0
2714 0 0 0 0 0
2715 0 0 0 0 0
2716 0 0 0 0 0
2717 0 0 0 0 0
2718 0 0 0 0 0
2719 0 0 0 0 0
2720 0 0 0 0 0
2721 0 0 0 0 0
2722 0 0 0 0 0
2723 0 0 0 0 0
2724 0 0 0 0 0
2725 0 0 0 0 0
2726 0 0 0 0 0
2727 0 0 0 0 0
2728 0 0 0 0 0
2729 0 0 0 0 0
2730 0 0 0 0 0
2731 0 0 0 0 0
2732 0 0 0 0 0
2733 0 0 0 0 0
2734 0 0 0 0 0
2735 0 0 0 0 0
2736 0 0 0 0 0
2737 0 0 0 0 0
2738 0 0 0 0 0
2739 0 0 0 0 0
2740 0 0 0 0 0
2741 0 0 0 0 0
2742 0 0 0 0 0
2743 0 0 0 0 0
2744 0 0 0 0 0
2745 0 0 0 0 2
2746 0 0 0 0 2
2747 0 0 0 0 2
2748 0 0 0 0 0
2749 0 0 0 0 2
2750 0 0 0 0 2
2751 0 0 0 0 2
2752 0 0 0 0 0
2753 0 0 0 0 2
2754 0 0 0 0 2
2755 0 0 0 0 2
2756 0 0 0 0 2
2757 0 0 0 0 2
2758 0 0 0 0 2
2759 0 0 0 0 2
2760 0 0 0 0 2
2761 0 0 0 0 0
2762 0 0 0 0 0
2763 0 0 0 0 0
2764 0 0 0 0 0
2765 0 0 0 0 0
2766 0 0 0 0 0
2767 0 0 0 0 0
2768 0 0 0 0 0
2769 0 0 0 0 0
2770 0 0 0 0 0
2771 0 0 0 0 0
2772 0 0 0 0 0
2773 0 0 0 0 0
2774 0 0 2 0 2
2775 0 0 2 0 2
2776 0 0 2 0 2
2777 0 0 2 0 0
2778 0 0 2 0 0
2779 0 0 0 0 0
2780 0 0 2 0 0
2781 0 0 2 0 0
2782 0 0 2 0 0
2783 0 0 2 0 0
2784 0 0 0 0 0
2785 0 0 2 0 0
2786 0 0 2 0 0
2787 0 2 2 0 0
2788 0 0 2 0 0
2789 0 0 2 0 0
2790 0 0 0 0 0
2791 0 0 0 0 0
2792 0 0 0 0 0
2793 0 0 0 0 0
2794 0 0 0 0 0
2795 0 0 2 0 0
2796 0 0 2 0 0
2797 0 2 2 0 0
2798 0 2 2 0 0
2799 0 0 2 0 0
2800 0 0 0 0 0
2801 0 0 2 0 0
2802 0 0 2 0 0
2803 0 0 2 0 0
2804 0 0 2 0 0
2805 0 0 2 0 0
2806 0 0 2 0 0
2807 0 0 2 0 0
2808 0 0 2 0 0
2809 0 0 2 0 0
2810 0 0 2 0 0
2811 0 0 0 0 0
2812 0 0 2 0 0
2813 0 0 0 0 0
2814 0 0 0 0 0
2815 0 0 3 0 0
2816 0 0 0 0 0
2817 0 0 0 0 0
2818 0 0 0 0 0
2819 0 0 0 0 0
2820 0 0 0 0 0
2821 0 0 3 0 0
2822 0 0 0 0 0
2823 0 0 0 0 0
2824 0 0 3 0 0
2825 0 0 0 0 0
2826 0 0 0 0 0
2827 0 0 0 0 0
2828 0 0 3 0 0
2829 0 0 3 0 0
2830 0 2 3 0 0
2831 0 0 0 0 0
2832 0 2 3 0 0
2833 0 0 0 0 0
2834 0 2 3 0 0
2835 0 2 2 0 0
2836 0 2 0 0 0
2837 0 2 0 0 0
2838 0 2 0 0 0
2839 0 0 0 0 0
2840 0 2 0 0 0
2841 0 2 0 0 0
2842 0 0 2 0 0
2843 0 2 2 0 0
2844 0 2 2 0 0
2845 0 2 2 0 0
2846 0 0 0 0 0
2847 0 2 0 0 0
2848 0 0 0 0 0
2849 0 0 2 0 0
2850 0 0 2 0 0
2851 0 0 2 0 0
2852 0 0 2 0 0
2853 0 0 0 0 0
2854 0 0 2 0 0
2855 0 0 2 0 0
2856 0 0 0 0 0
2857 0 0 0 0 0
2858 0 0 2 0 0
2859 0 0 2 0 0
2860 0 0 0 0 0
2861 0 0 0 0 0
2862 0 0 0 0 0
2863 0 0 0 0 0
2864 0 0 2 0 0
2865 0 0 2 0 0
2866 0 0 0 0 0
2867 0 0 0 0 0
2868 0 0 0 0 0
2869 0 0 0 0 0
2870 0 0 0 0 0
2871 0 0 0 0 0
2872 0 0 0 0 0
2873 0 0 0 0 0
2874 0 0 0 0 0
2875 0 0 0 0 0
2876 0 0 0 0 0
2877 0 0 0 0 0
2878 0 0 0 0 0
2879 0 0 0 0 0
2880 0 0 0 0 0
2881 0 0 0 0 0
2882 0 0 0 0 0
2883 0 0 0 0 0
2884 0 0 0 0 0
2885 0 0 0 0 0
2886 0 0 0 0 0
2887 0 0 0 0 0
2888 0 0 0 0 0
2889 0 0 0 0 0
2890 0 0 0 0 0
2891 0 0 0 0 0
2892 0 0 0 0 0
2893 0 0 0 0 0
2894 0 0 0 0 0
2895 0 0 0 0 0
2896 0 0 0 0 0
2897 0 0 0 0 0
2898 0 0 0 0 0
2899 0 0 0 0 0
2900 0 0 0 0 0
2901 0 0 0 0 0
2902 0 0 0 0 0
2903 0 0 0 0 0
2904 0 0 0 0 0
2905 0 0 0 0 0
2906 0 0 0 0 0
2907 0 0 0 0 0
2908 0 0 0 0 0
2909 0 0 0 0 0
2910 0 0 0 0 2
2911 0 0 0 0 2
2912 0 0 0 0 0
2913 0 0 0 0 0
2914 0 0 0 0 0
2915 0 0 0 0 0
2916 0 0 0 0 2
2917 0 0 0 0 2
2918 0 0 0 0 0
2919 0 0 0 0 2
2920 0 0 0 0 0
2921 0 0 0 0 2
2922 0 0 0 0 2
2923 0 0 0 0 2
2924 0 0 0 0 0
2925 0 0 0 0 0
2926 0 0 0 0 0
2927 0 0 0 0 0
2928 0 0 0 0 0
2929 0 0 0 0 0
2930 0 0 0 0 0
2931 0 0 2 0 0
2932 0 0 0 0 0
2933 0 0 0 0 0
2934 0 0 0 0 0
2935 0 0 0 0 0
2936 0 0 0 0 0
2937 0 0 0 0 0
2938 0 0 0 0 0
2939 0 0 0 0 0
2940 0 0 0 0 0
2941 0 0 0 0 0
2942 0 0 0 0 0
2943 0 0 0 0 0
2944 0 0 0 0 0
2945 0 0 0 0 0
2946 0 0 0 0 0
2947 0 0 0 0 0
2948 0 0 0 0 0
2949 0 0 0 0 0
2950 0 0 0 0 0
2951 0 0 0 0 0
2952 0 0 0 0 0
2953 0 0 0 0 0
2954 0 0 0 0 0
2955 0 0 0 0 0
2956 0 0 0 0 0
2957 0 0 0 0 0
2958 0 0 0 0 0
2959 0 0 0 0 0
2960 0 0 0 0 0
2961 0 0 0 0 0
2962 0 0 3 0 0
2963 0 0 2 0 0
2964 0 0 2 0 0
2965 0 0 2 0 0
2966 0 0 2 0 0
2967 0 0 2 0 0
2968 0 2 2 0 0
2969 0 0 0 0 0
2970 0 2 2 0 0
2971 0 2 2 0 0
2972 0 2 0 0 0
2973 0 2 2 0 0
2974 0 2 0 0 0
2975 0 2 0 0 0
2976 0 2 0 0 0
2977 0 2 2 0 0
2978 0 2 0 0 0
2979 0 2 2 0 0
2980 0 2 2 0 0
2981 0 2 2 0 0
2982 0 2 2 0 0
2983 0 2 2 0 0
2984 0 2 2 0 0
2985 0 2 0 0 0
2986 0 2 0 0 0
2987 0 2 0 0 0
2988 0 2 0 0 0
2989 0 2 0 0 0
2990 0 2 2 0 0
2991 0 2 0 0 0
2992 0 2 0 0 0
2993 0 2 0 0 0
2994 0 2 0 0 0
2995 0 2 2 0 0
2996 0 2 0 0 0
2997 0 2 0 0 0
2998 0 2 2 0 0
2999 0 2 2 0 0
3000 0 2 0 0 0
3001 0 2 0 0 0
3002 0 2 0 0 0
3003 0 2 0 0 0
3004 0 2 0 0 0
3005 0 2 0 0 0
3006 0 2 0 0 0
3007 0 2 0 0 0
3008 0 2 0 0 0
3009 0 2 0 0 0
3010 0 2 0 0 0
3011 0 2 0 0 0
3012 0 2 0 0 0
3013 0 2 0 0 0
3014 0 2 0 0 0
3015 0 2 0 0 0
3016 0 2 0 0 0
3017 0 2 0 0 0
3018 0 2 0 0 0
3019 0 2 0 0 0
3020 0 2 0 0 0
3021 0 2 0 0 0
3022 0 2 0 0 0
3023 0 2 0 0 0
3024 2 0 0 0 0
3025 2 0 0 0 0
3026 2 0 0 0 0
3027 2 0 0 0 0
3028 2 0 0 0 0
3029 2 0 0 0 0
3030 2 0 0 0 0
3031 2 0 0 0 0
3032 2 0 0 0 0
3033 2 0 0 0 0
3034 2 0 0 0 0
3035 2 0 0 0 0
3036 2 0 0 0 0
3037 2 0 0 0 0
3038 2 0 0 0 0
3039 2 0 0 0 0
3040 2 0 0 0 0
3041 2 0 0 0 0
3042 2 0 0 0 0
3043 2 0 0 0 0
3044 2 0 0 0 0
3045 2 0 0 0 0
3046 2 0 0 0 0
3047 2 0 0 0 0
3048 2 0 0 0 0
3049 2 0 0 0 0
3050 2 0 0 0 0
3051 2 0 0 0 0
3052 2 0 0 0 0
3053 0 0 0 0 0
3054 2 0 0 0 0
3055 2 0 0 0 0
3056 2 0 0 0 0
3057 2 0 0 0 0
3058 2 0 0 0 0
3059 2 0 0 0 0
3060 2 0 2 0 0
3061 2 0 2 0 0
3062 2 0 2 0 0
3063 2 0 2 0 0
3064 2 0 2 0 0
3065 2 0 2 0 0
3066 2 0 0 0 0
3067 2 0 0 2 0
3068 2 0 0 2 0
3069 2 0 0 2 0
3070 2 0 0 2 0
3071 2 0 0 0 0
3072 2 0 0 2 0
3073 2 0 0 2 0
3074 2 0 0 0 0
3075 2 0 0 2 0
3076 2 0 0 0 0
3077 2 0 0 0 0
3078 2 0 0 0 0
3079 2 0 0 0 0
3080 2 0 0 0 0
3081 2 0 0 0 0
3082 2 0 0 0 0
3083 2 0 0 0 0
3084 2 0 0 0 0
3085 2 0 0 0 0
3086 2 0 0 0 0
3087 2 0 0 0 0
3088 0 0 0 2 0
3089 2 0 0 2 0
3090 2 0 0 0 0
3091 0 0 0 0 0
3092 0 0 0 0 0
3093 0 0 0 0 0
3094 2 0 0 0 0
3095 2 0 0 3 0
3096 2 0 0 0 0
3097 2 0 0 0 0
3098 2 0 0 0 0
3099 2 0 0 0 0
3100 0 0 0 0 0
3101 0 0 0 0 0
3102 2 0 0 0 0
3103 2 0 0 0 0
3104 2 0 0 0 0
3105 2 0 0 0 0
3106 0 0 3 0 0
3107 0 0 3 0 0
3108 0 0 0 0 0
3109 0 0 3 0 0
3110 0 0 0 0 0
3111 0 0 0 0 0
3112 0 0 0 0 0
3113 0 0 0 0 0
3114 0 0 0 0 0
3115 0 0 0 0 0
3116 0 0 0 0 0
3117 0 0 0 0 0
3118 0 0 0 0 0
3119 0 0 0 0 0
3120 0 0 0 0 0
3121 0 0 0 0 0
3122 0 0 0 0 0
3123 0 0 3 0 0
3124 0 0 0 0 0
3125 0 0 0 0 0
3126 0 0 0 0 0
3127 0 0 0 0 0
3128 0 0 0 0 0
3129 0 0 0 0 0
3130 0 0 0 0 0
3131 0 0 0 0 0
3132 0 0 0 0 0
3133 0 0 0 0 0
3134 0 0 0 0 0
3135 0 0 0 0 0
3136 0 0 0 0 0
3137 0 0 0 0 0
3138 0 0 0 0 0
3139 0 0 0 0 0
3140 0 0 0 0 0
3141 0 0 0 0 0
3142 0 0 0 0 0
3143 0 0 0 0 0
3144 0 0 0 0 0
3145 0 0 0 0 0
3146 0 0 0 0 0
3147 0 0 0 0 0
3148 0 0 0 0 0
3149 0 0 0 0 0
3150 0 0 0 0 0
3151 0 0 0 0 0
3152 0 0 0 0 0
3153 0 0 0 0 0
3154 0 0 0 0 0
3155 0 0 0 0 0
3156 0 0 0 0 0
3157 0 0 0 0 0
3158 0 0 0 0 0
3159 0 0 0 0 0
3160 0 0 0 0 0
3161 0 0 0 0 0
3162 0 0 0 0 0
3163 0 0 0 0 0
3164 0 0 0 0 0
3165 0 0 0 0 0
3166 0 0 0 0 0
3167 0 0 0 0 0
3168 0 0 0 0 0
3169 0 0 0 0 0
3170 0 0 0 0 0
3171 0 0 0 0 0
3172 0 0 0 0 0
3173 0 0 0 0 0
3174 0 0 0 0 0
3175 0 0 0 0 0
3176 0 0 0 0 0
3177 0 0 0 0 0
3178 0 0 0 0 0
3179 0 0 0 0 0
3180 0 0 0 0 0
3181 0 0 0 0 0
3182 0 0 0 0 0
3183 0 0 0 0 0
3184 0 0 0 0 0
3185 0 0 0 0 0
3186 0 0 0 0 0
3187 0 0 0 0 0
3188 0 0 0 0 0
3189 0 0 0 0 0
3190 0 0 0 0 0
3191 0 0 0 0 0
3192 0 0 0 0 0
3193 0 0 0 0 0
3194 0 0 0 0 0
3195 0 0 0 0 0
3196 0 0 0 0 0
3197 0 0 0 0 0
3198 0 0 0 0 0
3199 0 0 0 0 0
3200 0 0 0 0 0
3201 0 0 0 0 0
3202 0 0 0 0 0
3203 0 2 0 0 0
3204 0 2 0 0 0
3205 0 0 0 0 0
3206 0 2 0 0 0
3207 0 2 0 0 0
3208 0 2 0 0 0
3209 0 3 0 0 0
3210 0 3 0 0 0
3211 0 0 0 0 0
3212 0 3 0 0 0
3213 0 0 0 0 0
3214 0 0 0 0 0
3215 0 0 0 0 0
3216 0 0 0 0 0
3217 0 0 0 0 0
3218 0 0 0 0 0
3219 0 0 0 0 0
3220 0 0 0 0 0
3221 0 0 0 0 0
3222 0 0 0 0 0
3223 0 0 0 0 0
3224 0 3 0 0 0
3225 0 2 0 0 0
3226 0 3 0 0 0
3227 0 3 0 0 0
3228 0 0 0 0 0
3229 0 0 0 0 0
3230 0 0 0 0 0
3231 0 0 0 0 0
3232 0 0 0 0 0
3233 0 0 0 0 0
3234 0 0 0 0 0
3235 0 0 0 0 0
3236 0 0 0 0 0
3237 0 0 0 0 0
3238 0 0 0 0 0
3239 0 0 0 0 0
3240 0 0 0 0 0
3241 0 0 0 0 0
3242 0 0 0 0 0
3243 0 0 0 0 0
3244 0 0 0 0 0
3245 0 0 0 0 0
3246 0 0 0 0 0
3247 0 0 0 0 0
3248 0 0 0 0 0
3249 0 0 0 0 0
3250 0 0 0 0 0
3251 0 0 0 0 0
3252 0 0 0 0 0
3253 0 0 0 0 0
3254 0 0 0 0 0
3255 0 0 0 0 0
3256 0 0 0 0 0
3257 0 0 0 0 0
3258 0 0 0 0 0
3259 0 0 0 0 0
3260 0 0 0 0 0
3261 0 0 0 0 0
3262 0 0 0 0 0
3263 0 0 0 0 0
3264 0 0 0 0 0
3265 0 0 0 0 0
3266 0 0 0 0 0
3267 0 0 0 0 0
3268 0 0 0 0 0
3269 0 0 0 0 0
3270 0 0 0 0 0
3271 0 0 0 0 0
3272 0 0 0 0 0
3273 0 0 0 0 0
3274 0 0 0 0 0
3275 0 0 0 0 0
3276 0 0 0 0 0
3277 0 0 0 0 0
3278 0 0 0 0 0
3279 0 0 0 0 0
3280 0 0 0 0 0
3281 0 0 0 0 0
3282 0 0 0 0 0
3283 0 0 0 0 0
3284 0 0 0 0 0
3285 0 0 0 0 0
3286 0 0 0 0 0
3287 0 0 0 0 0
3288 0 0 0 0 0
3289 0 0 0 0 0
3290 0 0 0 0 0
3291 0 0 0 0 0
3292 0 0 0 0 0
3293 0 0 0 0 0
3294 0 0 0 0 0
3295 0 0 0 0 0
3296 0 0 0 0 0
3297 0 0 0 0 0
3298 0 0 0 0 0
3299 0 0 0 0 0
3300 0 0 0 0 0
3301 0 0 0 0 0
3302 0 0 0 0 0
3303 0 0 0 0 0
3304 0 0 0 0 0
3305 0 0 0 0 0
3306 0 0 0 0 0
3307 0 0 0 0 0
3308 0 0 0 0 0
3309 0 0 0 0 0
3310 0 0 0 0 0
3311 0 0 0 0 0
3312 0 0 0 0 0
3313 0 0 0 0 0
3314 0 0 0 0 0
3315 0 0 0 0 0
3316 0 0 0 0 0
3317 0 0 0 0 0
3318 0 0 0 0 0
3319 0 0 0 0 0
3320 0 0 0 0 0
3321 0 0 0 0 0
3322 0 0 0 0 0
3323 0 0 0 0 0
3324 0 0 0 0 0
3325 0 0 0 0 0
3326 0 0 0 0 0
3327 0 0 0 0 0
3328 0 0 0 0 0
3329 0 0 0 0 0
3330 0 0 0 0 0
