1 0 0 0 2 0
16 0 0 2 0 0
31 0 0 2 0 0
44 0 0 2 0 0
47 0 0 2 0 0
62 0 0 2 0 0
77 0 0 2 0 0
92 0 0 2 0 0
101 0 0 2 0 0
104 0 0 2 0 0
116 0 0 2 0 1
126 0 0 2 0 1
129 0 0 2 0 1
144 0 0 2 0 1
159 0 0 3 0 0
174 0 0 2 0 1
189 0 0 2 0 0
204 0 0 2 0 1
219 0 0 2 0 0
234 0 0 2 0 0
249 0 0 2 0 1
264 0 0 2 0 1
279 0 0 2 0 1
294 0 0 2 0 1
309 0 0 2 0 1
324 0 0 2 0 1
339 0 0 2 0 1
354 0 0 2 0 1
369 0 0 2 0 1
384 0 0 3 0 0
399 0 0 0 2 0
414 0 0 0 2 0
429 0 0 2 0 1
444 0 0 0 2 0
459 0 0 2 0 1
474 0 0 2 0 1
489 0 0 2 0 1
504 0 0 3 0 0
519 0 0 2 0 1
534 0 0 2 0 1
549 2 0 2 0 1
564 2 0 2 0 0
579 2 0 2 0 1
594 2 0 2 0 0
609 2 0 2 0 0
624 0 0 3 0 0
639 2 0 3 0 0
654 2 0 2 0 0
669 2 0 2 0 2
684 2 0 2 0 0
694 2 0 2 0 0
697 2 0 2 0 1
712 2 0 2 0 2
727 2 0 2 0 1
742 2 0 0 0 1
757 2 0 0 0 0
772 2 0 0 0 0
787 0 0 0 0 0
802 0 0 0 0 0
817 0 0 0 0 0
832 0 0 0 0 0
847 0 0 0 0 0
862 0 0 0 0 0
874 0 0 0 0 0
877 0 0 0 0 0
892 0 0 0 0 0
907 0 0 0 0 0
922 0 0 0 0 0
937 2 0 0 0 0
952 0 0 0 0 0
967 2 0 2 0 1
982 0 0 2 0 1
997 0 0 2 0 1
1013 2 0 2 0 1
1016 2 0 2 0 1
1031 0 0 2 0 1
1046 0 0 2 0 0
1061 0 0 2 0 0
1076 0 0 2 0 0
1091 0 0 2 0 1
1106 0 0 2 0 1
1121 0 0 0 0 0
1136 0 0 2 0 0
1151 0 0 2 0 0
1166 0 0 0 0 0
1181 0 0 0 0 0
1196 0 0 2 0 1
1211 2 0 2 0 1
1226 2 0 2 0 1
1241 2 0 2 0 1
1256 0 0 3 0 0
1271 0 0 2 0 1
1286 0 0 2 0 1
1301 0 0 2 0 1
1316 2 0 2 0 1
1331 2 0 2 0 1
1346 2 0 2 0 1
1361 2 0 2 0 1
1376 2 0 2 0 1
1391 2 0 2 0 1
1406 2 0 2 0 1
1415 2 0 2 0 1
1418 2 0 2 0 2
1433 2 0 2 0 1
1448 2 0 2 0 1
1463 2 0 3 0 1
1478 2 0 3 0 1
1493 2 0 0 0 1
1508 2 0 0 0 0
1523 0 0 0 0 0
1538 0 0 0 0 0
1553 0 0 0 0 0
1568 0 0 0 0 0
1583 0 0 0 0 0
1601 0 0 0 0 0
1604 0 0 0 0 0
1619 0 0 0 0 0
1634 0 0 3 0 0
1649 2 0 3 0 1
1664 2 0 3 0 1
1679 2 0 3 0 1
1694 2 0 2 0 1
1709 2 0 2 0 1
1720 2 0 2 0 1
1723 2 0 2 0 1
1738 0 0 2 0 1
1753 0 0 3 0 0
1768 0 0 3 0 0
1783 0 0 2 0 1
1797 0 0 2 0 1
1800 3 0 2 0 1
1815 2 0 3 0 1
1830 3 0 0 0 0
1845 0 0 3 0 0
1860 0 0 2 0 1
1875 0 0 2 0 1
1890 0 0 2 0 1
1905 0 0 2 0 1
1920 0 0 2 0 1
1935 0 0 2 0 1
1950 2 0 2 0 1
1965 2 0 2 0 1
1980 3 0 2 0 1
1995 2 0 2 0 1
2010 3 0 2 0 1
2025 3 0 2 0 1
2040 0 0 2 0 1
2055 2 0 2 0 1
2070 2 0 2 0 1
2085 2 0 2 0 1
2100 2 0 2 0 1
2115 2 0 2 0 1
2130 3 0 2 0 1
2145 2 0 2 0 1
2160 2 0 2 0 1
2175 2 0 2 0 1
2184 2 0 2 0 1
2187 2 0 3 0 0
2202 2 0 2 0 1
2217 2 0 2 0 1
2232 2 0 3 0 1
2247 0 0 3 0 0
2262 0 0 3 0 0
2277 0 0 0 0 0
2292 0 0 0 0 0
2307 0 0 0 0 0
2324 0 0 0 0 0
2327 0 0 0 0 0
2342 0 0 0 0 0
2357 2 0 0 0 0
2372 2 0 0 0 1
2387 2 0 3 0 1
2402 2 0 2 0 1
2417 2 0 2 0 1
2427 2 0 2 0 1
2430 2 0 2 0 1
2445 0 0 2 0 0
2460 0 0 2 0 1
2475 2 0 3 0 1
2490 2 0 0 0 0
2505 0 0 2 0 1
2520 2 0 2 0 1
2535 2 0 2 0 1
2550 2 0 2 0 1
2562 2 0 2 0 1
2565 2 0 2 0 1
2580 2 0 2 0 0
2595 2 0 2 0 1
2610 3 0 2 0 0
2625 0 0 2 0 1
2640 0 0 2 0 1
2655 0 0 3 0 0
2670 0 0 2 0 1
2685 0 0 2 0 0
2700 0 0 2 0 1
2715 0 0 2 0 1
2730 0 0 2 0 1
2745 0 0 2 0 1
2760 0 0 2 0 1
2775 0 0 2 0 1
2790 0 0 2 0 1
2805 0 0 2 0 1
2820 2 0 2 0 2
2835 2 0 2 0 2
2850 2 0 2 0 1
2858 2 0 2 0 2
2861 2 0 2 0 2
2876 2 0 2 0 2
2891 2 0 2 0 1
2906 2 0 2 0 1
2921 2 0 2 0 1
2936 2 0 2 0 1
2951 2 0 2 0 1
2966 2 0 2 0 1
2981 0 0 3 0 0
2996 2 0 0 0 0
3011 0 0 0 0 0
3026 0 0 0 0 0
3041 0 0 0 0 0
3056 0 0 0 0 0
3067 0 0 0 0 0
3070 0 0 0 0 0
3085 0 0 0 0 0
3100 2 0 2 0 0
3115 2 0 2 0 1
3130 2 0 2 0 1
3145 0 0 2 0 1
3160 0 0 2 0 1
3175 3 0 2 0 1
3190 0 2 2 0 1
3205 0 0 3 0 0
3220 0 0 0 0 0
3235 0 0 0 0 0
3250 0 0 0 0 0
3255 0 0 0 0 0
