60 0 0 0 0 0
75 0 0 2 0 0
90 0 0 2 0 0
105 0 0 2 0 0
120 0 0 2 0 0
135 0 0 2 0 0
140 0 0 2 0 0
143 0 0 2 0 0
158 0 0 2 0 0
173 0 0 2 0 0
188 0 0 2 0 0
193 0 0 2 0 1
196 0 0 2 0 0
211 0 0 2 0 1
226 0 0 2 0 1
241 0 0 2 0 1
251 0 0 2 0 1
254 0 0 2 0 1
269 0 0 2 0 1
284 0 0 2 0 1
299 0 0 2 0 1
314 0 0 2 0 1
329 0 0 2 0 0
344 0 0 2 0 1
359 0 0 2 0 1
374 0 0 2 0 1
389 0 0 2 0 1
404 0 0 2 0 1
419 2 0 2 0 2
434 0 2 2 0 1
447 2 0 2 0 1
450 2 0 2 0 1
465 2 0 2 0 1
480 2 0 0 3 1
495 0 0 0 2 0
510 2 0 0 0 1
525 2 0 0 0 0
540 3 0 0 0 0
555 2 0 0 0 0
570 0 0 0 0 0
577 0 0 0 0 0
580 0 0 0 0 0
595 2 0 0 0 0
610 2 0 0 0 1
625 2 0 0 2 0
640 2 0 3 0 1
655 2 0 2 0 1
670 2 0 2 0 1
687 3 0 2 0 1
690 2 0 2 0 1
705 0 3 2 0 0
720 0 3 2 0 0
735 0 0 2 0 1
742 3 0 2 0 1
745 3 0 2 0 1
760 3 0 2 0 1
775 3 0 2 0 1
790 3 0 2 0 1
805 3 0 2 0 1
820 3 0 2 0 1
835 3 0 2 0 1
850 3 0 2 0 1
865 0 0 2 0 0
880 3 0 2 0 0
895 3 0 2 0 1
910 0 3 2 0 1
925 2 0 2 0 2
940 2 0 2 0 2
955 2 0 2 0 1
966 3 0 2 0 0
969 3 0 2 0 1
984 3 0 2 0 1
999 2 0 0 0 1
1014 2 0 2 0 2
1029 2 0 2 0 0
1044 2 0 2 0 1
1059 2 0 0 0 0
1074 2 0 0 0 0
1092 2 0 0 0 0
1095 2 0 0 0 0
1110 2 0 0 0 0
1125 2 0 0 0 1
1140 2 0 3 0 1
1155 2 0 3 0 1
1170 0 0 2 0 1
1185 0 0 2 0 1
1200 2 0 2 0 1
1215 2 0 2 0 1
1230 2 0 2 0 0
1245 2 0 2 0 0
1260 2 0 2 0 0
1265 2 0 2 0 0
1268 2 0 2 0 0
1283 0 0 2 0 1
1298 0 0 2 0 1
1313 0 0 2 0 1
1330 0 0 2 0 1
1333 0 0 2 0 1
1348 0 0 2 0 1
1363 0 0 2 0 1
1378 0 0 2 0 1
1393 0 0 2 0 1
1408 0 0 2 0 1
1423 0 0 2 0 1
1438 0 0 2 0 1
1453 0 3 2 0 1
1468 0 2 2 0 1
1483 0 2 2 0 1
1498 0 2 2 0 1
1505 2 0 2 0 1
1508 2 0 2 0 1
1523 2 0 2 0 1
1538 2 0 3 0 1
1553 2 0 3 0 1
1568 2 0 0 0 1
1583 2 0 0 0 0
1598 2 0 0 0 0
1613 2 0 0 0 0
1628 2 0 0 0 0
1643 2 0 0 0 0
1660 2 0 0 0 0
1663 2 0 0 0 0
1678 2 0 0 0 0
1693 2 0 0 0 1
1708 3 0 0 2 0
1723 2 0 0 2 1
1738 2 0 0 2 1
1753 2 0 2 0 1
1768 2 0 2 0 1
1775 2 0 2 0 1
1778 2 0 2 0 1
1793 0 3 2 0 1
1808 0 2 2 0 1
1823 3 0 2 0 1
1838 0 3 2 0 1
1848 0 0 2 0 1
1851 0 0 2 0 1
1866 0 0 2 0 1
1881 0 0 2 0 1
1896 0 0 2 0 1
1911 0 0 2 0 1
1926 0 0 2 0 1
1941 0 0 2 0 0
1956 0 0 2 0 1
1971 0 0 2 0 1
1986 0 0 2 0 1
2001 0 0 2 0 0
2016 0 2 2 0 1
2031 0 2 2 0 1
2046 2 0 2 0 0
2053 2 0 2 0 1
2056 2 0 2 0 1
2071 0 0 2 0 1
2086 2 0 2 0 1
2101 2 0 0 0 0
2116 2 0 0 0 0
2128 2 0 0 0 0
2131 2 0 0 0 0
2146 2 0 3 0 0
2161 2 0 0 2 0
2176 2 0 2 0 0
2191 2 0 2 0 0
2206 0 2 2 0 0
2221 0 0 2 0 0
2236 0 2 2 0 0
2251 0 2 2 0 0
2266 0 2 2 0 0
2281 2 0 2 0 0
2296 2 0 2 0 0
2311 2 0 2 0 0
2326 2 0 2 0 0
2341 2 0 2 0 0
2356 2 0 2 0 1
2371 2 0 2 0 0
2386 2 0 2 0 1
2401 3 0 2 0 0
2416 2 0 2 0 0
2431 0 3 2 0 1
2446 0 2 0 0 0
2461 0 0 3 0 0
2476 0 0 0 0 0
2491 0 0 0 0 0
2506 2 0 0 0 0
2521 2 0 0 0 0
2536 2 0 0 0 0
2551 2 0 0 0 0
2566 2 0 0 0 0
2573 2 0 0 0 0
