2 0 0 2 0 0
14 0 0 0 2 0
28 0 0 0 2 0
31 0 0 2 0 0
46 0 0 2 0 0
61 0 0 2 0 0
76 0 3 2 0 0
91 0 2 2 0 1
106 0 2 2 0 1
121 0 2 2 0 1
139 0 0 2 0 0
142 0 0 3 0 0
157 2 0 2 0 1
172 2 0 0 0 1
187 2 0 3 0 1
202 2 0 0 3 1
217 2 0 0 2 1
232 2 0 0 2 0
247 2 0 2 0 0
255 2 0 2 0 0
258 2 0 2 0 2
273 0 3 2 0 0
288 0 0 2 0 1
303 0 0 2 0 1
311 0 0 2 0 1
314 0 0 2 0 1
329 0 0 2 0 1
344 0 0 2 0 1
359 0 0 2 0 1
374 0 0 2 0 1
389 0 0 2 0 1
404 0 2 2 0 1
419 0 2 2 0 1
434 0 2 2 0 1
449 0 2 2 0 1
456 2 0 2 0 2
459 2 0 2 0 1
474 2 0 2 0 2
489 2 0 3 0 1
504 0 0 0 0 0
519 0 0 0 0 0
534 0 0 0 0 0
549 0 0 0 0 0
564 0 0 0 0 0
581 0 0 0 0 0
584 0 0 0 0 0
599 0 0 0 0 0
614 2 0 3 0 1
629 2 0 0 3 0
644 2 0 0 2 1
659 2 0 0 2 0
674 2 0 0 2 1
689 2 0 0 3 1
708 2 0 2 0 1
711 0 0 2 0 1
726 3 0 2 0 1
741 3 0 2 0 1
756 0 0 2 0 0
771 3 0 2 0 1
786 3 0 2 0 1
801 3 0 2 0 1
816 3 0 2 0 1
831 3 0 2 0 1
841 3 0 2 0 0
844 3 0 2 0 0
859 3 0 2 0 0
874 3 0 2 0 1
889 3 0 0 0 0
904 3 0 2 0 1
919 3 0 2 0 1
934 3 0 2 0 1
949 3 0 2 0 1
964 3 0 2 0 1
979 3 0 2 0 1
994 3 0 2 0 1
1009 2 0 2 0 2
1024 0 2 2 0 1
1039 0 2 2 0 1
1054 0 2 2 0 1
1071 0 0 2 0 1
1074 2 0 2 0 2
1089 2 0 2 0 2
1104 2 0 3 0 1
1119 2 0 3 0 0
1134 0 0 3 0 0
1149 0 0 2 0 0
1164 0 0 0 0 0
1179 0 0 0 0 0
1197 0 0 0 0 0
1200 0 0 0 0 0
1215 0 0 0 0 0
1230 0 0 0 0 0
1245 2 0 0 0 1
1260 2 0 0 0 1
1275 2 0 0 2 1
1290 2 0 0 2 1
1305 2 0 0 2 1
1320 2 0 2 0 1
1323 2 0 2 0 1
1338 3 0 2 0 1
1353 3 0 2 0 0
1368 3 0 2 0 0
1383 3 0 2 0 0
1398 3 0 2 0 1
1409 3 0 2 0 1
1412 3 0 2 0 1
1427 3 0 2 0 1
1442 3 0 2 0 1
1457 3 0 2 0 1
1472 3 0 2 0 1
1487 3 0 2 0 1
1502 3 0 2 0 1
1517 3 0 2 0 1
1532 0 0 2 0 1
1547 0 2 2 0 1
1562 0 2 2 0 1
1577 0 2 2 0 1
1592 2 0 2 0 1
1600 2 0 2 0 1
1603 2 0 2 0 1
1618 3 0 2 0 0
1633 0 0 3 0 0
1648 0 0 3 0 0
1663 0 0 0 0 0
1678 0 0 0 0 0
1693 0 0 0 0 0
1700 0 0 3 0 0
1703 0 0 3 0 0
1718 0 0 0 0 0
1733 2 0 3 0 1
1748 2 0 0 2 1
1763 2 0 0 2 1
1773 2 0 2 0 1
1776 2 0 2 0 1
1791 0 2 2 0 1
1806 0 3 2 0 0
1821 3 0 2 0 0
1836 3 0 2 0 1
1851 3 0 2 0 1
1866 3 0 2 0 1
1874 3 0 2 0 1
1877 3 0 2 0 1
1892 3 0 2 0 1
1907 3 0 2 0 1
1922 3 0 2 0 1
1937 3 0 2 0 0
1952 3 0 2 0 0
1967 3 0 2 0 1
1982 3 0 2 0 1
1997 3 0 2 0 1
2012 0 0 2 0 1
2027 0 2 2 0 1
2042 0 2 2 0 1
2048 2 0 2 0 1
2051 2 0 2 0 2
2066 2 0 3 0 0
2081 2 0 2 0 2
2096 2 0 0 3 0
2111 0 0 2 0 1
2126 0 0 0 0 0
2141 0 0 3 0 0
2156 0 0 3 0 0
2171 0 0 0 0 0
2186 0 0 0 0 0
2201 0 0 3 0 0
2216 2 0 0 3 0
2231 2 0 0 2 1
2248 2 0 0 3 1
2251 2 0 0 3 1
2266 0 0 2 0 0
2281 0 0 2 0 0
2296 0 0 2 0 0
2311 0 0 2 0 0
2326 0 0 2 0 0
2341 0 0 2 0 0
2356 3 0 3 0 0
2371 2 0 3 0 0
2386 2 0 0 0 0
2401 2 0 0 0 0
2416 2 0 0 0 0
2431 2 0 0 0 0
2448 2 0 0 0 0
