0 0 0 0 0 0
1 0 0 0 0 0
2 0 0 0 0 0
3 0 0 0 0 0
4 0 0 0 0 0
5 0 0 0 0 0
6 0 0 0 0 0
7 0 0 0 0 0
8 0 0 0 0 0
9 0 0 0 0 0
10 0 0 0 0 0
11 0 0 0 0 0
12 0 0 0 0 0
13 0 0 0 0 0
14 0 0 0 0 0
15 0 0 0 0 0
16 0 0 0 0 0
17 0 0 0 0 0
18 0 0 0 0 0
19 0 0 0 0 0
20 0 0 0 0 0
21 0 0 0 0 0
22 0 0 0 0 0
23 0 0 0 0 0
24 0 0 0 0 0
25 0 0 0 0 0
26 0 0 0 0 0
27 0 0 0 0 0
28 0 0 0 0 0
29 0 0 0 0 0
30 0 0 0 0 0
31 0 0 0 0 0
32 0 0 0 0 0
33 0 0 0 0 0
34 0 0 0 0 0
35 0 0 0 0 0
36 0 0 0 0 0
37 0 0 0 0 0
38 0 0 0 0 0
39 0 0 0 0 0
40 0 0 0 0 0
41 0 0 0 0 0
42 0 0 0 0 0
43 0 0 0 0 0
44 0 0 0 0 0
45 0 0 0 0 0
46 0 0 0 0 0
47 0 0 0 0 0
48 0 0 0 0 0
49 0 0 0 0 0
50 0 0 0 0 0
51 0 0 0 0 0
52 0 0 0 0 0
53 0 0 0 0 0
54 0 0 0 0 0
55 0 0 0 0 0
56 0 0 0 0 0
57 0 0 0 0 0
58 0 0 0 3 0
59 0 0 0 3 0
60 0 0 0 3 0
61 0 0 0 3 0
62 0 0 0 3 0
63 0 0 0 3 0
64 0 0 0 3 0
65 0 0 0 3 0
66 0 0 0 3 0
67 0 0 0 3 0
68 0 0 0 3 0
69 0 0 0 3 0
70 0 0 0 3 0
71 0 0 0 3 0
72 0 0 0 3 0
73 0 0 0 0 0
74 0 0 0 0 0
75 0 0 0 0 0
76 0 0 0 0 0
77 0 0 0 0 0
78 0 0 0 0 0
79 0 0 0 0 0
80 0 0 0 0 0
81 0 0 0 0 0
82 0 0 0 0 0
83 0 0 0 0 0
84 0 0 0 0 0
85 0 0 0 0 0
86 0 0 0 0 0
87 0 0 0 0 0
88 0 0 0 3 0
89 0 0 0 3 0
90 0 0 0 3 0
91 0 0 0 3 0
92 0 0 0 3 0
93 0 0 0 3 0
94 0 0 0 3 0
95 0 0 0 3 0
96 0 0 0 3 0
97 0 0 0 3 0
98 0 0 0 3 0
99 0 0 0 3 0
100 0 0 0 3 0
101 0 0 0 3 0
102 0 0 0 3 0
103 0 0 0 3 0
104 0 0 0 3 0
105 0 0 0 3 0
106 0 0 0 3 0
107 0 0 0 3 0
108 0 0 0 3 0
109 0 0 0 3 0
110 0 0 0 3 0
111 0 0 0 3 0
112 0 0 0 3 0
113 0 0 0 3 0
114 0 0 0 3 0
115 0 0 0 3 0
116 0 0 0 3 0
117 0 0 0 3 0
118 0 0 0 3 0
119 0 0 0 3 0
120 0 0 0 3 0
121 0 0 0 3 0
122 0 0 0 3 0
123 0 0 0 3 0
124 0 0 0 3 0
125 0 0 0 3 0
126 0 0 0 3 0
127 0 0 0 3 0
128 0 0 0 3 0
129 0 0 0 3 0
130 0 0 0 3 0
131 0 0 0 3 0
132 0 3 0 3 0
133 0 3 0 3 0
134 0 3 0 3 0
135 0 3 0 3 0
136 0 3 0 3 0
137 0 3 0 3 0
138 0 3 0 3 0
139 0 3 0 3 0
140 0 3 0 3 0
141 0 3 0 3 0
142 0 3 0 3 0
143 0 3 0 3 0
144 0 3 0 3 0
145 0 3 0 3 0
146 0 3 0 3 0
147 0 3 0 3 0
148 0 3 0 3 0
149 0 3 0 3 0
150 0 3 0 3 0
151 0 3 0 3 0
152 0 3 0 3 0
153 0 3 0 3 0
154 0 3 0 3 0
155 0 3 0 3 0
156 0 3 0 3 0
157 0 3 0 3 0
158 0 3 0 3 0
159 0 3 0 3 0
160 0 3 0 3 0
161 0 3 0 3 0
162 0 3 0 0 0
163 0 3 0 0 0
164 0 3 0 0 0
165 0 3 0 0 0
166 0 3 0 0 0
167 0 3 0 0 0
168 0 3 0 0 0
169 0 3 0 0 0
170 0 3 0 0 0
171 0 3 0 0 0
172 0 3 0 0 0
173 0 3 0 0 0
174 0 3 0 0 0
175 0 3 0 0 0
176 0 3 0 0 0
177 0 3 3 0 0
178 0 3 3 0 0
179 0 3 3 0 0
180 0 3 3 0 0
181 0 3 3 0 0
182 0 3 3 0 0
183 0 3 3 0 0
184 0 3 3 0 0
185 0 3 3 0 0
186 0 3 3 0 0
187 0 3 3 0 0
188 0 3 3 0 0
189 0 3 3 0 0
190 0 3 3 0 0
191 0 3 3 0 0
192 0 3 3 0 0
193 0 3 3 0 0
194 0 3 3 0 0
195 0 3 3 0 0
196 0 3 3 0 0
197 0 3 3 0 0
198 0 3 3 0 0
199 0 3 3 0 0
200 0 3 3 0 0
201 0 3 3 0 0
202 0 3 3 0 0
203 0 3 3 0 0
204 0 3 3 0 0
205 0 3 3 0 0
206 0 3 3 0 0
207 3 0 3 0 0
208 3 0 3 0 0
209 3 0 3 0 0
210 3 0 3 0 0
211 3 0 3 0 0
212 3 0 3 0 0
213 3 0 3 0 0
214 3 0 3 0 0
215 3 0 3 0 0
216 3 0 3 0 0
217 3 0 3 0 0
218 3 0 3 0 0
219 3 0 3 0 0
220 3 0 3 0 0
221 3 0 3 0 0
222 3 0 0 3 0
223 3 0 0 3 0
224 3 0 0 3 0
225 3 0 0 3 0
226 3 0 0 3 0
227 3 0 0 3 0
228 3 0 0 3 0
229 3 0 0 3 0
230 3 0 0 3 0
231 3 0 0 3 0
232 3 0 0 3 0
233 3 0 0 3 0
234 3 0 0 3 0
235 3 0 0 3 0
236 3 0 0 3 0
237 3 0 0 3 0
238 3 0 0 3 0
239 3 0 0 3 0
240 3 0 0 3 0
241 3 0 0 3 0
242 3 0 0 3 0
243 3 0 0 3 0
244 3 0 0 3 0
245 3 0 0 3 0
246 3 0 0 3 0
247 3 0 0 3 0
248 3 0 0 3 0
249 3 0 0 3 0
250 3 0 0 3 0
251 3 0 0 3 0
252 3 0 0 3 0
253 3 0 0 3 0
254 3 0 0 3 0
255 3 0 0 3 0
256 3 0 0 3 0
257 3 0 0 3 0
258 3 0 0 3 0
259 3 0 0 3 0
260 3 0 0 3 0
261 3 0 0 3 0
262 3 0 0 3 0
263 3 0 0 3 0
264 3 0 0 3 0
265 3 0 0 3 0
266 3 0 0 3 0
267 3 0 0 0 0
268 3 0 0 0 0
269 3 0 0 0 0
270 3 0 0 0 0
271 3 0 0 0 0
272 3 0 0 0 0
273 3 0 0 0 0
274 3 0 0 0 0
275 3 0 0 0 0
276 3 0 0 0 0
277 3 0 0 0 0
278 3 0 0 0 0
279 3 0 0 0 0
280 3 0 0 0 0
281 3 0 0 0 0
282 3 0 0 0 0
283 3 0 0 0 0
284 3 0 0 0 0
285 3 0 0 0 0
286 3 0 0 0 0
287 3 0 0 0 0
288 3 0 0 0 0
289 3 0 0 0 0
290 3 0 0 0 0
291 3 0 0 0 0
292 3 0 0 0 0
293 3 0 0 0 0
294 3 0 0 0 0
295 3 0 0 0 0
296 3 0 0 0 0
297 3 0 0 0 0
298 3 0 0 0 0
299 3 0 0 0 0
300 3 0 0 0 0
301 3 0 0 0 0
302 3 0 0 0 0
303 3 0 0 0 0
304 3 0 3 0 0
305 3 0 3 0 0
306 3 0 3 0 0
307 3 0 3 0 0
308 3 0 3 0 0
309 3 0 3 0 0
310 3 0 3 0 0
311 3 0 3 0 0
312 3 0 3 0 0
313 3 0 3 0 0
314 3 0 3 0 0
315 3 0 3 0 0
316 3 0 3 0 0
317 3 0 3 0 0
318 3 0 3 0 0
319 3 0 3 0 1
320 3 0 3 0 1
321 3 0 3 0 1
322 3 0 3 0 1
323 3 0 3 0 1
324 3 0 3 0 1
325 3 0 3 0 1
326 3 0 3 0 1
327 3 0 3 0 1
328 3 0 3 0 1
329 3 0 3 0 1
330 3 0 3 0 1
331 3 0 3 0 1
332 3 0 3 0 1
333 3 0 3 0 1
334 3 0 0 0 1
335 3 0 0 0 1
336 3 0 0 0 1
337 3 0 0 0 1
338 3 0 0 0 1
339 3 0 0 0 1
340 3 0 0 0 1
341 3 0 0 0 1
342 3 0 0 0 1
343 3 0 0 0 1
344 3 0 0 0 1
345 3 0 0 0 1
346 3 0 0 0 1
347 3 0 0 0 1
348 3 0 0 0 1
349 3 0 3 0 1
350 3 0 3 0 1
351 3 0 3 0 1
352 3 0 3 0 1
353 3 0 3 0 1
354 3 0 3 0 1
355 3 0 3 0 1
356 3 0 3 0 1
357 3 0 3 0 1
358 3 0 3 0 1
359 3 0 3 0 1
360 3 0 3 0 1
361 3 0 3 0 1
362 3 0 3 0 1
363 3 0 3 0 1
364 3 0 3 0 1
365 3 0 3 0 1
366 3 0 3 0 1
367 3 0 3 0 1
368 3 0 3 0 1
369 3 0 3 0 1
370 3 0 3 0 1
371 3 0 3 0 1
372 3 0 3 0 1
373 3 0 0 3 1
374 3 0 0 3 1
375 3 0 0 3 1
376 3 0 0 3 1
377 3 0 0 3 1
378 3 0 0 3 1
379 3 0 0 3 1
380 3 0 0 3 1
381 3 0 0 3 1
382 3 0 0 3 1
383 3 0 0 3 1
384 3 0 0 3 1
385 3 0 0 3 1
386 3 0 0 3 1
387 3 0 0 3 1
388 3 0 0 3 1
389 3 0 0 3 1
390 3 0 0 3 1
391 3 0 0 3 1
392 3 0 0 3 1
393 3 0 0 3 1
394 3 0 0 3 1
395 3 0 0 3 1
396 3 0 0 3 1
397 3 0 0 3 1
398 3 0 0 3 1
399 3 0 0 3 1
400 3 0 0 3 1
401 3 0 0 3 1
402 3 0 0 3 1
403 3 0 0 3 1
404 3 0 0 3 1
405 3 0 0 3 1
406 3 0 0 3 1
407 3 0 0 3 1
408 3 0 0 3 1
409 3 0 0 3 1
410 3 0 0 3 1
411 3 0 0 3 1
412 3 0 0 3 1
413 3 0 0 3 1
414 3 0 0 3 1
415 3 0 0 3 1
416 3 0 0 3 1
417 3 0 0 3 1
418 3 0 0 0 1
419 3 0 0 0 1
420 3 0 0 0 1
421 3 0 0 0 1
422 3 0 0 0 1
423 3 0 0 0 1
424 3 0 0 0 1
425 3 0 0 0 1
426 3 0 0 0 1
427 3 0 0 0 1
428 3 0 0 0 1
429 3 0 0 0 1
430 3 0 0 0 1
431 3 0 0 0 1
432 3 0 0 0 1
433 3 0 3 0 1
434 3 0 3 0 1
435 3 0 3 0 1
436 3 0 3 0 1
437 3 0 3 0 1
438 3 0 3 0 1
439 3 0 3 0 1
440 3 0 3 0 1
441 3 0 3 0 1
442 3 0 3 0 1
443 3 0 3 0 1
444 3 0 3 0 1
445 3 0 3 0 1
446 3 0 3 0 1
447 3 0 3 0 1
448 3 0 3 0 1
449 3 0 3 0 1
450 3 0 3 0 1
451 3 0 3 0 1
452 3 0 3 0 1
453 3 0 3 0 1
454 3 0 3 0 1
455 3 0 3 0 1
456 3 0 3 0 1
457 3 0 0 0 1
458 3 0 0 0 1
459 3 0 0 0 1
460 3 0 0 0 1
461 3 0 0 0 1
462 3 0 0 0 1
463 3 0 0 0 1
464 3 0 0 0 1
465 3 0 0 0 1
466 3 0 0 0 1
467 3 0 0 0 1
468 3 0 0 0 1
469 3 0 0 0 1
470 3 0 0 0 1
471 3 0 0 0 1
472 3 0 3 0 2
473 3 0 3 0 2
474 3 0 3 0 2
475 3 0 3 0 2
476 3 0 3 0 2
477 3 0 3 0 2
478 3 0 3 0 2
479 3 0 3 0 2
480 3 0 3 0 2
481 3 0 3 0 2
482 3 0 3 0 2
483 3 0 3 0 2
484 3 0 3 0 2
485 3 0 3 0 2
486 3 0 3 0 2
487 3 0 3 0 2
488 3 0 3 0 2
489 3 0 3 0 2
490 3 0 3 0 2
491 3 0 3 0 2
492 3 0 3 0 2
493 3 0 3 0 2
494 3 0 3 0 2
495 3 0 3 0 2
496 3 0 3 0 2
497 3 0 3 0 2
498 3 0 3 0 2
499 3 0 3 0 2
500 3 0 3 0 2
501 3 0 3 0 2
502 3 0 3 0 3
503 3 0 3 0 3
504 3 0 3 0 3
505 3 0 3 0 3
506 3 0 3 0 3
507 3 0 3 0 3
508 3 0 3 0 3
509 3 0 3 0 3
510 3 0 3 0 3
511 3 0 3 0 3
512 3 0 3 0 3
513 3 0 3 0 3
514 3 0 3 0 3
515 3 0 3 0 3
516 3 0 3 0 3
517 0 0 3 0 3
518 0 0 3 0 3
519 0 0 3 0 3
520 0 0 3 0 3
521 0 0 3 0 3
522 0 0 3 0 3
523 0 0 3 0 3
524 0 0 3 0 3
525 0 0 3 0 3
526 0 0 3 0 3
527 0 0 3 0 3
528 0 0 3 0 3
529 0 0 3 0 3
530 0 0 3 0 3
531 0 0 3 0 3
532 0 0 3 0 3
533 0 0 3 0 3
534 0 0 3 0 3
535 0 0 3 0 3
536 0 0 3 0 3
537 0 0 3 0 3
538 0 0 3 0 3
539 0 0 3 0 3
540 0 0 3 0 3
541 0 0 3 0 3
542 0 0 3 0 3
543 0 0 3 0 3
544 0 0 3 0 3
545 0 0 3 0 3
546 0 0 3 0 3
547 0 0 3 0 3
548 0 0 3 0 3
549 0 0 3 0 3
550 0 0 3 0 3
551 0 0 3 0 3
552 0 0 3 0 3
553 0 0 3 0 3
554 0 0 3 0 3
555 0 0 3 0 3
556 0 0 3 0 3
557 0 0 3 0 3
558 0 0 3 0 3
559 0 0 3 0 3
560 0 0 3 0 3
561 0 0 3 0 3
562 0 0 3 0 3
563 0 0 3 0 3
564 0 0 3 0 3
565 0 0 3 0 3
566 0 0 3 0 3
567 0 0 3 0 3
568 0 0 3 0 3
569 0 0 3 0 3
570 0 0 3 0 3
571 0 0 3 0 3
572 0 0 3 0 3
573 0 0 3 0 3
574 0 0 3 0 3
575 0 0 3 0 3
576 0 0 3 0 3
577 0 0 0 0 3
578 0 0 0 0 3
579 0 0 0 0 3
580 0 0 0 0 3
581 0 0 0 0 3
582 0 0 0 0 3
583 0 0 0 0 3
584 0 0 0 0 3
585 0 0 0 0 3
586 0 0 0 0 3
587 0 0 0 0 3
588 0 0 0 0 3
589 0 0 0 0 3
590 0 0 0 0 3
591 0 0 0 0 3
592 0 0 0 3 0
593 0 0 0 3 0
594 0 0 0 3 0
595 0 0 0 3 0
596 0 0 0 3 0
597 0 0 0 3 0
598 0 0 0 3 0
599 0 0 0 3 0
600 0 0 0 0 0
601 0 0 0 0 0
602 0 0 0 0 0
603 0 0 0 0 0
604 0 0 0 0 0
605 0 0 0 0 0
606 0 0 0 0 0
607 0 0 0 0 0
608 0 0 0 0 0
609 0 0 0 0 0
610 0 0 0 0 0
611 0 0 0 0 0
612 0 0 0 0 0
613 0 0 0 0 0
614 0 0 0 0 0
615 0 0 0 0 0
616 0 0 0 0 0
617 0 0 0 0 0
618 0 0 0 0 0
619 0 0 0 0 0
620 0 0 0 0 0
621 0 0 0 0 0
622 0 0 0 0 0
623 0 0 0 0 0
624 0 0 0 0 0
625 0 0 0 0 0
626 0 0 0 0 0
627 0 0 0 0 0
628 0 0 0 0 0
629 0 0 0 0 0
630 0 0 0 0 0
631 0 0 0 0 0
632 0 0 0 0 0
633 0 0 0 3 0
634 0 0 0 3 0
635 0 0 0 3 0
636 0 0 0 3 0
637 0 0 0 3 0
638 0 0 0 3 0
639 0 0 0 3 0
640 0 0 0 3 0
641 0 0 0 3 0
642 0 0 0 3 0
643 0 0 0 3 0
644 0 0 0 3 0
645 0 0 0 3 0
646 0 0 0 3 0
647 0 0 0 3 0
648 0 0 0 3 0
649 0 0 0 3 0
650 0 0 0 3 0
651 0 0 0 3 0
652 0 0 0 3 0
653 0 0 0 3 0
654 0 0 0 3 0
655 0 0 0 3 0
656 0 0 0 3 0
657 0 0 0 3 0
658 0 0 0 3 0
659 0 0 0 3 0
660 0 0 0 3 0
661 0 0 0 3 0
662 0 0 0 3 0
663 0 0 3 0 0
664 0 0 3 0 0
665 0 0 3 0 0
666 0 0 3 0 0
667 0 0 3 0 0
668 0 0 3 0 0
669 0 0 3 0 0
670 0 0 3 0 0
671 0 0 3 0 0
672 0 0 3 0 0
673 0 0 3 0 0
674 0 0 3 0 0
675 0 0 3 0 0
676 0 0 3 0 0
677 0 0 3 0 0
678 0 0 3 0 0
679 0 0 3 0 0
680 0 0 3 0 0
681 0 0 3 0 0
682 0 0 3 0 0
683 0 0 3 0 0
684 0 0 3 0 0
685 0 0 3 0 0
686 0 0 3 0 0
687 0 0 3 0 0
688 0 0 3 0 0
689 0 0 3 0 0
690 0 0 3 0 0
691 0 0 3 0 0
692 0 0 3 0 0
693 0 0 3 0 0
694 0 0 3 0 0
695 0 0 3 0 0
696 0 0 3 0 0
697 0 0 3 0 0
698 0 0 3 0 0
699 0 0 3 0 0
700 0 0 3 0 0
701 0 0 3 0 0
702 0 0 3 0 0
703 0 0 3 0 0
704 0 3 3 0 0
705 0 3 3 0 0
706 0 3 3 0 0
707 0 3 3 0 0
708 0 3 3 0 0
709 0 3 3 0 0
710 0 3 3 0 0
711 0 3 3 0 0
712 0 3 3 0 0
713 0 3 3 0 0
714 0 3 3 0 0
715 0 3 3 0 0
716 0 3 3 0 0
717 0 3 3 0 0
718 0 3 3 0 0
719 0 3 3 0 0
720 0 3 3 0 0
721 0 3 3 0 0
722 0 3 3 0 0
723 0 3 3 0 0
724 0 3 3 0 0
725 0 3 3 0 0
726 0 3 3 0 0
727 0 3 3 0 0
728 0 3 3 0 0
729 0 3 3 0 0
730 0 3 3 0 0
731 0 3 3 0 0
732 0 3 3 0 0
733 0 3 3 0 0
734 0 3 3 0 0
735 0 3 3 0 0
736 0 3 3 0 0
737 0 3 3 0 0
738 0 3 3 0 0
739 0 3 3 0 0
740 0 3 3 0 0
741 0 3 3 0 0
742 0 3 3 0 0
743 0 3 3 0 0
744 0 3 3 0 0
745 0 3 3 0 0
746 0 3 3 0 0
747 0 3 3 0 0
748 0 3 3 0 0
749 0 3 0 3 0
750 0 3 0 3 0
751 0 3 0 3 0
752 0 3 0 3 0
753 0 3 0 3 0
754 0 3 0 3 0
755 0 3 0 3 0
756 0 3 0 3 0
757 0 3 0 3 0
758 0 3 0 3 0
759 0 3 0 3 0
760 0 3 0 3 0
761 0 3 0 3 0
762 0 3 0 3 0
763 0 3 0 3 0
764 3 0 0 3 0
765 3 0 0 3 0
766 3 0 0 3 0
767 3 0 0 3 0
768 3 0 0 3 0
769 3 0 0 3 0
770 3 0 0 3 0
771 3 0 0 3 0
772 3 0 0 3 0
773 3 0 0 3 0
774 3 0 0 3 0
775 3 0 0 3 0
776 3 0 0 3 0
777 3 0 0 0 0
778 3 0 0 0 0
779 3 0 0 0 0
780 3 0 0 0 0
781 3 0 0 0 0
782 3 0 0 0 0
783 3 0 0 0 0
784 3 0 0 0 0
785 3 0 0 0 0
786 3 0 0 0 0
787 3 0 0 0 0
788 3 0 0 0 0
789 3 0 0 0 0
790 3 0 0 0 0
791 3 0 0 0 0
792 3 0 0 0 0
793 3 0 0 0 0
794 3 0 0 0 0
795 3 0 3 0 1
796 3 0 3 0 1
797 3 0 3 0 1
798 3 0 3 0 1
799 3 0 3 0 1
800 3 0 3 0 1
801 3 0 3 0 1
802 3 0 3 0 1
803 3 0 3 0 1
804 3 0 3 0 1
805 3 0 3 0 1
806 3 0 3 0 1
807 3 0 3 0 1
808 3 0 3 0 1
809 3 0 3 0 1
810 3 0 3 0 1
811 3 0 3 0 1
812 3 0 3 0 1
813 3 0 3 0 1
814 3 0 3 0 1
815 3 0 3 0 1
816 3 0 3 0 1
817 3 0 3 0 1
818 3 0 3 0 1
819 3 0 3 0 1
820 3 0 3 0 1
821 3 0 3 0 1
822 3 0 3 0 1
823 3 0 3 0 1
824 3 0 3 0 1
825 3 0 0 0 1
826 3 0 0 0 1
827 3 0 0 0 1
828 3 0 0 0 1
829 3 0 0 0 1
830 3 0 0 0 1
831 3 0 0 0 1
832 3 0 0 0 1
833 3 0 0 0 1
834 3 0 0 0 1
835 3 0 0 0 1
836 3 0 0 0 1
837 3 0 0 0 1
838 3 0 0 0 1
839 3 0 3 0 1
840 3 0 3 0 1
841 3 0 3 0 1
842 3 0 3 0 1
843 3 0 3 0 1
844 3 0 3 0 1
845 3 0 3 0 1
846 3 0 3 0 1
847 3 0 3 0 1
848 3 0 3 0 1
849 3 0 3 0 1
850 3 0 3 0 1
851 3 0 3 0 1
852 3 0 3 0 1
853 3 0 3 0 1
854 3 0 3 0 1
855 3 0 3 0 1
856 3 0 3 0 1
857 3 0 3 0 1
858 3 0 3 0 1
859 3 0 3 0 1
860 3 0 3 0 1
861 3 0 3 0 1
862 3 0 3 0 1
863 3 0 3 0 1
864 3 0 3 0 1
865 3 0 3 0 1
866 3 0 3 0 1
867 3 0 3 0 1
868 3 0 3 0 1
869 3 0 0 3 1
870 3 0 0 3 1
871 3 0 0 3 1
872 3 0 0 3 1
873 3 0 0 3 1
874 3 0 0 3 1
875 3 0 0 3 1
876 3 0 0 3 1
877 3 0 0 3 1
878 3 0 0 3 1
879 3 0 0 3 1
880 3 0 0 3 1
881 3 0 0 3 1
882 3 0 0 3 1
883 3 0 0 3 1
884 3 0 3 0 1
885 3 0 3 0 1
886 3 0 3 0 1
887 3 0 3 0 1
888 3 0 3 0 1
889 3 0 3 0 1
890 3 0 3 0 1
891 3 0 3 0 1
892 3 0 3 0 1
893 3 0 3 0 1
894 3 0 3 0 1
895 3 0 3 0 1
896 3 0 3 0 1
897 3 0 3 0 1
898 3 0 3 0 1
899 3 0 3 0 1
900 3 0 3 0 1
901 3 0 3 0 1
902 3 0 3 0 1
903 3 0 3 0 1
904 3 0 3 0 1
905 3 0 3 0 1
906 3 0 3 0 1
907 3 0 3 0 1
908 3 0 3 0 1
909 3 0 3 0 1
910 3 0 3 0 1
911 3 0 3 0 1
912 3 0 3 0 1
913 3 0 3 0 1
914 3 0 3 0 1
915 3 0 3 0 1
916 3 0 3 0 1
917 3 0 3 0 1
918 3 0 3 0 1
919 3 0 3 0 1
920 3 0 3 0 1
921 3 0 3 0 1
922 3 0 3 0 1
923 3 0 3 0 1
924 3 0 3 0 1
925 3 0 3 0 1
926 3 0 3 0 1
927 3 0 3 0 1
928 3 0 3 0 1
929 3 0 3 0 1
930 3 0 3 0 1
931 3 0 3 0 1
932 3 0 3 0 1
933 3 0 3 0 1
934 3 0 3 0 1
935 3 0 3 0 1
936 3 0 3 0 1
937 3 0 3 0 1
938 3 0 3 0 1
939 3 0 3 0 1
940 3 0 3 0 1
941 3 0 3 0 1
942 3 0 3 0 1
943 3 0 3 0 1
944 3 0 3 0 1
945 3 0 3 0 1
946 3 0 3 0 1
947 3 0 3 0 1
948 3 0 3 0 1
949 3 0 3 0 1
950 3 0 3 0 1
951 3 0 3 0 1
952 3 0 3 0 1
953 3 0 3 0 1
954 3 0 3 0 1
955 3 0 3 0 1
956 3 0 3 0 1
957 3 0 3 0 2
958 3 0 3 0 2
959 3 0 3 0 2
960 3 0 3 0 2
961 3 0 3 0 2
962 3 0 3 0 2
963 3 0 3 0 2
964 3 0 3 0 2
965 3 0 3 0 2
966 3 0 3 0 2
967 3 0 3 0 2
968 3 0 3 0 2
969 3 0 3 0 2
970 3 0 3 0 2
971 3 0 3 0 2
972 0 0 3 0 2
973 0 0 3 0 2
974 0 0 3 0 2
975 0 0 3 0 2
976 0 0 3 0 2
977 0 0 3 0 2
978 0 0 3 0 2
979 0 0 3 0 2
980 0 0 3 0 2
981 0 0 3 0 2
982 0 0 3 0 2
983 0 0 3 0 2
984 0 0 3 0 2
985 0 0 3 0 2
986 0 0 3 0 2
987 0 0 3 0 3
988 0 0 3 0 3
989 0 0 3 0 3
990 0 0 3 0 3
991 0 0 3 0 3
992 0 0 3 0 3
993 0 0 3 0 3
994 0 0 3 0 3
995 0 0 3 0 3
996 0 0 3 0 3
997 0 0 3 0 3
998 0 0 3 0 3
999 0 0 3 0 3
1000 0 0 3 0 3
1001 0 0 3 0 3
1002 3 0 3 0 3
1003 3 0 3 0 3
1004 3 0 3 0 3
1005 3 0 3 0 3
1006 3 0 3 0 3
1007 3 0 3 0 3
1008 3 0 3 0 3
1009 3 0 3 0 3
1010 3 0 3 0 3
1011 3 0 3 0 3
1012 3 0 3 0 3
1013 3 0 3 0 3
1014 3 0 3 0 3
1015 3 0 3 0 3
1016 3 0 3 0 3
1017 0 0 0 0 3
1018 0 0 0 0 3
1019 0 0 0 0 3
1020 0 0 0 0 3
1021 0 0 0 0 3
1022 0 0 0 0 3
1023 0 0 0 0 3
1024 0 0 0 0 3
1025 0 0 0 0 3
1026 0 0 0 0 3
1027 0 0 0 0 3
1028 0 0 0 0 3
1029 0 0 0 0 3
1030 0 0 0 0 3
1031 0 0 0 0 3
1032 0 0 3 0 3
1033 0 0 3 0 3
1034 0 0 3 0 3
1035 0 0 3 0 3
1036 0 0 3 0 3
1037 0 0 3 0 3
1038 0 0 3 0 3
1039 0 0 3 0 3
1040 0 0 3 0 3
1041 0 0 3 0 3
1042 0 0 3 0 3
1043 0 0 3 0 3
1044 0 0 3 0 3
1045 0 0 3 0 3
1046 0 0 3 0 3
1047 0 0 3 0 3
1048 0 0 3 0 3
1049 0 0 3 0 3
1050 0 0 3 0 3
1051 0 0 3 0 3
1052 0 0 3 0 3
1053 0 0 3 0 3
1054 0 0 3 0 3
1055 0 0 3 0 3
1056 0 0 3 0 3
1057 0 0 3 0 3
1058 0 0 3 0 3
1059 0 0 3 0 3
1060 0 0 3 0 3
1061 0 0 3 0 3
1062 3 0 3 0 3
1063 3 0 3 0 3
1064 3 0 3 0 3
1065 3 0 3 0 3
1066 3 0 3 0 3
1067 3 0 3 0 3
1068 3 0 3 0 3
1069 3 0 3 0 3
1070 3 0 3 0 3
1071 3 0 3 0 3
1072 3 0 3 0 3
1073 3 0 3 0 3
1074 3 0 3 0 3
1075 3 0 3 0 3
1076 3 0 3 0 3
1077 3 0 3 0 3
1078 3 0 3 0 3
1079 3 0 3 0 3
1080 3 0 3 0 3
1081 3 0 3 0 3
1082 3 0 3 0 3
1083 3 0 0 3 0
1084 3 0 0 3 0
1085 3 0 0 3 0
1086 3 0 0 0 0
1087 3 0 0 0 0
1088 3 0 0 0 0
1089 3 0 0 0 0
1090 3 0 0 0 0
1091 3 0 0 0 0
1092 3 0 0 0 0
1093 3 0 0 0 0
1094 3 0 0 0 0
1095 3 0 0 0 0
1096 3 0 0 0 0
1097 3 0 0 0 0
1098 3 0 0 0 0
1099 3 0 0 0 0
1100 3 0 0 0 0
1101 0 0 0 0 0
1102 0 0 0 0 0
1103 0 0 0 0 0
1104 0 0 0 0 0
1105 0 0 0 0 0
1106 0 0 0 0 0
1107 0 0 0 0 0
1108 0 0 0 0 0
1109 0 0 0 0 0
1110 0 0 0 0 0
1111 0 0 0 0 0
1112 0 0 0 0 0
1113 0 0 0 0 0
1114 0 0 0 0 0
1115 0 0 0 0 0
1116 0 0 0 0 0
1117 0 0 0 0 0
1118 0 0 0 0 0
1119 0 0 0 0 0
1120 0 0 0 0 0
1121 0 0 0 0 0
1122 0 0 0 0 0
1123 0 0 0 0 0
1124 0 0 0 0 0
1125 0 0 0 0 0
1126 0 0 0 0 0
1127 0 0 0 0 0
1128 0 0 0 0 0
1129 0 0 0 0 0
1130 0 0 0 0 0
1131 0 0 0 0 0
1132 0 0 0 0 0
1133 0 0 0 0 0
1134 0 0 0 0 0
1135 0 0 0 0 0
1136 0 0 0 0 0
1137 0 0 0 0 0
1138 0 0 0 0 0
1139 0 0 0 0 0
1140 0 0 0 0 0
1141 0 0 0 0 0
1142 0 0 0 0 0
1143 0 0 0 0 0
1144 0 0 0 0 0
1145 0 0 0 0 0
1146 0 0 0 0 0
1147 0 0 0 0 0
1148 0 0 0 0 0
1149 0 0 0 0 0
1150 0 0 0 0 0
1151 0 0 0 0 0
1152 0 0 0 0 0
1153 0 0 0 0 0
1154 0 0 0 0 0
1155 0 0 0 0 0
1156 0 0 0 0 0
1157 0 0 0 0 0
1158 0 0 0 0 0
1159 0 0 0 0 0
1160 0 0 0 0 0
1161 0 0 0 0 0
1162 0 0 0 0 0
1163 0 0 0 0 0
1164 0 0 0 0 0
1165 0 0 0 0 0
1166 0 0 0 0 0
1167 0 0 0 0 0
1168 0 0 0 0 0
