0 0 0 0 0 0
1 0 0 0 0 0
2 0 0 0 0 0
3 0 0 0 0 0
4 0 0 0 0 0
5 0 0 0 0 0
6 0 0 0 0 0
7 0 0 0 0 0
8 0 0 0 0 0
9 0 0 0 0 0
10 0 0 0 0 0
11 0 0 0 0 0
12 0 0 0 0 0
13 0 0 0 0 0
14 0 0 0 0 0
15 0 0 0 0 0
16 0 0 0 0 0
17 0 0 0 0 0
18 0 0 0 0 0
19 0 0 0 0 0
20 0 0 0 0 0
21 0 0 0 0 0
22 0 0 0 0 0
23 0 0 0 0 0
24 0 0 0 0 0
25 0 0 0 0 0
26 0 0 0 0 0
27 0 0 0 0 0
28 0 0 0 0 0
29 0 0 0 0 0
30 0 0 0 0 0
31 0 0 0 0 0
32 0 0 0 0 0
33 0 0 0 0 0
34 0 0 0 0 0
35 0 0 0 0 0
36 0 0 0 0 0
37 0 0 0 0 0
38 0 0 0 0 0
39 0 0 0 0 0
40 0 0 0 0 0
41 0 0 0 0 0
42 0 0 0 0 0
43 0 0 3 0 0
44 0 0 3 0 0
45 0 0 3 0 0
46 0 0 3 0 0
47 0 0 3 0 0
48 0 0 3 0 0
49 0 0 3 0 0
50 0 0 3 0 0
51 0 0 3 0 0
52 0 0 3 0 0
53 0 0 3 0 0
54 0 0 3 0 0
55 0 0 3 0 0
56 0 0 3 0 0
57 0 0 3 0 0
58 0 0 0 0 0
59 0 0 0 0 0
60 0 0 0 0 0
61 0 0 0 0 0
62 0 0 0 0 0
63 0 0 0 0 0
64 0 0 0 0 0
65 0 0 0 0 0
66 0 0 0 0 0
67 0 0 0 0 0
68 0 0 0 0 0
69 0 0 0 0 0
70 0 0 0 0 0
71 0 0 0 0 0
72 0 0 0 0 0
73 0 0 0 0 0
74 0 0 0 0 0
75 0 0 0 0 0
76 0 0 0 0 0
77 0 0 0 0 0
78 0 0 0 0 0
79 0 0 0 0 0
80 0 0 0 0 0
81 0 0 0 0 0
82 0 0 0 0 0
83 0 0 0 0 0
84 0 0 0 0 0
85 0 0 0 0 0
86 0 0 0 0 0
87 0 0 0 0 0
88 0 0 0 0 0
89 0 0 0 0 0
90 0 0 0 0 0
91 0 0 0 0 0
92 0 0 0 0 0
93 0 0 0 0 0
94 0 0 0 0 0
95 0 0 0 0 0
96 0 0 0 0 0
97 0 0 0 0 0
98 0 3 0 3 0
99 0 3 0 3 0
100 0 3 0 3 0
101 0 3 0 3 0
102 0 3 0 3 0
103 0 3 0 3 0
104 0 3 0 3 0
105 0 3 0 3 0
106 0 3 0 3 0
107 0 3 0 3 0
108 0 3 0 3 0
109 0 3 0 3 0
110 0 3 0 3 0
111 0 3 0 3 0
112 0 3 0 3 0
113 0 0 3 0 0
114 0 0 3 0 0
115 0 0 3 0 0
116 0 0 3 0 0
117 0 0 3 0 0
118 0 0 3 0 0
119 0 0 3 0 0
120 0 0 3 0 0
121 0 0 3 0 0
122 0 0 3 0 0
123 0 0 3 0 0
124 0 0 3 0 0
125 0 0 3 0 0
126 0 0 3 0 0
127 0 0 3 0 0
128 0 3 3 0 0
129 0 3 3 0 0
130 0 3 3 0 0
131 0 3 3 0 0
132 0 3 3 0 0
133 0 3 3 0 0
134 0 3 3 0 0
135 0 3 3 0 0
136 0 3 3 0 0
137 0 3 3 0 0
138 0 3 3 0 0
139 0 3 3 0 0
140 0 3 3 0 0
141 0 3 3 0 0
142 0 3 3 0 0
143 0 3 3 0 0
144 0 3 3 0 0
145 0 3 3 0 0
146 0 3 3 0 0
147 0 3 3 0 0
148 0 3 3 0 0
149 0 3 3 0 0
150 0 3 3 0 0
151 0 3 3 0 0
152 0 3 3 0 0
153 0 3 3 0 0
154 0 3 3 0 0
155 0 3 3 0 0
156 0 3 3 0 0
157 0 3 3 0 0
158 3 0 3 0 1
159 3 0 3 0 1
160 3 0 3 0 1
161 3 0 3 0 1
162 3 0 3 0 1
163 3 0 3 0 1
164 3 0 3 0 1
165 3 0 3 0 1
166 3 0 3 0 1
167 3 0 3 0 1
168 3 0 3 0 1
169 3 0 3 0 1
170 3 0 3 0 1
171 3 0 3 0 1
172 3 0 3 0 1
173 3 0 0 3 1
174 3 0 0 3 1
175 3 0 0 3 1
176 3 0 0 3 1
177 3 0 0 3 1
178 3 0 0 3 1
179 3 0 0 3 1
180 3 0 0 3 1
181 3 0 0 0 1
182 3 0 0 0 1
183 3 0 0 0 1
184 3 0 0 0 1
185 3 0 0 0 1
186 3 0 0 0 1
187 3 0 0 0 1
188 3 0 0 0 1
189 3 0 0 0 1
190 3 0 0 0 1
191 3 0 0 0 1
192 3 0 0 0 1
193 3 0 0 0 1
194 3 0 0 0 1
195 3 0 0 0 1
196 3 0 3 0 1
197 3 0 3 0 1
198 3 0 3 0 1
199 3 0 3 0 1
200 3 0 3 0 1
201 3 0 3 0 1
202 3 0 3 0 1
203 3 0 3 0 1
204 3 0 3 0 1
205 3 0 3 0 1
206 3 0 3 0 1
207 3 0 3 0 1
208 3 0 3 0 1
209 3 0 3 0 1
210 3 0 3 0 1
211 3 0 3 0 1
212 3 0 3 0 1
213 3 0 3 0 1
214 3 0 3 0 1
215 3 0 3 0 1
216 3 0 3 0 1
217 3 0 3 0 1
218 3 0 3 0 1
219 3 0 3 0 1
220 3 0 3 0 1
221 3 0 3 0 1
222 3 0 3 0 1
223 3 0 3 0 1
224 3 0 3 0 1
225 3 0 3 0 1
226 3 0 3 0 1
227 3 0 0 3 1
228 3 0 0 3 1
229 3 0 0 3 1
230 3 0 0 3 1
231 3 0 0 3 1
232 3 0 0 3 1
233 3 0 0 3 1
234 3 0 0 3 1
235 3 0 0 3 1
236 3 0 0 3 1
237 3 0 0 3 1
238 3 0 0 3 1
239 3 0 0 3 1
240 3 0 0 3 1
241 3 0 0 3 1
242 3 0 0 3 1
243 3 0 0 3 1
244 3 0 0 3 1
245 3 0 0 3 1
246 3 0 0 3 1
247 3 0 0 3 1
248 3 0 0 3 1
249 3 0 0 3 1
250 3 0 0 3 1
251 3 0 0 3 1
252 3 0 0 3 1
253 3 0 0 3 1
254 3 0 0 3 1
255 3 0 0 3 1
256 3 0 0 3 1
257 3 0 3 0 1
258 3 0 3 0 1
259 3 0 3 0 1
260 3 0 0 0 1
261 3 0 0 0 1
262 3 0 0 0 1
263 3 0 0 0 1
264 3 0 0 0 1
265 3 0 0 0 1
266 3 0 0 0 1
267 3 0 0 0 1
268 3 0 0 0 1
269 3 0 0 0 1
270 3 0 0 0 1
271 3 0 0 0 1
272 3 0 0 0 1
273 3 0 0 0 1
274 3 0 0 0 1
275 3 0 3 0 1
276 3 0 3 0 1
277 3 0 3 0 1
278 3 0 3 0 1
279 3 0 3 0 1
280 3 0 3 0 1
281 3 0 3 0 1
282 3 0 3 0 1
283 3 0 3 0 1
284 3 0 3 0 1
285 3 0 3 0 1
286 3 0 3 0 1
287 3 0 3 0 1
288 3 0 3 0 1
289 3 0 3 0 1
290 3 0 3 0 2
291 3 0 3 0 2
292 3 0 3 0 2
293 3 0 3 0 2
294 3 0 3 0 2
295 3 0 3 0 2
296 3 0 3 0 2
297 3 0 3 0 2
298 3 0 3 0 2
299 3 0 3 0 2
300 3 0 3 0 2
301 3 0 3 0 2
302 3 0 3 0 2
303 3 0 3 0 2
304 3 0 3 0 2
305 0 0 3 0 3
306 0 0 3 0 3
307 0 0 3 0 3
308 0 0 3 0 3
309 0 0 3 0 3
310 0 0 3 0 3
311 0 0 3 0 3
312 0 0 3 0 3
313 0 0 3 0 3
314 0 0 3 0 3
315 0 0 3 0 3
316 0 0 3 0 3
317 0 0 3 0 3
318 0 0 3 0 3
319 0 0 3 0 3
320 0 0 3 0 3
321 0 0 3 0 3
322 0 0 3 0 3
323 0 0 3 0 3
324 0 0 3 0 3
325 0 0 3 0 3
326 0 0 3 0 3
327 0 0 3 0 3
328 0 0 3 0 3
329 0 0 3 0 3
330 0 0 3 0 3
331 0 0 3 0 3
332 0 0 3 0 3
333 0 0 3 0 3
334 0 0 3 0 3
335 0 0 3 0 3
336 0 0 3 0 3
337 0 0 3 0 3
338 0 0 3 0 3
339 0 0 3 0 3
340 0 0 3 0 3
341 0 0 3 0 3
342 0 0 3 0 3
343 0 0 3 0 3
344 0 0 3 0 3
345 0 0 3 0 3
346 0 0 3 0 3
347 0 0 3 0 3
348 0 0 3 0 3
349 0 0 3 0 3
350 0 0 3 0 3
351 0 0 3 0 3
352 0 0 3 0 3
353 0 0 3 0 3
354 0 0 3 0 3
355 0 0 3 0 3
356 0 0 3 0 3
357 0 0 3 0 3
358 0 0 3 0 3
359 0 0 3 0 3
360 0 0 3 0 3
361 0 0 3 0 3
362 0 0 3 0 3
363 0 0 3 0 3
364 0 0 3 0 3
365 0 0 3 0 3
366 0 0 3 0 3
367 0 0 3 0 3
368 0 0 3 0 3
369 0 0 3 0 3
370 0 0 3 0 3
371 0 0 3 0 3
372 0 0 3 0 3
373 0 0 3 0 3
374 0 0 3 0 3
375 0 0 3 0 3
376 0 0 3 0 3
377 0 0 3 0 3
378 0 0 3 0 3
379 0 0 3 0 3
380 0 0 3 0 3
381 0 0 3 0 3
382 0 0 0 3 0
383 0 0 0 3 0
384 0 0 0 3 0
385 0 0 0 3 0
386 0 0 0 3 0
387 0 0 0 3 0
388 0 0 0 3 0
389 0 0 0 3 0
390 0 0 0 3 0
391 0 0 0 3 0
392 0 0 0 3 0
393 0 0 0 3 0
394 0 0 0 3 0
395 0 0 0 3 0
396 0 0 0 3 0
397 0 0 0 3 0
398 0 0 0 3 0
399 0 0 0 3 0
400 0 0 0 0 0
401 0 0 0 0 0
402 0 0 0 0 0
403 0 0 0 0 0
404 0 0 0 0 0
405 0 0 0 0 0
406 0 0 0 0 0
407 0 0 0 0 0
408 0 0 0 0 0
409 0 0 0 0 0
410 0 0 0 0 0
411 0 0 0 0 0
412 0 0 0 0 0
413 0 0 0 0 0
414 0 0 0 0 0
415 0 0 0 0 1
416 0 0 0 0 1
417 0 0 0 0 1
418 0 0 0 0 1
419 0 0 0 0 1
420 0 0 0 0 1
421 0 0 0 0 1
422 0 0 0 0 1
423 0 0 0 0 1
424 0 0 0 0 1
425 0 0 0 0 1
426 0 0 0 0 1
427 0 0 0 0 1
428 0 0 0 0 1
429 0 0 0 0 1
430 0 0 0 0 1
431 0 0 0 0 1
432 0 0 0 0 1
433 0 0 0 0 1
434 0 0 0 0 1
435 0 0 0 0 1
436 0 0 0 0 1
437 0 0 0 0 1
438 0 0 0 0 1
439 0 0 0 0 1
440 0 0 0 0 1
441 0 0 0 0 1
442 0 0 0 0 1
443 0 0 0 0 1
444 0 0 0 0 1
445 0 3 0 0 1
446 0 3 0 0 1
447 0 3 0 0 1
448 0 3 0 0 1
449 0 3 0 0 1
450 0 3 0 0 1
451 0 3 0 0 1
452 0 3 0 0 1
453 0 3 0 0 1
454 0 3 0 0 1
455 0 3 0 0 1
456 0 3 0 0 1
457 0 3 0 0 1
458 0 3 0 0 1
459 0 3 0 0 1
460 3 0 0 0 2
461 3 0 0 0 2
462 3 0 0 0 2
463 3 0 0 0 2
464 3 0 0 0 2
465 3 0 0 0 2
466 3 0 0 0 2
467 3 0 0 0 2
468 3 0 0 0 2
469 3 0 0 0 2
470 3 0 0 0 2
471 3 0 0 0 2
472 3 0 0 0 2
473 3 0 0 0 2
474 3 0 0 0 2
475 3 0 0 0 2
476 3 0 0 0 2
477 3 0 0 0 2
478 3 0 0 0 2
479 3 0 0 0 2
480 3 0 0 0 2
481 3 0 0 0 2
482 3 0 0 0 2
483 3 0 0 0 2
484 3 0 0 0 2
485 3 0 0 0 2
486 3 0 0 0 2
487 3 0 0 0 2
488 3 0 0 0 2
489 3 0 0 0 2
490 3 0 0 0 2
491 3 0 0 0 2
492 3 0 0 0 2
493 3 0 0 0 2
494 3 0 0 0 2
495 3 0 0 0 2
496 3 0 0 0 2
497 3 0 0 0 2
498 3 0 0 0 2
499 3 0 0 0 2
500 3 0 0 0 2
501 3 0 0 0 2
502 3 0 0 0 2
503 3 0 0 0 2
504 3 0 0 0 2
505 3 0 0 0 2
506 3 0 0 0 2
507 3 0 0 0 2
508 3 0 0 0 2
509 3 0 0 0 2
510 3 0 0 0 2
511 3 0 0 0 2
512 3 0 0 0 2
513 3 0 0 0 2
514 3 0 0 0 2
515 3 0 0 0 2
516 3 0 0 0 2
517 3 0 0 0 2
518 3 0 0 0 2
519 3 0 0 0 2
520 3 0 0 0 2
521 3 0 0 0 2
522 3 0 0 0 2
523 3 0 0 0 2
524 3 0 0 0 2
525 3 0 0 0 2
526 3 0 0 0 2
527 3 0 0 0 2
528 3 0 0 0 2
529 3 0 0 0 2
530 3 0 0 0 2
531 3 0 0 0 2
532 3 0 0 0 2
533 3 0 0 0 2
534 3 0 0 0 2
535 3 0 0 0 2
536 3 0 0 0 2
537 3 0 0 0 2
538 3 0 0 0 2
539 3 0 0 0 2
540 3 0 0 0 2
541 3 0 0 0 2
542 3 0 0 0 2
543 3 0 0 0 2
544 3 0 0 0 2
545 3 0 0 0 2
546 3 0 0 0 2
547 3 0 0 0 2
548 3 0 0 0 2
549 3 0 0 0 2
550 0 3 0 3 2
551 0 3 0 3 2
552 0 3 0 3 2
553 0 3 0 3 2
554 0 3 0 3 2
555 0 3 0 3 2
556 0 3 0 3 2
557 0 3 0 3 2
558 0 3 0 3 2
559 0 3 0 3 2
560 0 3 0 3 2
561 0 3 0 3 2
562 0 3 0 3 2
563 0 3 0 3 2
564 0 3 0 3 2
565 0 3 3 0 2
566 0 3 3 0 2
567 0 3 3 0 2
568 0 3 3 0 2
569 0 3 3 0 2
570 0 3 3 0 2
571 0 3 3 0 2
572 0 3 3 0 2
573 0 3 3 0 2
574 0 3 3 0 2
575 0 3 3 0 2
576 0 3 3 0 2
577 0 3 3 0 2
578 0 3 3 0 2
579 0 3 3 0 2
580 0 0 3 0 2
581 0 0 3 0 2
582 0 0 3 0 2
583 0 0 3 0 2
584 0 0 3 0 2
585 0 0 3 0 2
586 0 0 3 0 2
587 0 0 3 0 2
588 0 0 3 0 2
589 0 0 3 0 2
590 0 0 3 0 2
591 0 0 3 0 2
592 0 0 3 0 2
593 0 0 3 0 2
594 0 0 3 0 2
595 0 3 3 0 2
596 0 3 3 0 2
597 0 3 3 0 2
598 0 3 3 0 2
599 0 3 3 0 2
600 0 3 3 0 2
601 0 3 3 0 2
602 0 3 3 0 2
603 0 3 3 0 2
604 0 3 3 0 2
605 0 3 3 0 2
606 0 3 3 0 2
607 0 3 3 0 2
608 0 3 3 0 2
609 0 3 3 0 2
610 3 0 0 3 2
611 3 0 0 3 2
612 3 0 0 3 2
613 3 0 0 3 2
614 3 0 0 3 2
615 3 0 0 3 2
616 3 0 0 3 2
617 3 0 0 3 2
618 3 0 0 3 2
619 3 0 0 3 2
620 3 0 0 3 2
621 3 0 0 3 2
622 3 0 0 3 2
623 3 0 0 3 2
624 3 0 0 3 2
625 0 0 0 0 2
626 0 0 0 0 2
627 0 0 0 0 2
628 0 0 0 0 2
629 0 0 0 0 2
630 0 0 0 0 2
631 3 0 3 0 2
632 3 0 3 0 2
633 3 0 3 0 2
634 3 0 0 0 2
635 3 0 0 0 2
636 3 0 0 0 2
637 3 0 0 0 2
638 3 0 0 0 2
639 3 0 0 0 2
640 3 0 0 0 2
641 3 0 0 0 2
642 3 0 0 0 2
643 3 0 0 0 2
644 3 0 0 0 2
645 3 0 0 0 2
646 3 0 0 0 2
647 3 0 0 0 2
648 3 0 0 0 2
649 3 0 0 3 2
650 3 0 0 3 2
651 3 0 0 3 2
652 3 0 0 3 2
653 3 0 0 3 2
654 3 0 0 3 2
655 3 0 0 3 2
656 3 0 0 3 2
657 3 0 0 3 2
658 3 0 0 3 2
659 3 0 0 3 2
660 3 0 0 3 2
661 3 0 0 3 2
662 3 0 0 3 2
663 3 0 0 3 2
664 3 0 3 0 2
665 3 0 3 0 2
666 3 0 3 0 2
667 3 0 3 0 2
668 3 0 3 0 2
669 3 0 3 0 2
670 3 0 3 0 2
671 3 0 3 0 2
672 3 0 3 0 2
673 3 0 3 0 2
674 3 0 0 3 2
675 3 0 0 3 2
676 3 0 0 3 2
677 3 0 0 3 2
678 3 0 0 3 2
679 3 0 0 3 2
680 3 0 0 3 2
681 3 0 0 3 2
682 3 0 0 3 2
683 3 0 0 3 2
684 3 0 0 3 2
685 3 0 0 3 2
686 3 0 0 3 2
687 3 0 0 3 2
688 3 0 0 3 2
689 3 0 0 3 2
690 3 0 0 3 2
691 3 0 0 3 2
692 3 0 0 3 2
693 3 0 0 3 2
694 3 0 0 3 2
695 3 0 0 3 2
696 3 0 0 3 2
697 3 0 0 3 2
698 3 0 0 3 2
699 3 0 0 3 2
700 3 0 0 3 2
701 3 0 0 3 2
702 3 0 0 3 2
703 3 0 0 3 2
704 3 0 0 3 2
705 3 0 0 3 2
706 3 0 0 3 2
707 3 0 0 3 2
708 3 0 0 3 2
709 3 0 0 3 2
710 3 0 0 3 2
711 3 0 0 3 2
712 3 0 0 3 2
713 3 0 0 3 2
714 3 0 0 3 2
715 3 0 0 3 2
716 3 0 0 3 2
717 3 0 0 3 2
718 3 0 0 3 2
719 3 0 0 3 2
720 3 0 0 3 2
721 3 0 0 3 2
722 3 0 0 3 2
723 3 0 0 3 2
724 3 0 0 3 2
725 3 0 0 3 2
726 3 0 0 3 2
727 3 0 0 3 2
728 3 0 0 3 2
729 3 0 0 3 2
730 3 0 0 3 2
731 3 0 0 3 2
732 3 0 0 3 2
733 3 0 0 3 2
734 3 0 0 0 2
735 3 0 0 0 2
736 3 0 0 0 2
737 3 0 3 0 2
738 3 0 3 0 2
739 3 0 3 0 2
740 3 0 3 0 2
741 3 0 3 0 2
742 3 0 3 0 2
743 3 0 3 0 2
744 3 0 3 0 2
745 3 0 3 0 2
746 3 0 3 0 2
747 3 0 3 0 2
748 3 0 3 0 2
749 3 0 3 0 2
750 3 0 3 0 2
751 3 0 3 0 2
752 3 0 3 0 2
753 3 0 3 0 2
754 3 0 3 0 2
755 3 0 3 0 2
756 3 0 3 0 2
757 3 0 3 0 2
758 3 0 3 0 2
759 3 0 3 0 2
760 3 0 3 0 2
761 3 0 3 0 2
762 3 0 3 0 2
763 3 0 3 0 2
764 3 0 3 0 2
765 3 0 3 0 2
766 3 0 3 0 2
767 3 0 3 0 2
768 3 0 3 0 2
769 3 0 3 0 2
770 3 0 3 0 2
771 3 0 3 0 2
772 3 0 3 0 2
773 3 0 3 0 2
774 3 0 3 0 2
775 3 0 3 0 2
776 3 0 3 0 2
777 3 0 3 0 2
778 3 0 3 0 2
779 3 0 3 0 2
780 3 0 3 0 2
781 3 0 3 0 2
782 0 0 3 0 3
783 0 0 3 0 3
784 0 0 3 0 3
785 0 0 3 0 3
786 0 0 3 0 3
787 0 0 3 0 3
788 0 0 3 0 3
789 0 0 3 0 3
790 0 0 3 0 3
791 0 0 3 0 3
792 0 0 3 0 3
793 0 0 3 0 3
794 0 0 3 0 3
795 0 0 3 0 3
796 0 0 3 0 3
797 0 0 3 0 3
798 0 0 3 0 3
799 0 0 3 0 3
800 0 0 3 0 3
801 0 0 3 0 3
802 0 0 3 0 3
803 0 0 3 0 3
804 0 0 3 0 3
805 0 0 3 0 3
806 0 0 3 0 3
807 0 0 3 0 3
808 0 0 3 0 3
809 0 0 3 0 3
810 0 0 3 0 3
811 0 0 3 0 3
812 0 0 3 0 3
813 0 0 3 0 3
814 0 0 3 0 3
815 0 0 3 0 3
816 0 0 3 0 3
817 0 0 3 0 3
818 0 0 3 0 3
819 0 0 3 0 3
820 0 0 3 0 3
821 0 0 3 0 3
822 0 0 3 0 3
823 0 0 3 0 3
824 0 0 3 0 3
825 0 0 3 0 3
826 0 0 3 0 3
827 0 0 3 0 3
828 0 0 3 0 3
829 0 0 3 0 3
830 0 0 3 0 3
831 0 0 3 0 3
832 0 0 3 0 3
833 0 0 3 0 3
834 0 0 3 0 3
835 0 0 3 0 3
836 0 0 3 0 3
837 0 0 3 0 3
838 0 0 3 0 3
839 0 0 3 0 3
840 0 0 3 0 3
841 0 0 3 0 3
842 0 0 3 0 3
843 0 0 3 0 3
844 0 0 3 0 3
845 0 0 3 0 3
846 0 0 3 0 3
847 0 0 3 0 3
848 0 0 3 0 3
849 0 0 3 0 3
850 0 0 3 0 3
851 0 0 3 0 3
852 0 0 3 0 3
853 0 0 3 0 3
854 0 0 3 0 3
855 0 0 3 0 3
856 0 0 3 0 3
857 0 0 3 0 3
858 0 0 3 0 3
859 0 0 3 0 3
860 0 0 3 0 3
861 0 0 3 0 3
862 0 0 3 0 3
863 0 0 3 0 3
864 0 0 3 0 3
865 3 0 0 0 3
866 3 0 0 0 3
867 3 0 0 0 3
868 3 0 0 0 3
869 3 0 0 0 3
870 3 0 0 0 3
871 3 0 0 0 3
872 3 0 0 0 3
873 3 0 0 0 3
874 3 0 0 0 3
875 3 0 0 0 3
876 3 0 0 0 3
877 3 0 0 0 3
878 3 0 0 0 3
879 3 0 0 0 3
880 0 3 0 0 0
881 0 3 0 0 0
882 0 3 0 0 0
883 0 3 0 0 0
884 0 3 0 0 0
885 0 3 0 0 0
886 0 3 0 0 0
887 0 3 0 0 0
888 0 3 0 0 0
889 0 3 0 0 0
890 0 3 0 0 0
891 0 3 0 0 0
892 0 3 0 0 0
893 0 3 0 0 0
894 0 3 0 0 0
895 0 0 0 0 0
896 0 0 0 0 0
897 0 0 0 0 0
898 0 0 0 0 0
899 0 0 0 0 0
900 0 0 0 0 0
901 0 0 0 0 0
902 0 0 0 0 0
903 0 0 0 0 0
904 0 0 0 0 0
905 0 0 0 0 0
906 0 0 0 0 0
907 0 0 0 0 0
908 0 0 0 0 0
909 0 0 0 0 0
910 0 0 0 0 0
911 0 0 0 0 0
912 0 0 0 0 0
913 0 0 0 0 0
914 0 0 0 0 0
915 0 0 0 0 0
916 0 0 0 0 0
917 0 0 0 0 0
918 0 0 0 0 0
919 0 0 0 0 0
920 0 0 0 0 0
921 0 0 0 0 0
922 0 0 0 0 0
923 0 0 0 0 0
924 0 0 0 0 0
925 3 0 0 0 0
926 3 0 0 0 0
927 3 0 0 0 0
928 3 0 0 0 0
929 3 0 0 0 0
930 3 0 0 0 0
931 3 0 0 0 0
932 3 0 0 0 0
933 3 0 0 0 0
934 3 0 0 0 0
935 3 0 0 0 0
936 3 0 0 0 0
937 3 0 0 0 0
938 3 0 0 0 0
939 3 0 0 0 0
940 0 0 0 0 0
941 0 0 0 0 0
942 0 0 0 0 0
943 0 0 0 0 0
944 0 0 0 0 0
945 0 0 0 0 0
946 0 0 0 0 0
947 0 0 0 0 0
948 0 0 0 0 0
949 0 0 0 0 0
950 0 0 0 0 0
951 0 0 0 0 0
952 0 0 0 0 0
953 0 0 0 0 0
954 0 0 0 0 0
955 0 0 0 0 0
956 0 0 0 0 0
957 0 0 0 0 0
958 0 0 0 0 0
959 0 0 0 0 0
960 0 0 0 0 0
961 0 0 0 0 0
962 0 0 0 0 0
963 0 0 0 0 0
964 0 0 0 0 0
965 0 0 0 0 0
966 0 0 0 0 0
967 0 0 0 0 0
968 0 0 0 0 0
969 0 0 0 0 0
970 0 0 0 0 0
971 0 0 0 0 0
972 0 0 0 0 0
973 0 0 0 0 0
974 0 0 0 0 0
975 0 0 0 0 0
976 0 0 0 0 0
977 0 0 0 0 0
978 0 0 0 0 0
979 0 0 0 0 0
980 0 0 0 0 0
981 0 0 0 0 0
982 0 0 0 0 0
983 0 0 0 0 0
984 0 0 0 0 0
985 0 0 0 0 0
986 0 0 0 0 0
987 0 0 0 0 0
988 0 0 0 0 0
989 0 0 0 0 0
990 0 0 0 0 0
991 0 0 0 0 0
992 0 0 0 0 0
993 0 0 0 0 0
994 0 0 0 0 0
995 0 0 0 0 0
996 0 0 0 0 0
997 0 0 0 0 0
998 0 0 0 0 0
