0 0 0 0 0 0
1 0 0 3 0 0
2 0 0 3 0 0
3 0 0 3 0 0
4 0 0 3 0 0
5 0 0 3 0 0
6 0 0 3 0 0
7 0 0 3 0 0
8 0 0 3 0 0
9 0 0 3 0 0
10 0 0 3 0 0
11 0 0 3 0 0
12 0 0 3 0 0
13 0 0 3 0 0
14 0 0 3 0 0
15 0 0 3 0 0
16 0 3 0 0 0
17 0 3 0 0 0
18 0 3 0 0 0
19 0 3 0 0 0
20 0 3 0 0 0
21 0 3 0 0 0
22 0 3 0 0 0
23 0 3 0 0 0
24 0 3 0 0 0
25 0 3 0 0 0
26 0 3 0 0 0
27 0 3 0 0 0
28 0 3 0 0 0
29 0 3 0 0 0
30 0 3 0 0 0
31 0 0 3 0 0
32 0 0 3 0 0
33 0 0 3 0 0
34 0 0 3 0 0
35 0 0 3 0 0
36 0 0 3 0 0
37 0 0 3 0 0
38 0 0 3 0 0
39 0 0 3 0 0
40 0 0 3 0 0
41 0 0 3 0 0
42 0 0 3 0 0
43 0 0 3 0 0
44 0 0 3 0 0
45 0 0 3 0 0
46 0 0 3 0 0
47 0 0 3 0 0
48 0 0 3 0 0
49 0 0 3 0 0
50 0 0 3 0 0
51 0 0 3 0 0
52 0 0 3 0 0
53 0 0 3 0 0
54 0 0 3 0 0
55 0 0 3 0 0
56 0 0 3 0 0
57 0 0 3 0 0
58 0 0 3 0 0
59 0 0 3 0 0
60 0 0 3 0 0
61 0 0 3 0 0
62 0 0 3 0 0
63 0 0 3 0 0
64 0 0 3 0 0
65 0 0 3 0 0
66 0 0 3 0 0
67 0 0 3 0 0
68 0 0 3 0 0
69 0 0 3 0 0
70 0 0 3 0 0
71 0 0 3 0 0
72 0 0 3 0 0
73 0 0 3 0 0
74 0 0 3 0 0
75 0 0 3 0 0
76 0 0 3 0 0
77 0 0 3 0 0
78 0 0 3 0 0
79 0 0 3 0 0
80 0 0 3 0 0
81 0 0 3 0 0
82 0 0 3 0 0
83 0 0 3 0 0
84 0 0 3 0 0
85 0 0 3 0 0
86 0 0 3 0 0
87 0 0 3 0 0
88 0 0 3 0 0
89 0 0 3 0 0
90 0 0 3 0 0
91 0 0 3 0 0
92 0 0 3 0 0
93 0 0 3 0 0
94 0 0 3 0 0
95 0 0 3 0 0
96 0 0 3 0 0
97 0 0 3 0 0
98 0 0 3 0 0
99 0 0 3 0 0
100 0 0 3 0 0
101 0 0 3 0 0
102 0 0 3 0 0
103 0 0 3 0 0
104 0 0 3 0 0
105 0 0 3 0 0
106 0 0 3 0 0
107 0 0 3 0 0
108 0 0 3 0 0
109 0 0 3 0 0
110 0 0 3 0 0
111 0 0 3 0 0
112 0 0 3 0 0
113 0 0 3 0 0
114 0 0 3 0 0
115 0 0 3 0 0
116 0 0 3 0 0
117 0 0 3 0 0
118 0 0 3 0 0
119 0 0 3 0 0
120 0 0 3 0 0
121 0 0 3 0 0
122 0 3 3 0 0
123 0 3 3 0 0
124 0 3 3 0 0
125 0 3 3 0 0
126 0 3 3 0 0
127 0 3 3 0 0
128 0 3 3 0 0
129 0 3 3 0 0
130 0 3 3 0 0
131 0 3 3 0 0
132 0 3 3 0 0
133 0 3 3 0 0
134 0 3 3 0 0
135 0 3 3 0 0
136 0 3 3 0 0
137 0 3 3 0 0
138 0 3 3 0 0
139 0 3 3 0 0
140 0 3 3 0 0
141 0 3 3 0 0
142 0 3 3 0 0
143 0 3 3 0 0
144 0 3 3 0 0
145 0 3 3 0 0
146 0 3 3 0 0
147 0 3 3 0 0
148 0 3 3 0 0
149 0 3 3 0 0
150 0 3 3 0 0
151 0 3 3 0 0
152 0 3 3 0 0
153 0 3 3 0 0
154 0 3 3 0 0
155 0 3 3 0 0
156 0 3 3 0 0
157 0 3 3 0 0
158 0 3 3 0 0
159 0 3 3 0 0
160 0 3 3 0 0
161 0 3 3 0 0
162 0 3 3 0 0
163 0 3 3 0 0
164 0 3 3 0 0
165 0 3 3 0 0
166 0 3 3 0 0
167 0 3 3 0 0
168 0 3 3 0 0
169 0 3 3 0 0
170 0 3 3 0 0
171 0 3 3 0 0
172 0 3 3 0 0
173 0 3 3 0 0
174 0 3 3 0 0
175 0 3 3 0 0
176 0 3 3 0 0
177 0 3 3 0 0
178 0 3 3 0 0
179 0 3 3 0 0
180 0 3 3 0 0
181 0 3 3 0 0
182 0 3 3 0 0
183 0 3 3 0 0
184 0 3 3 0 0
185 0 3 3 0 0
186 0 3 3 0 0
187 0 3 3 0 0
188 0 3 3 0 0
189 0 3 3 0 0
190 0 3 3 0 0
191 0 3 3 0 0
192 0 3 3 0 0
193 0 3 3 0 0
194 0 3 3 0 0
195 0 3 3 0 0
196 0 3 3 0 0
197 0 3 3 0 0
198 0 3 3 0 0
199 0 3 3 0 0
200 0 3 3 0 0
201 0 3 3 0 0
202 0 3 3 0 0
203 0 3 3 0 0
204 0 3 3 0 0
205 0 3 3 0 0
206 0 3 3 0 0
207 0 3 3 0 0
208 0 3 3 0 0
209 0 3 3 0 0
210 0 3 3 0 0
211 0 3 3 0 0
212 3 0 0 3 0
213 3 0 0 3 0
214 3 0 0 3 0
215 3 0 0 3 0
216 3 0 0 3 0
217 3 0 0 3 0
218 3 0 0 3 0
219 3 0 0 3 0
220 3 0 0 3 0
221 3 0 0 3 0
222 3 0 0 3 0
223 3 0 0 3 0
224 3 0 0 3 0
225 3 0 0 3 0
226 3 0 0 3 0
227 3 0 0 3 0
228 3 0 0 3 0
229 3 0 0 3 0
230 3 0 0 3 0
231 3 0 0 3 0
232 3 0 0 3 0
233 3 0 0 3 0
234 3 0 0 3 0
235 3 0 0 3 0
236 3 0 0 3 0
237 3 0 0 3 0
238 3 0 0 3 0
239 3 0 0 3 0
240 3 0 0 3 0
241 3 0 0 3 0
242 0 3 0 0 0
243 0 3 0 0 0
244 0 3 0 0 0
245 0 3 0 0 0
246 0 3 0 0 0
247 0 3 0 0 0
248 0 3 0 0 0
249 0 3 0 0 0
250 0 3 0 0 0
251 0 3 0 0 0
252 3 0 0 0 0
253 3 0 0 0 0
254 3 0 0 0 0
255 3 0 0 0 0
256 3 0 0 0 0
257 3 0 0 0 0
258 3 0 0 0 0
259 3 0 0 0 0
260 3 0 0 0 0
261 3 0 0 0 0
262 3 0 0 0 0
263 3 0 0 0 0
264 3 0 0 0 0
265 3 0 0 0 0
266 3 0 0 0 0
267 3 0 0 0 0
268 3 0 0 0 0
269 3 0 0 0 0
270 3 0 3 0 0
271 3 0 3 0 0
272 3 0 3 0 0
273 3 0 3 0 0
274 3 0 3 0 0
275 3 0 3 0 0
276 3 0 3 0 0
277 3 0 3 0 0
278 3 0 3 0 0
279 3 0 3 0 0
280 3 0 3 0 0
281 3 0 3 0 0
282 3 0 3 0 0
283 3 0 3 0 0
284 3 0 3 0 0
285 3 0 3 0 0
286 3 0 3 0 0
287 3 0 3 0 0
288 3 0 3 0 0
289 3 0 3 0 0
290 3 0 3 0 0
291 3 0 3 0 0
292 3 0 3 0 0
293 3 0 3 0 0
294 3 0 3 0 0
295 3 0 3 0 0
296 3 0 3 0 0
297 3 0 3 0 0
298 3 0 3 0 0
299 3 0 3 0 0
300 3 0 3 0 0
301 3 0 3 0 0
302 3 0 3 0 0
303 3 0 3 0 0
304 3 0 3 0 0
305 3 0 3 0 0
306 3 0 3 0 0
307 3 0 3 0 0
308 3 0 3 0 0
309 3 0 3 0 0
310 3 0 3 0 0
311 3 0 3 0 0
312 3 0 3 0 0
313 3 0 3 0 0
314 3 0 3 0 0
315 3 0 3 0 1
316 3 0 3 0 1
317 3 0 3 0 1
318 3 0 3 0 1
319 3 0 3 0 1
320 3 0 3 0 1
321 3 0 3 0 1
322 3 0 3 0 1
323 3 0 3 0 1
324 3 0 3 0 1
325 3 0 3 0 1
326 3 0 3 0 1
327 3 0 3 0 1
328 3 0 3 0 1
329 3 0 3 0 1
330 0 0 3 0 1
331 0 0 3 0 1
332 0 0 3 0 1
333 0 0 3 0 1
334 0 0 3 0 1
335 0 0 3 0 1
336 0 0 3 0 1
337 0 0 3 0 1
338 0 0 3 0 1
339 0 0 3 0 1
340 0 0 3 0 1
341 0 0 3 0 1
342 0 0 3 0 1
343 0 0 3 0 1
344 0 0 3 0 1
345 3 0 3 0 1
346 3 0 3 0 1
347 3 0 3 0 1
348 3 0 3 0 1
349 3 0 3 0 1
350 3 0 3 0 1
351 3 0 3 0 1
352 3 0 3 0 1
353 3 0 3 0 1
354 3 0 3 0 1
355 3 0 3 0 1
356 3 0 3 0 1
357 3 0 3 0 1
358 3 0 3 0 1
359 3 0 3 0 1
360 3 0 3 0 1
361 3 0 3 0 1
362 3 0 3 0 1
363 3 0 3 0 1
364 3 0 3 0 1
365 3 0 3 0 1
366 3 0 3 0 1
367 3 0 3 0 1
368 3 0 3 0 1
369 3 0 3 0 1
370 3 0 3 0 1
371 3 0 3 0 1
372 3 0 3 0 1
373 3 0 3 0 1
374 3 0 3 0 1
375 3 0 3 0 1
376 3 0 3 0 1
377 3 0 3 0 1
378 3 0 3 0 1
379 3 0 3 0 1
380 3 0 3 0 1
381 3 0 3 0 1
382 3 0 3 0 1
383 3 0 3 0 1
384 3 0 3 0 1
385 3 0 3 0 1
386 3 0 3 0 1
387 3 0 3 0 1
388 3 0 3 0 1
389 3 0 3 0 1
390 3 0 3 0 1
391 3 0 3 0 1
392 3 0 3 0 1
393 3 0 3 0 1
394 3 0 3 0 1
395 3 0 3 0 1
396 3 0 3 0 1
397 3 0 3 0 1
398 3 0 3 0 1
399 3 0 3 0 1
400 3 0 3 0 1
401 3 0 3 0 1
402 3 0 3 0 1
403 3 0 3 0 1
404 3 0 3 0 1
405 3 0 3 0 1
406 3 0 3 0 1
407 3 0 3 0 1
408 3 0 3 0 1
409 3 0 3 0 1
410 3 0 3 0 1
411 3 0 3 0 1
412 3 0 3 0 1
413 3 0 3 0 1
414 3 0 3 0 1
415 3 0 3 0 1
416 3 0 3 0 1
417 3 0 3 0 1
418 3 0 3 0 1
419 3 0 3 0 1
420 3 0 3 0 1
421 3 0 3 0 1
422 3 0 3 0 1
423 3 0 3 0 1
424 3 0 3 0 1
425 3 0 3 0 1
426 3 0 3 0 1
427 3 0 3 0 1
428 3 0 3 0 1
429 3 0 3 0 1
430 3 0 3 0 1
431 3 0 3 0 1
432 3 0 0 3 1
433 3 0 0 3 1
434 3 0 0 3 1
435 3 0 0 3 1
436 3 0 0 3 1
437 3 0 0 3 1
438 3 0 0 3 1
439 3 0 0 3 1
440 3 0 0 3 1
441 3 0 0 3 1
442 3 0 0 3 1
443 3 0 0 3 1
444 3 0 0 3 1
445 3 0 0 3 1
446 3 0 0 3 1
447 3 0 0 0 1
448 3 0 0 0 1
449 3 0 0 0 1
450 3 0 0 0 1
451 3 0 0 0 1
452 3 0 0 0 1
453 3 0 0 0 1
454 3 0 0 0 1
455 3 0 0 0 1
456 3 0 0 0 1
457 3 0 0 0 1
458 3 0 0 0 1
459 3 0 0 0 1
460 3 0 0 0 1
461 3 0 0 0 1
462 3 0 3 0 1
463 3 0 3 0 1
464 3 0 3 0 1
465 3 0 3 0 1
466 3 0 3 0 1
467 3 0 3 0 1
468 3 0 3 0 1
469 3 0 3 0 1
470 3 0 3 0 1
471 3 0 3 0 1
472 3 0 3 0 1
473 3 0 3 0 1
474 3 0 3 0 1
475 3 0 3 0 1
476 3 0 3 0 1
477 3 0 3 0 1
478 3 0 3 0 1
479 3 0 3 0 1
480 3 0 3 0 1
481 3 0 3 0 1
482 3 0 3 0 1
483 3 0 3 0 1
484 3 0 3 0 1
485 3 0 3 0 1
486 3 0 3 0 1
487 3 0 3 0 1
488 3 0 3 0 1
489 3 0 3 0 1
490 3 0 3 0 1
491 3 0 3 0 1
492 3 0 3 0 1
493 3 0 3 0 1
494 3 0 3 0 1
495 3 0 3 0 1
496 3 0 3 0 1
497 3 0 3 0 1
498 3 0 3 0 1
499 3 0 3 0 1
500 3 0 3 0 1
501 3 0 3 0 1
502 3 0 3 0 1
503 3 0 3 0 1
504 3 0 3 0 1
505 3 0 3 0 1
506 3 0 3 0 1
507 3 0 3 0 1
508 3 0 3 0 1
509 3 0 3 0 1
510 3 0 3 0 1
511 3 0 3 0 1
512 3 0 3 0 1
513 3 0 3 0 1
514 3 0 3 0 1
515 3 0 3 0 1
516 3 0 3 0 1
517 3 0 3 0 1
518 3 0 3 0 1
519 3 0 3 0 1
520 3 0 3 0 1
521 3 0 3 0 1
522 3 0 3 0 1
523 3 0 3 0 1
524 3 0 3 0 1
525 3 0 3 0 1
526 3 0 3 0 1
527 3 0 3 0 1
528 3 0 3 0 1
529 3 0 3 0 1
530 3 0 3 0 1
531 3 0 3 0 1
532 3 0 3 0 1
533 3 0 3 0 1
534 3 0 3 0 1
535 3 0 3 0 1
536 3 0 3 0 1
537 3 0 3 0 1
538 3 0 3 0 1
539 3 0 3 0 1
540 3 0 3 0 1
541 3 0 3 0 1
542 3 0 3 0 1
543 3 0 3 0 1
544 3 0 3 0 1
545 3 0 3 0 1
546 3 0 3 0 1
547 3 0 3 0 1
548 3 0 3 0 1
549 3 0 3 0 1
550 3 0 3 0 1
551 3 0 3 0 1
552 3 0 3 0 1
553 3 0 3 0 1
554 3 0 3 0 1
555 3 0 3 0 1
556 3 0 3 0 1
557 3 0 3 0 1
558 3 0 3 0 1
559 3 0 3 0 1
560 3 0 3 0 1
561 3 0 3 0 2
562 3 0 3 0 2
563 3 0 3 0 2
564 3 0 3 0 2
565 3 0 3 0 2
566 3 0 3 0 2
567 3 0 3 0 2
568 3 0 3 0 2
569 3 0 3 0 2
570 3 0 3 0 2
571 3 0 3 0 2
572 3 0 3 0 2
573 3 0 3 0 2
574 3 0 3 0 2
575 3 0 3 0 2
576 3 0 3 0 2
577 3 0 3 0 2
578 3 0 3 0 2
579 3 0 3 0 2
580 3 0 3 0 2
581 3 0 3 0 2
582 3 0 3 0 2
583 3 0 3 0 2
584 3 0 3 0 2
585 3 0 3 0 2
586 3 0 3 0 2
587 3 0 3 0 2
588 3 0 3 0 2
589 3 0 3 0 2
590 3 0 3 0 2
591 0 0 0 0 2
592 0 0 0 0 2
593 0 0 0 0 2
594 0 0 0 0 2
595 0 0 0 0 2
596 0 0 0 0 2
597 0 0 0 0 2
598 0 0 0 0 2
599 0 0 0 0 2
600 0 0 0 0 2
601 0 0 0 0 2
602 0 0 0 0 2
603 0 0 0 0 2
604 0 0 0 0 2
605 0 0 0 0 2
606 3 0 3 0 3
607 3 0 3 0 3
608 3 0 3 0 3
609 3 0 3 0 3
610 3 0 3 0 3
611 3 0 3 0 3
612 3 0 3 0 3
613 3 0 3 0 3
614 3 0 3 0 3
615 3 0 3 0 3
616 3 0 3 0 3
617 3 0 3 0 3
618 3 0 3 0 3
619 3 0 3 0 3
620 3 0 3 0 3
621 3 0 3 0 3
622 3 0 3 0 3
623 3 0 3 0 3
624 3 0 3 0 3
625 3 0 3 0 3
626 3 0 3 0 3
627 3 0 3 0 3
628 3 0 3 0 3
629 3 0 3 0 3
630 3 0 3 0 3
631 3 0 3 0 3
632 3 0 3 0 3
633 3 0 3 0 3
634 3 0 3 0 3
635 3 0 3 0 3
636 0 0 3 0 3
637 0 0 3 0 3
638 0 0 3 0 3
639 0 0 3 0 3
640 0 0 3 0 3
641 0 0 3 0 3
642 0 0 3 0 3
643 0 0 3 0 3
644 0 0 3 0 3
645 0 0 3 0 3
646 0 0 3 0 3
647 0 0 3 0 3
648 0 0 3 0 3
649 0 0 3 0 3
650 0 0 3 0 3
651 3 0 3 0 3
652 3 0 3 0 3
653 3 0 3 0 3
654 3 0 3 0 3
655 3 0 3 0 3
656 3 0 3 0 3
657 3 0 3 0 3
658 3 0 3 0 3
659 3 0 3 0 3
660 3 0 3 0 3
661 3 0 3 0 3
662 3 0 3 0 3
663 3 0 3 0 3
664 3 0 3 0 3
665 3 0 3 0 3
666 3 0 3 0 3
667 3 0 3 0 3
668 3 0 3 0 3
669 3 0 3 0 3
670 3 0 3 0 3
671 3 0 3 0 3
672 3 0 3 0 3
673 3 0 3 0 3
674 3 0 3 0 3
675 3 0 3 0 3
676 3 0 3 0 3
677 3 0 3 0 3
678 3 0 3 0 3
679 3 0 3 0 3
680 3 0 3 0 3
681 3 0 3 0 3
682 3 0 3 0 3
683 3 0 3 0 3
684 3 0 3 0 3
685 3 0 3 0 3
686 3 0 3 0 3
687 3 0 3 0 3
688 3 0 3 0 3
689 3 0 3 0 3
690 3 0 3 0 3
691 3 0 3 0 3
692 3 0 3 0 3
693 3 0 3 0 3
694 3 0 3 0 3
695 3 0 3 0 3
696 0 0 3 0 3
697 0 0 3 0 3
698 0 0 3 0 3
699 0 0 3 0 3
700 0 0 3 0 3
701 0 0 3 0 3
702 0 0 3 0 3
703 0 0 3 0 3
704 0 0 3 0 3
705 0 0 3 0 3
706 0 0 3 0 3
707 0 0 3 0 3
708 0 0 3 0 3
709 0 0 3 0 3
710 0 0 3 0 3
711 3 0 3 0 3
712 3 0 3 0 3
713 3 0 3 0 3
714 3 0 3 0 3
715 3 0 3 0 3
716 3 0 3 0 3
717 3 0 3 0 3
718 3 0 3 0 3
719 3 0 3 0 3
720 3 0 3 0 3
721 3 0 3 0 3
722 3 0 3 0 3
723 3 0 3 0 3
724 3 0 3 0 3
725 3 0 3 0 3
726 0 0 3 0 3
727 0 0 3 0 3
728 0 0 3 0 3
729 0 0 3 0 3
730 0 0 3 0 3
731 0 0 3 0 3
732 0 0 3 0 3
733 0 0 3 0 3
734 0 0 3 0 3
735 0 0 3 0 3
736 0 0 3 0 3
737 0 0 3 0 3
738 0 0 3 0 3
739 0 0 3 0 3
740 0 0 3 0 3
741 0 0 3 0 0
742 0 0 3 0 0
743 0 0 3 0 0
744 0 0 3 0 0
745 0 0 3 0 0
746 0 0 3 0 0
747 0 0 3 0 0
748 0 0 3 0 0
749 0 0 3 0 0
750 0 0 3 0 0
751 0 0 3 0 0
752 0 0 3 0 0
753 0 0 3 0 0
754 0 0 3 0 0
755 0 0 3 0 0
756 0 0 3 0 0
757 0 0 3 0 0
758 0 0 3 0 0
759 0 0 3 0 0
760 0 0 3 0 0
761 0 0 3 0 0
762 0 0 3 0 0
763 0 0 3 0 0
764 0 0 3 0 0
765 0 0 3 0 0
766 0 0 3 0 0
767 0 0 3 0 0
768 0 0 3 0 0
769 0 0 3 0 0
770 0 0 3 0 0
771 0 0 3 0 0
772 0 0 3 0 0
773 0 0 3 0 0
774 0 0 3 0 0
775 0 0 3 0 0
776 0 0 3 0 0
777 0 0 3 0 0
778 0 0 3 0 0
779 0 0 3 0 0
780 0 0 3 0 0
781 0 0 3 0 0
782 0 0 3 0 0
783 0 0 3 0 0
784 0 0 3 0 0
785 0 0 3 0 0
786 0 0 3 0 0
787 0 0 3 0 0
788 0 0 3 0 0
789 0 0 3 0 0
790 0 0 3 0 0
791 0 0 3 0 0
792 0 0 3 0 0
793 0 0 3 0 0
794 0 0 3 0 0
795 0 0 3 0 0
796 0 0 3 0 0
797 0 0 3 0 0
798 0 0 3 0 0
799 0 0 3 0 0
800 0 0 3 0 0
801 0 0 3 0 0
802 0 0 3 0 0
803 0 0 3 0 0
804 0 0 3 0 0
805 0 0 3 0 0
806 0 0 3 0 0
807 0 0 3 0 0
808 0 0 3 0 0
809 0 0 3 0 0
810 0 0 3 0 0
811 0 0 3 0 0
812 0 0 3 0 0
813 0 0 3 0 0
814 0 0 3 0 0
815 0 0 3 0 0
816 0 3 3 0 1
817 0 3 3 0 1
818 0 3 3 0 1
819 0 3 3 0 1
820 0 3 3 0 1
821 0 3 3 0 1
822 0 3 3 0 1
823 0 3 3 0 1
824 0 3 3 0 1
825 0 3 3 0 1
826 0 3 3 0 1
827 0 3 3 0 1
828 0 3 3 0 1
829 0 3 3 0 1
830 0 3 3 0 1
831 0 3 3 0 1
832 0 3 3 0 1
833 0 3 3 0 1
834 0 3 3 0 1
835 0 3 3 0 1
836 0 3 3 0 1
837 0 3 3 0 1
838 0 3 3 0 1
839 0 3 3 0 1
840 0 3 3 0 1
841 0 3 3 0 1
842 0 3 3 0 1
843 0 3 3 0 1
844 0 3 3 0 1
845 0 3 3 0 1
846 0 3 3 0 1
847 0 3 3 0 1
848 0 3 3 0 1
849 0 3 3 0 1
850 0 3 3 0 1
851 0 3 3 0 1
852 0 3 3 0 1
853 0 3 3 0 1
854 0 3 3 0 1
855 0 3 3 0 1
856 0 3 3 0 1
857 0 3 3 0 1
858 0 3 3 0 1
859 0 3 3 0 1
860 0 3 3 0 1
861 0 0 3 0 1
862 0 0 3 0 1
863 0 0 3 0 1
864 0 0 3 0 1
865 0 0 3 0 1
866 0 0 3 0 1
867 0 0 3 0 1
868 0 0 3 0 1
869 0 0 3 0 1
870 0 0 3 0 1
871 0 0 3 0 1
872 0 0 3 0 1
873 0 0 3 0 1
874 0 0 3 0 1
875 0 0 3 0 1
876 0 3 3 0 1
877 0 3 3 0 1
878 0 3 3 0 1
879 0 3 3 0 1
880 0 3 3 0 1
881 0 3 3 0 1
882 0 3 3 0 1
883 0 3 3 0 1
884 0 3 3 0 1
885 0 3 3 0 1
886 0 3 3 0 1
887 0 3 3 0 1
888 0 3 3 0 1
889 0 3 3 0 1
890 0 3 3 0 1
891 0 3 3 0 1
892 0 3 3 0 1
893 0 3 3 0 1
894 0 3 3 0 1
895 0 3 3 0 1
896 0 3 3 0 1
897 0 3 3 0 1
898 0 3 3 0 1
899 0 3 3 0 1
900 0 3 3 0 1
901 0 3 3 0 1
902 0 3 3 0 1
903 0 3 3 0 1
904 0 3 3 0 1
905 0 3 3 0 1
906 0 3 3 0 1
907 0 3 3 0 1
908 0 3 3 0 1
909 0 3 3 0 1
910 0 3 3 0 1
911 0 3 3 0 1
912 0 3 3 0 1
913 0 3 3 0 1
914 0 3 3 0 1
915 0 3 3 0 1
916 0 3 3 0 1
917 0 3 3 0 1
918 0 3 3 0 1
919 0 3 3 0 1
920 0 3 3 0 1
921 0 3 3 0 1
922 0 3 3 0 1
923 0 3 3 0 1
924 0 3 3 0 1
925 0 3 3 0 1
926 0 3 3 0 1
927 0 3 3 0 1
928 0 3 3 0 1
929 0 3 3 0 1
930 0 3 3 0 1
931 0 3 3 0 1
932 0 3 3 0 1
933 0 3 3 0 1
934 0 3 3 0 1
935 0 3 3 0 1
936 0 3 3 0 1
937 0 3 3 0 1
938 0 3 3 0 1
939 0 3 3 0 1
940 0 3 3 0 1
941 0 3 3 0 1
942 0 3 3 0 1
943 0 3 3 0 1
944 0 3 3 0 1
945 0 3 3 0 1
946 0 3 3 0 1
947 0 3 3 0 1
948 0 3 3 0 1
949 0 3 3 0 1
950 0 3 3 0 1
951 3 0 3 0 1
952 3 0 3 0 1
953 3 0 3 0 1
954 3 0 3 0 1
955 3 0 3 0 1
956 3 0 3 0 1
957 3 0 3 0 1
958 3 0 3 0 1
959 3 0 3 0 1
960 3 0 3 0 1
961 3 0 3 0 1
962 3 0 3 0 1
963 3 0 3 0 1
964 3 0 3 0 1
965 3 0 3 0 1
966 3 0 3 0 2
967 3 0 3 0 2
968 3 0 3 0 2
969 3 0 3 0 2
970 3 0 3 0 2
971 3 0 3 0 2
972 3 0 3 0 2
973 3 0 3 0 2
974 3 0 3 0 2
975 3 0 3 0 2
976 3 0 3 0 2
977 3 0 3 0 2
978 3 0 3 0 2
979 3 0 3 0 2
980 3 0 3 0 2
981 3 0 3 0 2
982 3 0 3 0 2
983 3 0 3 0 2
984 3 0 3 0 2
985 3 0 3 0 2
986 3 0 3 0 2
987 3 0 3 0 2
988 3 0 3 0 2
989 3 0 3 0 2
990 3 0 3 0 2
991 3 0 3 0 2
992 3 0 3 0 2
993 3 0 3 0 2
994 3 0 3 0 2
995 3 0 3 0 2
996 3 0 3 0 2
997 3 0 3 0 2
998 3 0 3 0 2
999 3 0 3 0 2
1000 3 0 3 0 2
1001 3 0 3 0 2
1002 3 0 3 0 2
1003 3 0 3 0 2
1004 3 0 3 0 2
1005 3 0 3 0 2
1006 3 0 3 0 2
1007 3 0 3 0 2
1008 3 0 3 0 2
1009 3 0 3 0 2
1010 3 0 3 0 2
1011 3 0 3 0 2
1012 3 0 3 0 2
1013 3 0 3 0 2
1014 3 0 3 0 2
1015 3 0 3 0 2
1016 3 0 3 0 2
1017 3 0 3 0 2
1018 3 0 3 0 2
1019 3 0 3 0 2
1020 3 0 3 0 2
1021 3 0 3 0 2
1022 3 0 3 0 2
1023 3 0 3 0 2
1024 3 0 3 0 2
1025 3 0 3 0 2
1026 3 0 3 0 2
1027 3 0 3 0 2
1028 3 0 3 0 2
1029 3 0 3 0 2
1030 3 0 3 0 2
1031 3 0 3 0 2
1032 3 0 3 0 2
1033 3 0 3 0 2
1034 3 0 3 0 2
1035 3 0 3 0 2
1036 3 0 3 0 2
1037 3 0 3 0 2
1038 3 0 3 0 2
1039 3 0 3 0 2
1040 3 0 3 0 2
1041 3 0 3 0 2
1042 3 0 3 0 2
1043 3 0 3 0 2
1044 3 0 3 0 2
1045 3 0 3 0 2
1046 3 0 3 0 2
1047 3 0 3 0 2
1048 0 0 3 0 2
1049 0 0 3 0 2
1050 0 0 3 0 2
1051 0 0 3 0 2
1052 0 0 3 0 2
1053 0 0 3 0 2
1054 0 0 3 0 2
1055 0 0 3 0 2
1056 0 0 3 0 2
1057 0 0 3 0 2
1058 0 0 3 0 2
1059 0 0 3 0 2
1060 0 0 3 0 2
1061 0 0 3 0 2
1062 0 0 3 0 2
1063 0 0 3 0 2
1064 0 0 3 0 2
1065 0 0 3 0 2
1066 0 0 0 3 2
1067 0 0 0 3 2
1068 0 0 0 3 2
1069 0 0 0 3 2
1070 0 0 0 3 2
1071 0 0 0 3 2
1072 0 0 0 3 2
1073 0 0 0 3 2
1074 0 0 0 3 2
1075 0 0 0 3 2
1076 0 0 0 3 2
1077 0 0 0 3 2
1078 0 0 0 3 2
1079 0 0 0 3 2
1080 0 0 0 3 2
1081 0 0 0 0 2
1082 0 0 0 0 2
1083 0 0 0 0 2
1084 0 0 0 0 2
1085 0 0 0 0 2
1086 0 0 0 0 2
1087 0 0 0 0 2
1088 0 0 0 0 2
1089 0 0 0 0 2
1090 0 0 0 0 2
1091 0 0 0 0 2
1092 0 0 0 0 2
1093 0 0 0 0 2
1094 0 0 0 0 2
1095 0 0 0 0 2
1096 0 0 0 0 2
1097 0 0 0 0 2
1098 0 0 0 0 2
1099 0 0 0 0 2
1100 0 0 0 0 2
1101 0 0 0 0 2
1102 0 0 0 0 2
1103 0 0 0 0 2
1104 0 0 0 0 2
1105 0 0 0 0 2
1106 0 0 0 0 2
1107 0 0 0 0 2
1108 0 0 0 0 2
1109 0 0 0 0 2
1110 0 0 0 0 2
1111 0 0 0 3 2
1112 0 0 0 3 2
1113 0 0 0 3 2
1114 0 0 0 3 2
1115 0 0 0 3 2
1116 0 0 0 3 2
1117 0 0 0 3 2
1118 0 0 0 3 2
1119 0 0 0 3 2
1120 0 0 0 3 2
1121 0 0 0 3 2
1122 0 0 0 3 2
1123 0 0 0 3 2
1124 0 0 0 3 2
1125 0 0 0 3 2
1126 0 0 0 3 2
1127 0 0 0 3 2
1128 0 0 0 3 2
1129 0 0 0 3 2
1130 0 0 0 3 2
1131 0 0 0 3 2
1132 0 0 0 3 2
1133 0 0 0 3 2
1134 0 0 0 3 2
1135 0 0 0 3 2
1136 0 0 0 3 2
1137 0 0 0 3 2
1138 0 0 0 3 2
1139 0 0 0 3 2
1140 0 0 0 3 2
1141 0 0 0 3 2
1142 0 0 0 3 2
1143 0 0 0 3 2
1144 0 0 0 3 2
1145 0 0 0 3 2
1146 0 0 0 3 2
1147 0 0 0 3 2
1148 0 0 0 3 2
1149 0 0 0 3 2
1150 0 0 0 3 2
1151 0 0 0 3 2
1152 0 0 0 3 2
1153 0 0 0 3 2
1154 0 0 0 3 2
1155 0 0 0 3 2
1156 0 3 0 0 2
1157 0 3 0 0 2
1158 0 3 0 0 2
1159 0 3 0 0 2
1160 0 3 0 0 2
1161 0 3 0 0 2
1162 0 3 0 0 2
1163 0 3 0 0 2
1164 0 3 0 0 2
1165 0 3 0 0 2
1166 0 3 0 0 2
1167 0 3 0 0 2
1168 0 3 0 0 2
1169 0 3 0 0 2
1170 0 3 0 0 2
1171 0 0 0 3 2
1172 0 0 0 3 2
1173 0 0 0 3 2
1174 0 0 0 3 2
1175 0 0 0 3 2
1176 0 0 0 3 2
1177 0 0 0 3 2
1178 0 0 0 3 2
1179 0 0 0 3 2
1180 0 0 0 3 2
1181 0 0 0 3 2
1182 0 0 0 3 2
1183 0 0 0 3 2
1184 0 0 0 3 2
1185 0 0 0 3 2
1186 0 0 0 3 2
1187 0 3 3 0 2
1188 0 3 3 0 2
1189 0 3 3 0 2
1190 0 3 3 0 2
1191 0 3 3 0 2
1192 0 3 3 0 2
1193 0 3 3 0 2
1194 0 3 3 0 2
1195 0 3 3 0 2
1196 0 3 3 0 2
1197 0 3 3 0 2
1198 0 3 3 0 2
1199 0 3 3 0 2
1200 0 3 3 0 2
1201 0 3 3 0 2
1202 0 3 3 0 2
1203 0 3 3 0 2
1204 0 3 3 0 2
1205 0 0 3 0 2
1206 0 0 3 0 2
1207 0 0 3 0 2
1208 0 0 3 0 2
1209 0 0 3 0 2
1210 0 0 3 0 2
1211 0 0 3 0 2
1212 0 0 3 0 2
1213 0 0 3 0 2
1214 0 0 3 0 2
1215 0 0 3 0 2
1216 0 0 3 0 2
1217 0 0 3 0 2
1218 0 0 3 0 2
1219 0 0 3 0 2
1220 0 0 3 0 2
1221 0 0 3 0 2
1222 0 0 3 0 2
1223 0 0 3 0 2
1224 0 0 3 0 2
1225 0 0 3 0 2
1226 0 0 3 0 2
1227 0 0 3 0 2
1228 0 0 3 0 2
1229 0 0 3 0 2
1230 0 0 3 0 2
1231 0 0 3 0 2
1232 0 0 3 0 2
1233 0 0 3 0 2
1234 0 0 3 0 2
1235 0 3 3 0 2
1236 0 3 3 0 2
1237 0 3 3 0 2
1238 0 3 3 0 2
1239 0 3 3 0 2
1240 0 3 3 0 2
1241 0 3 3 0 2
1242 0 3 3 0 2
1243 0 3 3 0 2
1244 0 3 3 0 2
1245 0 3 3 0 2
1246 0 3 3 0 2
1247 0 3 3 0 2
1248 0 3 3 0 2
1249 0 3 3 0 2
1250 3 0 3 0 2
1251 3 0 3 0 2
1252 3 0 3 0 2
1253 3 0 3 0 2
1254 3 0 3 0 2
1255 3 0 3 0 2
1256 3 0 3 0 2
1257 3 0 3 0 2
1258 3 0 3 0 2
1259 3 0 3 0 2
1260 3 0 3 0 2
1261 3 0 3 0 2
1262 3 0 3 0 2
1263 3 0 3 0 2
1264 3 0 3 0 2
1265 0 3 3 0 2
1266 0 3 3 0 2
1267 0 3 3 0 2
1268 0 3 3 0 2
1269 0 3 3 0 2
1270 0 3 3 0 2
1271 0 3 3 0 2
1272 0 3 3 0 2
1273 0 3 3 0 2
1274 0 3 3 0 2
1275 0 3 3 0 2
1276 0 3 3 0 2
1277 0 3 3 0 2
1278 0 3 3 0 2
1279 0 3 3 0 2
1280 0 3 3 0 2
1281 0 3 3 0 2
1282 0 3 3 0 2
1283 0 3 3 0 2
1284 0 3 3 0 2
1285 0 3 3 0 2
1286 0 3 3 0 2
1287 0 3 3 0 2
1288 0 3 3 0 2
1289 0 3 3 0 2
1290 0 3 3 0 2
1291 0 3 3 0 2
1292 0 3 3 0 2
1293 0 3 3 0 2
1294 0 3 3 0 2
1295 3 0 3 0 2
1296 3 0 3 0 2
1297 3 0 3 0 2
1298 3 0 3 0 2
1299 3 0 3 0 2
1300 3 0 3 0 2
1301 3 0 3 0 2
1302 3 0 3 0 2
1303 3 0 3 0 2
1304 3 0 3 0 2
1305 3 0 3 0 2
1306 3 0 3 0 2
1307 3 0 3 0 2
1308 3 0 3 0 2
1309 3 0 3 0 2
1310 3 0 0 0 2
1311 3 0 0 0 2
1312 3 0 0 0 2
1313 3 0 0 0 2
1314 3 0 0 0 2
1315 3 0 0 0 2
1316 3 0 0 0 2
1317 3 0 0 0 2
1318 3 0 0 0 2
1319 3 0 0 0 2
1320 3 0 0 0 2
1321 3 0 0 0 2
1322 3 0 0 0 2
1323 3 0 0 0 2
1324 3 0 0 0 2
1325 3 0 0 0 2
1326 3 0 0 0 2
1327 3 0 0 0 2
1328 3 0 0 0 2
1329 3 0 0 0 2
1330 3 0 0 0 2
1331 3 0 0 0 2
1332 3 0 0 0 2
1333 3 0 0 0 2
1334 3 0 0 0 2
1335 3 0 0 0 2
1336 3 0 0 0 2
1337 3 0 0 0 2
1338 3 0 0 0 2
1339 3 0 0 0 2
1340 3 0 0 0 2
1341 3 0 0 0 2
1342 3 0 0 0 2
1343 3 0 0 0 2
1344 3 0 0 0 2
1345 3 0 0 0 2
1346 3 0 0 0 2
1347 3 0 0 0 2
1348 3 0 0 0 2
1349 3 0 0 0 2
1350 3 0 0 0 2
1351 3 0 0 0 2
1352 3 0 0 0 2
1353 3 0 0 0 2
1354 3 0 0 0 2
1355 3 0 3 0 2
1356 3 0 3 0 2
1357 3 0 3 0 2
1358 3 0 3 0 2
1359 3 0 3 0 2
1360 3 0 3 0 2
1361 3 0 3 0 2
1362 3 0 3 0 2
1363 3 0 3 0 2
1364 3 0 3 0 2
1365 3 0 3 0 2
1366 3 0 3 0 2
1367 3 0 3 0 2
1368 3 0 3 0 2
1369 3 0 3 0 2
1370 3 0 3 0 2
1371 3 0 3 0 2
1372 3 0 3 0 2
1373 3 0 3 0 2
1374 3 0 3 0 2
1375 3 0 3 0 2
1376 3 0 3 0 2
1377 3 0 3 0 2
1378 3 0 3 0 2
1379 3 0 3 0 2
1380 3 0 3 0 2
1381 3 0 3 0 2
1382 3 0 3 0 2
1383 3 0 3 0 2
1384 3 0 3 0 2
1385 3 0 0 3 2
1386 3 0 0 3 2
1387 3 0 0 3 2
1388 3 0 0 3 2
1389 3 0 0 3 2
1390 3 0 0 3 2
1391 3 0 0 3 2
1392 3 0 0 3 2
1393 3 0 0 3 2
1394 3 0 0 3 2
1395 3 0 0 3 2
1396 3 0 0 3 2
1397 3 0 0 3 2
1398 3 0 0 3 2
1399 3 0 0 3 2
1400 3 0 3 0 2
1401 3 0 3 0 2
1402 3 0 3 0 2
1403 3 0 3 0 2
1404 3 0 3 0 2
1405 3 0 3 0 2
1406 3 0 3 0 2
1407 3 0 3 0 2
1408 3 0 3 0 2
1409 3 0 3 0 2
1410 3 0 3 0 2
1411 3 0 3 0 2
1412 3 0 3 0 2
1413 3 0 3 0 2
1414 3 0 3 0 2
1415 3 0 3 0 2
1416 3 0 3 0 2
1417 3 0 3 0 2
1418 3 0 3 0 2
1419 3 0 3 0 2
1420 3 0 3 0 2
1421 3 0 3 0 2
1422 3 0 3 0 2
1423 3 0 3 0 2
1424 3 0 3 0 2
1425 3 0 3 0 2
1426 3 0 3 0 2
1427 3 0 3 0 2
1428 3 0 3 0 2
1429 3 0 3 0 2
1430 3 0 3 0 2
1431 3 0 3 0 2
1432 3 0 3 0 2
1433 3 0 3 0 2
1434 3 0 3 0 2
1435 3 0 3 0 2
1436 3 0 3 0 2
1437 3 0 3 0 2
1438 3 0 3 0 2
1439 3 0 3 0 2
1440 3 0 3 0 2
1441 3 0 3 0 2
1442 3 0 3 0 2
1443 3 0 3 0 2
1444 3 0 3 0 2
1445 3 0 0 0 2
1446 3 0 0 0 2
1447 3 0 0 0 2
1448 3 0 0 0 2
1449 3 0 0 0 2
1450 3 0 0 0 2
1451 3 0 0 0 2
1452 3 0 0 0 2
1453 3 0 0 0 2
1454 3 0 0 0 2
1455 3 0 0 0 2
1456 3 0 0 0 2
1457 3 0 0 0 2
1458 3 0 0 0 2
1459 3 0 0 0 2
1460 3 0 0 0 2
1461 3 0 0 0 2
1462 3 0 0 0 2
1463 3 0 0 0 2
1464 3 0 0 0 2
1465 3 0 0 0 2
1466 3 0 0 0 2
1467 3 0 0 0 2
1468 3 0 0 0 2
1469 3 0 0 0 2
1470 3 0 0 0 2
1471 3 0 0 0 2
1472 3 0 0 0 2
1473 3 0 0 0 2
1474 3 0 0 0 2
1475 3 0 0 0 2
1476 3 0 0 0 2
1477 3 0 0 0 2
1478 3 0 0 0 2
1479 3 0 0 0 2
1480 3 0 0 0 2
1481 3 0 0 0 2
1482 3 0 0 0 2
1483 3 0 0 0 2
1484 3 0 0 0 2
1485 3 0 0 0 2
1486 3 0 0 0 2
1487 3 0 0 0 2
1488 3 0 0 0 2
1489 3 0 0 0 2
1490 3 0 0 0 2
1491 3 0 0 0 2
1492 3 0 0 0 2
1493 3 0 0 0 2
1494 3 0 0 0 2
1495 3 0 0 0 2
1496 3 0 0 0 2
1497 3 0 0 0 2
1498 3 0 0 0 2
1499 3 0 0 0 2
1500 3 0 0 0 2
1501 3 0 0 0 2
1502 3 0 0 0 2
1503 3 0 0 0 2
1504 3 0 0 0 2
1505 3 0 3 0 2
1506 3 0 3 0 2
1507 3 0 3 0 2
1508 3 0 3 0 2
1509 3 0 3 0 2
1510 3 0 3 0 2
1511 3 0 3 0 2
1512 3 0 3 0 2
1513 3 0 3 0 2
1514 3 0 3 0 2
1515 3 0 3 0 2
1516 3 0 3 0 2
1517 3 0 3 0 2
1518 3 0 3 0 2
1519 3 0 3 0 2
1520 3 0 0 3 2
1521 3 0 0 3 2
1522 3 0 0 3 2
1523 3 0 0 3 2
1524 3 0 0 3 2
1525 3 0 0 3 2
1526 3 0 0 3 2
1527 3 0 0 3 2
1528 3 0 0 3 2
1529 3 0 0 3 2
1530 3 0 0 3 2
1531 3 0 0 3 2
1532 3 0 0 3 2
1533 3 0 0 3 2
1534 3 0 0 3 2
1535 3 0 0 0 2
1536 3 0 0 0 2
1537 3 0 0 0 2
1538 3 0 0 0 2
1539 3 0 0 0 2
1540 3 0 0 0 2
1541 3 0 0 0 2
1542 3 0 0 0 2
1543 3 0 0 0 2
1544 3 0 0 0 2
1545 3 0 0 0 2
1546 3 0 0 0 2
1547 3 0 0 0 2
1548 3 0 0 0 2
1549 3 0 0 0 2
1550 3 0 0 3 2
1551 3 0 0 3 2
1552 3 0 0 3 2
1553 3 0 0 3 2
1554 3 0 0 3 2
1555 3 0 0 3 2
1556 3 0 0 3 2
1557 3 0 0 3 2
1558 3 0 0 3 2
1559 3 0 0 3 2
1560 3 0 0 3 2
1561 3 0 0 3 2
1562 3 0 0 3 2
1563 3 0 0 3 2
1564 3 0 0 3 2
1565 3 0 0 3 2
1566 3 0 0 3 2
1567 3 0 0 3 2
1568 3 0 0 3 2
1569 3 0 0 3 2
1570 3 0 0 3 2
1571 3 0 0 3 2
1572 3 0 0 3 2
1573 3 0 0 3 2
1574 3 0 0 3 2
1575 3 0 0 3 2
1576 3 0 0 3 2
1577 3 0 0 3 2
1578 3 0 0 3 2
1579 3 0 0 3 2
1580 0 3 0 3 2
1581 0 3 0 3 2
1582 0 3 0 3 2
1583 0 3 0 3 2
1584 0 3 0 3 2
1585 0 3 0 3 2
1586 0 3 0 3 2
1587 0 3 0 3 2
1588 0 3 0 3 2
1589 0 3 0 3 2
1590 0 3 0 3 2
1591 0 3 0 3 2
1592 0 3 0 3 2
1593 0 3 0 3 2
1594 0 3 0 3 2
1595 3 0 3 0 2
1596 3 0 3 0 2
1597 3 0 3 0 2
1598 3 0 3 0 2
1599 3 0 3 0 2
1600 3 0 3 0 2
1601 3 0 3 0 2
1602 3 0 3 0 2
1603 3 0 3 0 2
1604 3 0 3 0 2
1605 3 0 3 0 2
1606 3 0 3 0 2
1607 3 0 3 0 2
1608 3 0 3 0 2
1609 3 0 3 0 2
1610 3 0 3 0 2
1611 3 0 3 0 2
1612 3 0 3 0 2
1613 3 0 3 0 2
1614 3 0 3 0 2
1615 3 0 3 0 2
1616 3 0 3 0 2
1617 3 0 3 0 2
1618 3 0 3 0 2
1619 3 0 3 0 2
1620 3 0 3 0 2
1621 3 0 3 0 2
1622 3 0 3 0 2
1623 3 0 3 0 2
1624 3 0 3 0 2
1625 3 0 3 0 2
1626 3 0 3 0 2
1627 3 0 3 0 2
1628 3 0 3 0 2
1629 3 0 3 0 2
1630 3 0 3 0 2
1631 3 0 3 0 2
1632 3 0 3 0 2
1633 3 0 3 0 2
1634 3 0 3 0 2
1635 3 0 3 0 2
1636 3 0 3 0 2
1637 3 0 3 0 2
1638 3 0 3 0 2
1639 3 0 3 0 2
1640 3 0 0 3 2
1641 3 0 0 3 2
1642 3 0 0 3 2
1643 3 0 0 3 2
1644 3 0 0 3 2
1645 3 0 0 3 2
1646 3 0 0 3 2
1647 3 0 0 3 2
1648 3 0 0 3 2
1649 3 0 0 3 2
1650 3 0 0 3 2
1651 3 0 0 3 2
1652 3 0 0 3 2
1653 3 0 0 3 2
1654 3 0 0 3 2
1655 3 0 0 3 2
1656 3 0 0 3 2
1657 3 0 0 3 2
1658 3 0 0 3 2
1659 3 0 0 3 2
1660 3 0 0 3 2
1661 3 0 0 3 2
1662 3 0 0 3 2
1663 3 0 0 3 2
1664 3 0 0 3 2
1665 3 0 0 3 2
1666 3 0 0 3 2
1667 3 0 0 3 2
1668 3 0 0 3 2
1669 3 0 0 3 2
1670 3 0 0 0 2
1671 3 0 0 0 2
1672 3 0 0 0 2
1673 3 0 0 0 2
1674 3 0 0 0 2
1675 3 0 0 0 2
1676 3 0 0 0 2
1677 3 0 0 0 2
1678 3 0 0 0 2
1679 3 0 0 0 2
1680 3 0 0 0 2
1681 3 0 0 0 2
1682 3 0 0 0 2
1683 3 0 0 0 2
1684 3 0 0 0 2
1685 3 0 0 0 2
1686 3 0 0 0 2
1687 3 0 0 0 2
1688 3 0 0 0 2
1689 3 0 0 0 2
1690 3 0 0 0 2
1691 3 0 0 0 2
1692 3 0 0 0 2
1693 3 0 0 0 2
1694 3 0 0 0 2
1695 3 0 0 0 2
1696 3 0 0 0 2
1697 3 0 0 0 2
1698 3 0 0 0 2
1699 3 0 0 0 2
1700 3 0 3 0 2
1701 3 0 3 0 2
1702 3 0 3 0 2
1703 3 0 3 0 2
1704 3 0 3 0 2
1705 3 0 3 0 2
1706 3 0 3 0 2
1707 3 0 3 0 2
1708 3 0 3 0 2
1709 3 0 3 0 2
1710 3 0 3 0 2
1711 3 0 3 0 2
1712 3 0 3 0 2
1713 3 0 3 0 2
1714 3 0 3 0 2
1715 3 0 0 0 2
1716 3 0 0 0 2
1717 3 0 0 0 2
1718 3 0 0 0 2
1719 3 0 0 0 2
1720 3 0 0 0 2
1721 3 0 0 0 2
1722 3 0 0 0 2
1723 3 0 0 0 2
1724 3 0 0 0 2
1725 3 0 0 0 2
1726 3 0 0 0 2
1727 3 0 0 0 2
1728 3 0 0 0 2
1729 3 0 0 0 2
1730 3 0 0 3 2
1731 3 0 0 3 2
1732 3 0 0 3 2
1733 3 0 0 3 2
1734 3 0 0 3 2
1735 3 0 0 3 2
1736 3 0 0 3 2
1737 3 0 0 3 2
1738 3 0 0 3 2
1739 3 0 0 3 2
1740 3 0 0 3 2
1741 3 0 0 3 2
1742 3 0 0 3 2
1743 3 0 0 3 2
1744 3 0 0 3 2
1745 3 0 3 0 2
1746 3 0 3 0 2
1747 3 0 3 0 2
1748 3 0 3 0 2
1749 3 0 3 0 2
1750 3 0 3 0 2
1751 3 0 3 0 2
1752 3 0 3 0 2
1753 3 0 3 0 2
1754 3 0 3 0 2
1755 3 0 3 0 2
1756 3 0 3 0 2
1757 3 0 3 0 2
1758 3 0 3 0 2
1759 3 0 3 0 2
1760 3 0 3 0 2
1761 3 0 3 0 2
1762 3 0 3 0 2
1763 3 0 3 0 2
1764 3 0 3 0 2
1765 3 0 3 0 2
1766 3 0 3 0 2
1767 3 0 3 0 2
1768 3 0 3 0 2
1769 3 0 3 0 2
1770 3 0 3 0 2
1771 3 0 3 0 2
1772 3 0 3 0 2
1773 3 0 3 0 2
1774 3 0 3 0 2
1775 3 0 0 0 2
1776 3 0 0 0 2
1777 3 0 0 0 2
1778 3 0 0 0 2
1779 3 0 0 0 2
1780 3 0 0 0 2
1781 3 0 0 0 2
1782 3 0 0 0 2
1783 3 0 0 0 2
1784 3 0 0 0 2
1785 3 0 0 0 2
1786 3 0 0 0 2
1787 3 0 0 0 2
1788 3 0 0 0 2
1789 3 0 0 0 2
1790 3 0 3 0 2
1791 3 0 3 0 2
1792 3 0 3 0 2
1793 3 0 3 0 2
1794 3 0 3 0 2
1795 3 0 3 0 2
1796 3 0 3 0 2
1797 3 0 3 0 2
1798 3 0 3 0 2
1799 3 0 3 0 2
1800 3 0 3 0 2
1801 3 0 3 0 2
1802 3 0 3 0 2
1803 3 0 3 0 2
1804 3 0 3 0 2
1805 3 0 0 0 2
1806 3 0 0 0 2
1807 3 0 0 0 2
1808 3 0 0 0 2
1809 3 0 0 0 2
1810 3 0 0 0 2
1811 3 0 0 0 2
1812 3 0 0 0 2
1813 3 0 0 0 2
1814 3 0 0 0 2
1815 3 0 0 0 2
1816 3 0 0 0 2
1817 3 0 0 0 2
1818 3 0 0 0 2
1819 3 0 0 0 2
1820 3 0 0 0 2
1821 3 0 0 0 2
1822 3 0 0 0 2
1823 3 0 0 0 2
1824 3 0 0 0 2
1825 3 0 0 0 2
1826 3 0 0 0 2
1827 3 0 0 0 2
1828 3 0 0 0 2
1829 3 0 0 0 2
1830 3 0 0 0 2
1831 3 0 0 0 2
1832 3 0 0 0 2
1833 3 0 0 0 2
1834 3 0 0 0 2
1835 3 0 0 0 2
1836 3 0 0 0 2
1837 3 0 0 0 2
1838 3 0 0 0 2
1839 3 0 0 0 2
1840 3 0 0 0 2
1841 3 0 0 0 2
1842 3 0 0 0 2
1843 3 0 0 0 2
1844 3 0 0 0 2
1845 3 0 0 0 2
1846 3 0 0 0 2
1847 3 0 0 0 2
1848 3 0 0 0 2
1849 3 0 0 0 2
1850 3 0 3 0 2
1851 3 0 3 0 2
1852 3 0 3 0 2
1853 3 0 3 0 2
1854 3 0 3 0 2
1855 3 0 3 0 2
1856 3 0 3 0 2
1857 3 0 3 0 2
1858 3 0 3 0 2
1859 3 0 3 0 2
1860 3 0 3 0 2
1861 3 0 3 0 2
1862 3 0 3 0 2
1863 3 0 3 0 2
1864 3 0 3 0 2
1865 3 0 0 0 2
1866 3 0 0 0 2
1867 3 0 0 0 2
1868 3 0 0 0 2
1869 3 0 0 0 2
1870 3 0 0 0 2
1871 3 0 0 0 2
1872 3 0 0 0 2
1873 3 0 0 0 2
1874 3 0 0 0 2
1875 3 0 0 0 2
1876 3 0 0 0 2
1877 3 0 0 0 2
1878 3 0 0 0 2
1879 3 0 0 0 2
1880 3 0 0 0 2
1881 3 0 0 0 2
1882 3 0 0 0 2
1883 3 0 0 0 2
1884 3 0 0 0 2
1885 3 0 0 0 2
1886 3 0 0 0 2
1887 3 0 0 0 2
1888 3 0 0 0 2
1889 3 0 0 0 2
1890 3 0 0 0 2
1891 3 0 0 0 2
1892 3 0 0 0 2
1893 3 0 0 0 2
1894 3 0 0 0 2
1895 3 0 0 0 2
1896 3 0 0 0 2
1897 3 0 0 0 2
1898 3 0 3 0 2
1899 3 0 3 0 2
1900 3 0 3 0 2
1901 3 0 3 0 2
1902 3 0 3 0 2
1903 3 0 3 0 2
1904 3 0 3 0 2
1905 3 0 3 0 2
1906 3 0 3 0 2
1907 3 0 3 0 2
1908 3 0 3 0 2
1909 3 0 3 0 2
1910 3 0 3 0 2
1911 3 0 3 0 2
1912 3 0 3 0 2
1913 3 0 3 0 2
1914 3 0 3 0 2
1915 3 0 3 0 2
1916 3 0 3 0 2
1917 3 0 3 0 2
1918 3 0 3 0 2
1919 3 0 3 0 2
1920 3 0 3 0 2
1921 3 0 3 0 2
1922 3 0 3 0 2
1923 3 0 3 0 2
1924 3 0 3 0 2
1925 3 0 3 0 2
1926 3 0 3 0 2
1927 3 0 3 0 2
1928 3 0 3 0 2
1929 3 0 3 0 2
1930 3 0 3 0 2
1931 3 0 3 0 2
1932 3 0 3 0 2
1933 3 0 3 0 2
1934 3 0 3 0 2
1935 3 0 3 0 2
1936 3 0 3 0 2
1937 3 0 3 0 2
1938 3 0 3 0 2
1939 3 0 3 0 2
1940 3 0 3 0 2
1941 3 0 3 0 2
1942 3 0 3 0 2
1943 3 0 3 0 2
1944 3 0 3 0 2
1945 3 0 3 0 2
1946 3 0 3 0 2
1947 3 0 3 0 2
1948 3 0 3 0 2
1949 3 0 3 0 2
1950 3 0 3 0 2
1951 3 0 3 0 2
1952 3 0 3 0 2
1953 3 0 3 0 2
1954 3 0 3 0 2
1955 3 0 3 0 2
1956 3 0 3 0 2
1957 3 0 3 0 2
1958 3 0 3 0 2
1959 3 0 3 0 2
1960 3 0 3 0 2
1961 3 0 3 0 2
1962 3 0 3 0 2
1963 3 0 3 0 2
1964 3 0 3 0 2
1965 3 0 3 0 2
1966 3 0 3 0 2
1967 3 0 3 0 2
1968 3 0 3 0 2
1969 3 0 3 0 2
1970 3 0 3 0 2
1971 3 0 3 0 2
1972 3 0 3 0 2
1973 3 0 3 0 2
1974 3 0 3 0 2
1975 3 0 3 0 2
1976 3 0 3 0 2
1977 3 0 3 0 2
1978 3 0 3 0 2
1979 3 0 3 0 2
1980 3 0 3 0 2
1981 3 0 3 0 2
1982 3 0 3 0 2
1983 3 0 3 0 2
1984 3 0 3 0 2
1985 3 0 3 0 2
1986 3 0 3 0 2
1987 3 0 3 0 2
1988 3 0 3 0 2
1989 3 0 3 0 2
1990 3 0 3 0 2
1991 3 0 3 0 2
1992 3 0 3 0 2
1993 3 0 3 0 2
1994 3 0 3 0 2
1995 3 0 3 0 2
1996 3 0 3 0 2
1997 3 0 3 0 2
1998 3 0 3 0 2
1999 3 0 3 0 2
2000 3 0 3 0 2
2001 3 0 3 0 2
2002 3 0 3 0 2
2003 0 0 3 0 2
2004 0 0 3 0 2
2005 0 0 3 0 2
2006 0 0 3 0 2
2007 0 0 3 0 2
2008 0 0 3 0 2
2009 0 0 3 0 2
2010 0 0 3 0 2
2011 0 0 3 0 2
2012 0 0 3 0 2
2013 0 0 3 0 2
2014 0 0 3 0 2
2015 0 0 3 0 2
2016 0 0 3 0 2
2017 0 0 3 0 2
2018 0 0 3 0 2
2019 0 0 3 0 2
2020 0 0 3 0 2
2021 0 0 3 0 2
2022 0 0 3 0 2
2023 0 0 3 0 2
2024 0 0 3 0 2
2025 0 0 3 0 2
2026 0 0 3 0 2
2027 0 0 3 0 2
2028 0 0 3 0 2
2029 0 0 3 0 2
2030 0 0 3 0 2
2031 0 0 3 0 2
2032 0 0 3 0 2
2033 0 0 3 0 2
2034 0 0 3 0 2
2035 0 0 3 0 2
2036 0 0 3 0 2
2037 0 0 3 0 2
2038 0 0 3 0 2
2039 0 0 3 0 2
2040 0 0 3 0 2
2041 0 0 3 0 2
2042 0 0 3 0 2
2043 0 0 3 0 2
2044 0 0 3 0 2
2045 0 0 3 0 2
2046 0 0 3 0 2
2047 0 0 3 0 2
2048 0 0 3 0 2
2049 0 0 3 0 2
2050 0 0 3 0 2
2051 0 0 3 0 2
2052 0 0 3 0 2
2053 0 0 3 0 2
2054 0 0 3 0 2
2055 0 0 3 0 2
2056 0 0 3 0 2
2057 0 0 3 0 2
2058 0 0 3 0 2
2059 0 0 3 0 2
2060 0 0 3 0 2
2061 0 0 3 0 2
2062 0 0 3 0 2
2063 3 0 3 0 2
2064 3 0 3 0 2
2065 3 0 3 0 2
2066 3 0 3 0 2
2067 3 0 3 0 2
2068 3 0 3 0 2
2069 3 0 3 0 2
2070 3 0 3 0 2
2071 3 0 3 0 2
2072 3 0 3 0 2
2073 3 0 3 0 2
2074 3 0 3 0 2
2075 3 0 3 0 2
2076 3 0 3 0 2
2077 3 0 3 0 2
2078 3 0 3 0 2
2079 3 0 3 0 2
2080 3 0 3 0 2
2081 3 0 3 0 2
2082 3 0 3 0 2
2083 3 0 3 0 2
2084 3 0 3 0 2
2085 3 0 3 0 2
2086 3 0 3 0 2
2087 3 0 3 0 2
2088 3 0 3 0 2
2089 3 0 3 0 2
2090 3 0 3 0 2
2091 3 0 3 0 2
2092 3 0 3 0 2
2093 3 0 3 0 2
2094 3 0 3 0 2
2095 3 0 3 0 2
2096 3 0 3 0 2
2097 3 0 3 0 2
2098 3 0 3 0 2
2099 3 0 3 0 2
2100 3 0 3 0 2
2101 3 0 3 0 2
2102 3 0 3 0 2
2103 3 0 3 0 2
2104 3 0 3 0 2
2105 3 0 3 0 2
2106 3 0 3 0 2
2107 3 0 3 0 2
2108 3 0 3 0 2
2109 3 0 3 0 2
2110 3 0 3 0 2
2111 3 0 3 0 2
2112 3 0 3 0 2
2113 3 0 3 0 2
2114 3 0 3 0 2
2115 3 0 3 0 2
2116 3 0 3 0 2
2117 3 0 3 0 2
2118 3 0 3 0 2
2119 3 0 3 0 2
2120 3 0 0 0 2
2121 3 0 0 0 2
2122 3 0 0 0 2
2123 3 0 3 0 2
2124 3 0 3 0 2
2125 3 0 3 0 2
2126 3 0 3 0 2
2127 3 0 3 0 2
2128 3 0 3 0 2
2129 3 0 3 0 2
2130 3 0 3 0 2
2131 3 0 3 0 2
2132 3 0 3 0 2
2133 3 0 3 0 2
2134 3 0 3 0 2
2135 3 0 3 0 2
2136 3 0 3 0 2
2137 3 0 3 0 2
2138 3 0 0 3 2
2139 3 0 0 3 2
2140 3 0 0 3 2
2141 3 0 0 3 2
2142 3 0 0 3 2
2143 3 0 0 3 2
2144 3 0 0 3 2
2145 3 0 0 3 2
2146 3 0 0 3 2
2147 3 0 0 3 2
2148 3 0 0 3 2
2149 3 0 0 3 2
2150 3 0 0 3 2
2151 3 0 0 3 2
2152 3 0 0 3 2
2153 3 0 0 3 2
2154 3 0 0 3 2
2155 3 0 0 3 2
2156 3 0 0 3 2
2157 3 0 0 3 2
2158 3 0 0 3 2
2159 3 0 0 3 2
2160 3 0 0 3 2
2161 3 0 0 3 2
2162 3 0 0 3 2
2163 3 0 0 3 2
2164 3 0 0 3 2
2165 3 0 0 3 2
2166 3 0 0 3 2
2167 3 0 0 3 2
2168 3 0 0 3 2
2169 3 0 0 3 2
2170 3 0 0 3 2
2171 3 0 0 3 2
2172 3 0 0 3 2
2173 3 0 0 3 2
2174 3 0 0 3 2
2175 3 0 0 3 2
2176 3 0 0 3 2
2177 3 0 0 3 2
2178 3 0 0 3 2
2179 3 0 0 3 2
2180 3 0 0 3 2
2181 3 0 0 3 2
2182 3 0 0 3 2
2183 3 0 0 3 2
2184 3 0 0 3 2
2185 3 0 0 3 2
2186 3 0 0 3 2
2187 3 0 0 3 2
2188 3 0 0 3 2
2189 3 0 0 3 2
2190 3 0 0 3 2
2191 3 0 0 3 2
2192 3 0 0 3 2
2193 3 0 0 3 2
2194 3 0 0 3 2
2195 3 0 0 3 2
2196 3 0 0 3 2
2197 3 0 0 3 2
2198 3 0 0 3 2
2199 3 0 0 3 2
2200 3 0 0 3 2
2201 3 0 0 3 2
2202 3 0 0 3 2
2203 3 0 0 3 2
2204 3 0 0 3 2
2205 3 0 0 3 2
2206 3 0 0 3 2
2207 3 0 0 3 2
2208 3 0 0 3 2
2209 3 0 0 3 2
2210 3 0 0 3 2
2211 3 0 0 3 2
2212 3 0 0 3 2
2213 3 0 0 3 2
2214 3 0 0 3 2
2215 3 0 0 3 2
2216 3 0 0 3 2
2217 3 0 0 3 2
2218 3 0 0 3 2
2219 3 0 0 3 2
2220 3 0 0 3 2
2221 3 0 0 3 2
2222 3 0 0 3 2
2223 3 0 0 3 2
2224 3 0 0 3 2
2225 3 0 0 3 2
2226 3 0 0 3 2
2227 3 0 0 3 2
2228 3 0 0 3 2
2229 3 0 0 3 2
2230 3 0 0 3 2
2231 3 0 0 3 2
2232 3 0 0 3 2
2233 3 0 0 3 2
2234 3 0 0 3 2
2235 3 0 0 3 2
2236 3 0 0 3 2
2237 3 0 0 3 2
2238 3 0 0 3 2
2239 3 0 0 3 2
2240 3 0 0 3 2
2241 3 0 0 3 2
2242 3 0 0 3 2
2243 3 0 0 3 2
2244 3 0 0 3 2
2245 3 0 0 3 2
2246 3 0 0 3 2
2247 3 0 0 3 2
2248 3 0 0 3 2
2249 3 0 0 3 2
2250 3 0 0 3 2
2251 3 0 0 3 2
2252 3 0 0 0 2
2253 3 0 0 0 2
2254 3 0 0 0 2
2255 3 0 3 0 2
2256 3 0 3 0 2
2257 3 0 3 0 2
2258 3 0 3 0 2
2259 3 0 3 0 2
2260 3 0 3 0 2
2261 3 0 3 0 2
2262 3 0 3 0 2
2263 3 0 3 0 2
2264 3 0 3 0 2
2265 3 0 3 0 2
2266 3 0 3 0 2
2267 3 0 3 0 2
2268 3 0 3 0 2
2269 3 0 3 0 2
2270 3 0 3 0 2
2271 3 0 3 0 2
2272 3 0 3 0 2
2273 3 0 3 0 2
2274 3 0 3 0 2
2275 3 0 3 0 2
2276 3 0 3 0 2
2277 3 0 3 0 2
2278 3 0 3 0 2
2279 3 0 3 0 2
2280 3 0 3 0 2
2281 3 0 3 0 2
2282 3 0 3 0 2
2283 3 0 3 0 2
2284 3 0 3 0 2
2285 3 0 3 0 2
2286 3 0 3 0 2
2287 3 0 3 0 2
2288 3 0 3 0 2
2289 3 0 3 0 2
2290 3 0 3 0 2
2291 3 0 3 0 2
2292 3 0 3 0 2
2293 3 0 3 0 2
2294 3 0 3 0 2
2295 3 0 3 0 2
2296 3 0 3 0 2
2297 3 0 3 0 2
2298 3 0 3 0 2
2299 3 0 3 0 2
2300 3 0 3 0 2
2301 3 0 3 0 2
2302 3 0 3 0 2
2303 3 0 3 0 2
2304 3 0 3 0 2
2305 3 0 3 0 2
2306 3 0 3 0 2
2307 3 0 3 0 2
2308 3 0 3 0 2
2309 3 0 3 0 2
2310 3 0 3 0 2
2311 3 0 3 0 2
2312 3 0 3 0 2
2313 3 0 3 0 2
2314 3 0 3 0 2
2315 3 0 3 0 2
2316 3 0 3 0 2
2317 3 0 3 0 2
2318 3 0 3 0 2
2319 3 0 3 0 2
2320 3 0 3 0 2
2321 3 0 3 0 2
2322 3 0 3 0 2
2323 3 0 3 0 2
2324 3 0 3 0 2
2325 3 0 3 0 2
2326 3 0 3 0 2
2327 3 0 3 0 2
2328 3 0 3 0 2
2329 3 0 3 0 2
2330 3 0 3 0 2
2331 3 0 3 0 2
2332 3 0 3 0 2
2333 3 0 3 0 2
2334 3 0 3 0 2
2335 3 0 3 0 2
2336 3 0 3 0 2
2337 3 0 3 0 2
2338 3 0 3 0 2
2339 3 0 3 0 2
2340 3 0 3 0 2
2341 3 0 3 0 2
2342 3 0 3 0 2
2343 3 0 3 0 2
2344 3 0 3 0 2
2345 3 0 3 0 2
2346 3 0 3 0 2
2347 3 0 3 0 2
2348 3 0 3 0 2
2349 3 0 3 0 2
2350 3 0 3 0 2
2351 3 0 3 0 2
2352 3 0 3 0 2
2353 3 0 3 0 2
2354 3 0 3 0 2
2355 3 0 3 0 2
2356 3 0 3 0 2
2357 3 0 3 0 2
2358 3 0 3 0 2
2359 3 0 3 0 2
2360 3 0 0 0 2
2361 3 0 0 0 2
2362 3 0 0 0 2
2363 3 0 0 0 2
2364 3 0 0 0 2
2365 3 0 0 0 2
2366 3 0 0 0 2
2367 3 0 0 0 2
2368 3 0 0 0 2
2369 3 0 0 0 2
2370 3 0 0 0 2
2371 3 0 0 0 2
2372 3 0 0 0 2
2373 3 0 0 0 2
2374 3 0 0 0 2
2375 3 0 3 0 2
2376 3 0 3 0 2
2377 3 0 3 0 2
2378 3 0 3 0 2
2379 3 0 3 0 2
2380 3 0 3 0 2
2381 3 0 3 0 2
2382 3 0 3 0 2
2383 3 0 3 0 2
2384 3 0 3 0 2
2385 3 0 3 0 2
2386 3 0 3 0 2
2387 3 0 3 0 2
2388 3 0 3 0 2
2389 3 0 3 0 2
2390 0 0 3 0 3
2391 0 0 3 0 3
2392 0 0 3 0 3
2393 0 0 3 0 3
2394 0 0 3 0 3
2395 0 0 3 0 3
2396 0 0 3 0 3
2397 0 0 3 0 3
2398 0 0 3 0 3
2399 0 0 3 0 3
2400 0 0 3 0 3
2401 0 0 3 0 3
2402 0 0 3 0 3
2403 0 0 3 0 3
2404 0 0 3 0 3
2405 0 0 3 0 3
2406 0 0 3 0 3
2407 0 0 3 0 3
2408 0 0 3 0 3
2409 0 0 3 0 3
2410 0 0 3 0 3
2411 0 0 3 0 3
2412 0 0 3 0 3
2413 0 0 3 0 3
2414 0 0 3 0 3
2415 0 0 3 0 3
2416 0 0 3 0 3
2417 0 0 3 0 3
2418 0 0 3 0 3
2419 0 0 3 0 3
2420 0 0 3 0 3
2421 0 0 3 0 3
2422 0 0 3 0 3
2423 0 0 3 0 3
2424 0 0 3 0 3
2425 0 0 3 0 3
2426 0 0 3 0 3
2427 0 0 3 0 3
2428 0 0 3 0 3
2429 0 0 3 0 3
2430 0 0 3 0 3
2431 0 0 3 0 3
2432 0 0 3 0 3
2433 0 0 3 0 3
2434 0 0 3 0 3
2435 0 0 3 0 3
2436 0 0 3 0 3
2437 0 0 3 0 3
2438 0 0 3 0 3
2439 0 0 3 0 3
2440 0 0 3 0 3
2441 0 0 3 0 3
2442 0 0 3 0 3
2443 0 0 3 0 3
2444 0 0 3 0 3
2445 0 0 3 0 3
2446 0 0 3 0 3
2447 0 0 3 0 3
2448 0 0 3 0 3
2449 0 0 3 0 3
2450 0 0 3 0 3
2451 0 0 3 0 3
2452 0 0 3 0 3
2453 0 0 3 0 3
2454 0 0 3 0 3
2455 0 0 3 0 3
2456 0 0 3 0 3
2457 0 0 3 0 3
2458 0 0 3 0 3
2459 0 0 3 0 3
2460 0 0 3 0 3
2461 0 0 3 0 3
2462 0 0 3 0 3
2463 0 0 3 0 3
2464 0 0 3 0 3
2465 0 0 3 0 3
2466 0 0 3 0 3
2467 0 0 3 0 3
2468 0 0 3 0 3
2469 0 0 3 0 3
2470 0 0 3 0 3
2471 0 0 3 0 3
2472 0 0 3 0 3
2473 0 0 3 0 3
2474 0 0 3 0 3
2475 0 0 3 0 3
2476 0 0 3 0 3
2477 0 0 3 0 3
2478 0 0 3 0 3
2479 0 0 3 0 3
2480 0 0 3 0 3
2481 0 0 3 0 3
2482 0 0 3 0 3
2483 0 0 3 0 3
2484 0 0 3 0 3
2485 0 0 3 0 3
2486 0 0 3 0 3
2487 0 0 3 0 3
2488 0 0 3 0 3
2489 0 0 3 0 3
2490 0 0 3 0 3
2491 0 0 3 0 3
2492 0 0 3 0 3
2493 0 0 3 0 3
2494 0 0 3 0 3
2495 0 0 3 0 3
2496 0 0 3 0 3
2497 0 0 3 0 3
2498 0 0 3 0 3
2499 0 0 3 0 0
2500 0 0 3 0 0
2501 0 0 3 0 0
2502 0 0 3 0 0
2503 0 0 3 0 0
2504 0 0 3 0 0
2505 0 0 3 0 0
2506 0 0 3 0 0
2507 0 0 3 0 0
2508 0 0 3 0 0
2509 0 0 3 0 0
2510 0 0 3 0 0
2511 0 0 3 0 0
2512 0 0 3 0 0
2513 0 0 3 0 0
2514 0 0 0 0 0
2515 0 0 0 0 0
2516 0 0 0 0 0
2517 0 0 0 0 0
2518 0 0 0 0 0
2519 0 0 0 0 0
2520 0 0 0 0 0
2521 0 0 0 0 0
2522 0 0 0 0 0
2523 0 0 0 0 0
2524 0 0 0 0 0
2525 0 0 0 0 0
2526 0 0 0 0 0
2527 0 0 0 0 0
2528 0 0 0 0 0
2529 0 0 0 0 0
2530 0 0 0 0 0
2531 0 0 0 0 0
2532 0 0 0 0 0
2533 0 0 0 0 0
2534 0 0 0 0 0
2535 0 0 0 0 0
2536 0 0 0 0 0
2537 0 0 0 0 0
2538 0 0 0 0 0
2539 0 0 0 0 0
2540 0 0 0 0 0
2541 0 0 0 0 0
2542 0 0 0 0 0
2543 0 0 0 0 0
2544 0 0 0 0 0
2545 0 0 0 0 0
2546 0 0 0 0 0
2547 0 0 0 0 0
2548 0 0 0 0 0
2549 0 0 0 0 0
2550 0 0 0 0 0
2551 0 0 0 0 0
2552 0 0 0 0 0
2553 0 0 0 0 0
2554 0 0 0 0 0
2555 0 0 0 0 0
2556 0 0 0 0 0
2557 0 0 0 0 0
2558 0 0 0 0 0
2559 0 0 0 0 0
2560 0 0 0 0 0
2561 0 0 0 0 0
2562 0 0 0 0 0
2563 0 0 0 0 0
2564 0 0 0 0 0
2565 0 0 0 0 0
2566 0 0 0 0 0
2567 0 0 0 0 0
2568 0 0 0 0 0
2569 0 0 0 0 0
2570 0 0 0 0 0
2571 0 0 0 0 0
2572 0 0 0 0 0
2573 0 0 0 0 0
2574 0 0 0 0 0
2575 0 0 0 0 0
2576 0 0 0 0 0
2577 0 0 0 0 0
2578 0 0 0 0 0
2579 0 0 0 0 0
2580 0 0 0 0 0
2581 0 0 0 0 0
2582 0 0 0 0 0
2583 0 0 0 0 0
2584 0 0 0 0 0
2585 0 0 0 0 0
2586 0 0 0 0 0
2587 0 0 0 0 0
2588 0 0 0 0 0
2589 0 0 0 0 0
2590 0 0 0 0 0
2591 0 0 0 0 0
2592 0 0 0 0 0
2593 0 0 0 0 0
2594 0 0 0 0 0
2595 0 0 0 0 0
2596 0 0 0 0 0
2597 0 0 0 0 0
2598 0 0 0 0 0
2599 0 0 0 0 0
2600 0 0 0 0 0
2601 0 0 0 0 0
2602 0 0 0 0 0
2603 0 0 0 0 0
2604 0 0 0 0 0
2605 0 0 0 0 0
2606 0 0 0 0 0
2607 0 0 0 0 0
2608 0 0 0 0 0
2609 0 0 0 0 0
2610 0 0 0 0 0
