0 0 0 0 0 0
10 0 0 0 0 0
20 0 0 0 0 0
30 0 0 0 0 0
40 0 0 0 0 0
50 0 0 0 0 0
60 0 0 0 0 0
70 0 0 0 0 0
80 0 0 0 0 0
90 0 0 0 0 0
100 0 0 0 0 0
110 0 0 0 0 0
120 0 0 0 0 0
130 0 0 0 0 0
140 0 0 0 0 0
150 0 0 0 0 0
160 0 0 0 0 0
170 0 0 0 0 0
180 0 0 0 0 0
190 0 0 0 0 0
200 0 3 0 0 0
210 0 3 0 3 0
220 0 3 0 3 0
230 0 3 0 3 0
240 0 3 0 3 0
250 0 3 3 0 0
260 0 3 3 0 0
270 0 3 3 0 0
280 0 3 3 0 0
290 0 3 3 0 1
300 0 3 3 0 1
310 0 3 3 0 1
320 0 3 3 0 1
330 0 3 3 0 1
340 0 3 3 0 1
350 0 3 3 0 1
360 0 3 3 0 1
370 3 0 3 0 1
380 3 0 3 0 1
390 3 0 3 0 1
400 3 0 3 0 1
410 3 0 3 0 1
420 3 0 3 0 1
430 3 0 3 0 1
440 0 0 3 0 1
450 3 0 3 0 1
460 3 0 3 0 1
470 3 0 3 0 1
480 3 0 3 0 1
490 3 0 3 0 1
500 3 0 3 0 1
510 3 0 3 0 1
520 3 0 3 0 1
530 3 0 3 0 1
540 3 0 3 0 1
550 3 0 3 0 1
560 3 0 3 0 1
570 3 0 3 0 1
580 3 0 3 0 1
590 3 0 3 0 1
600 3 0 3 0 2
610 3 0 3 0 2
620 3 0 3 0 2
630 3 0 3 0 3
640 3 0 3 0 3
650 3 0 3 0 3
660 3 0 3 0 3
670 3 0 3 0 3
680 3 0 3 0 3
690 3 0 3 0 3
700 3 0 3 0 3
710 3 0 3 0 3
720 3 0 3 0 3
730 3 0 3 0 3
740 3 0 3 0 3
750 0 0 0 3 0
760 0 0 0 3 0
770 3 0 0 0 0
780 3 0 0 0 0
790 3 0 3 0 0
800 0 0 3 0 0
810 0 0 3 0 0
820 0 0 3 0 0
830 3 0 3 0 0
840 3 0 3 0 0
850 3 0 3 0 0
860 3 0 3 0 0
870 3 0 3 0 0
880 3 0 3 0 0
890 0 0 3 0 0
900 0 3 3 0 1
910 0 3 3 0 1
920 0 3 3 0 1
930 0 3 3 0 1
940 0 3 3 0 1
950 3 0 3 0 1
960 3 0 3 0 1
970 3 0 3 0 1
980 3 0 3 0 1
990 3 0 3 0 1
1000 3 0 3 0 1
1010 3 0 3 0 1
1020 3 0 3 0 1
1030 3 0 3 0 1
1040 3 0 3 0 1
1050 3 0 3 0 1
1060 3 0 3 0 1
1070 3 0 3 0 1
1080 3 0 3 0 1
1090 3 0 3 0 1
1100 3 0 3 0 1
1110 3 0 3 0 1
1120 3 0 3 0 1
1130 3 0 3 0 2
1140 3 0 3 0 2
1150 3 0 3 0 2
1160 3 0 3 0 3
1170 3 0 3 0 3
1180 3 0 3 0 3
1190 3 0 3 0 3
1200 0 0 3 0 3
1210 0 0 3 0 3
1220 0 0 3 0 3
1230 0 0 3 0 3
1240 0 0 3 0 3
1250 3 0 3 0 3
1260 3 0 3 0 3
1270 0 0 0 3 0
1280 0 0 0 3 0
1290 0 0 0 0 0
1300 0 0 0 0 0
1310 0 0 0 0 0
1320 0 0 0 0 0
1330 3 0 0 0 0
1340 3 0 0 0 0
1350 0 0 0 0 0
