0 0 0 0 0 0
10 0 0 0 0 0
20 0 0 0 0 0
30 0 0 0 0 0
40 0 0 0 0 0
50 0 0 3 0 0
60 0 3 3 0 0
70 0 3 3 0 0
80 0 3 3 0 0
90 0 3 3 0 0
100 0 3 3 0 0
110 0 3 3 0 0
120 0 3 3 0 0
130 0 3 3 0 0
140 0 3 3 0 0
150 0 3 3 0 0
160 0 3 3 0 0
170 0 3 3 0 0
180 0 3 3 0 0
190 0 3 3 0 0
200 0 3 3 0 0
210 3 0 3 0 0
220 3 0 3 0 0
230 3 0 0 3 0
240 3 0 0 3 0
250 3 0 0 3 0
260 3 0 0 3 0
270 3 0 0 0 0
280 3 0 0 0 0
290 3 0 3 0 0
300 3 0 3 0 0
310 3 0 3 0 0
320 3 0 3 0 1
330 3 0 3 0 1
340 3 0 3 0 1
350 3 0 3 0 1
360 3 0 3 0 1
370 3 0 3 0 1
380 3 0 3 0 1
390 3 0 0 3 1
400 3 0 0 3 1
410 3 0 0 3 1
420 3 0 3 0 1
430 3 0 3 0 1
440 3 0 3 0 1
450 3 0 3 0 1
460 3 0 3 0 1
470 3 0 3 0 2
480 3 0 3 0 2
490 3 0 3 0 2
500 3 0 3 0 3
510 3 0 3 0 3
520 3 0 3 0 3
530 3 0 3 0 3
540 3 0 3 0 3
550 3 0 3 0 3
560 3 0 3 0 3
570 3 0 3 0 3
580 3 0 3 0 3
590 3 0 3 0 3
600 3 0 3 0 3
610 3 0 3 0 3
620 3 0 3 0 3
630 3 0 3 0 3
640 0 0 3 0 0
650 0 3 3 0 0
660 0 3 3 0 0
670 0 3 3 0 0
680 0 3 3 0 0
690 0 3 3 0 0
700 0 3 3 0 0
710 0 3 3 0 0
720 0 3 3 0 0
730 0 3 3 0 0
740 3 0 3 0 0
750 3 0 0 3 0
760 3 0 0 3 0
770 3 0 3 0 0
780 3 0 3 0 0
790 3 0 3 0 0
800 3 0 3 0 1
810 3 0 3 0 1
820 3 0 3 0 1
830 3 0 3 0 1
840 3 0 3 0 1
850 3 0 3 0 1
860 3 0 3 0 1
870 3 0 3 0 1
880 3 0 3 0 1
890 3 0 3 0 1
900 3 0 3 0 1
910 3 0 3 0 1
920 3 0 3 0 1
930 3 0 3 0 1
940 3 0 3 0 1
950 3 0 3 0 1
960 3 0 3 0 2
970 3 0 3 0 2
980 3 0 3 0 3
990 3 0 3 0 3
1000 3 0 3 0 3
1010 0 0 3 0 3
1020 0 0 3 0 3
1030 0 0 3 0 3
1040 0 0 3 0 3
1050 3 0 3 0 3
1060 3 0 3 0 3
1070 0 0 3 0 3
1080 0 0 3 0 3
1090 0 0 0 3 0
1100 0 0 0 3 0
1110 3 0 0 0 0
1120 3 0 0 0 0
1130 3 0 0 0 0
1140 0 0 0 0 0
1150 3 0 3 0 0
1160 3 0 3 0 0
