0 0 0 0 0 0
10 0 0 0 0 0
20 0 0 0 0 0
30 0 0 0 0 0
40 0 0 0 0 0
50 0 0 3 0 0
60 0 3 0 0 0
70 0 3 0 0 0
80 0 3 0 0 0
90 0 3 0 0 0
100 0 3 3 0 0
110 0 3 3 0 0
120 0 3 3 0 0
130 0 3 3 0 0
140 0 3 3 0 0
150 0 3 3 0 0
160 3 0 3 0 1
170 3 0 3 0 1
180 3 0 3 0 1
190 3 0 3 0 1
200 3 0 3 0 1
210 3 0 3 0 1
220 3 0 3 0 1
230 3 0 3 0 1
240 3 0 3 0 1
250 3 0 0 3 1
260 3 0 3 0 1
270 3 0 3 0 1
280 3 0 3 0 1
290 3 0 3 0 2
300 3 0 3 0 2
310 3 0 3 0 3
320 3 0 3 0 3
330 3 0 3 0 3
340 3 0 3 0 3
350 3 0 3 0 3
360 3 0 3 0 3
370 3 0 3 0 3
380 3 0 3 0 3
390 0 0 3 0 3
400 0 0 3 0 3
410 3 0 3 0 3
420 0 0 0 0 3
430 0 0 0 0 3
440 0 3 3 0 0
450 0 3 0 0 0
460 0 3 0 0 0
470 3 0 3 0 0
480 3 0 0 0 0
490 3 0 0 0 0
500 3 0 0 0 0
510 3 0 0 0 0
520 3 0 0 0 0
530 3 0 0 0 0
540 3 0 0 0 0
550 3 0 0 0 0
560 0 3 0 0 0
570 0 0 3 0 0
580 0 0 3 0 0
590 0 3 3 0 0
600 0 3 3 0 0
610 0 3 3 0 0
620 3 0 3 0 1
630 0 0 0 0 2
640 0 0 3 0 2
650 3 0 3 0 2
660 3 0 3 0 2
670 3 0 3 0 2
680 3 0 3 0 2
690 3 0 3 0 2
700 3 0 3 0 2
710 3 0 3 0 2
720 3 0 3 0 2
730 3 0 3 0 2
740 3 0 3 0 2
750 3 0 3 0 2
760 3 0 3 0 2
770 3 0 3 0 2
780 3 0 3 0 3
790 3 0 3 0 3
800 3 0 3 0 3
810 3 0 3 0 3
820 3 0 3 0 3
830 3 0 3 0 3
840 3 0 3 0 3
850 3 0 3 0 3
860 0 0 3 0 3
870 0 0 0 0 3
880 0 0 0 0 3
890 3 0 3 0 3
900 3 0 0 0 3
910 3 0 0 0 3
920 3 0 0 0 3
930 0 0 0 0 3
940 0 0 0 0 3
950 3 0 0 0 3
960 3 0 0 0 3
970 3 0 0 0 3
980 3 0 0 0 3
990 3 0 0 0 3
