0 0 0 0 0 0
1 0 0 0 0 0
2 0 0 0 0 0
3 0 0 0 0 0
4 0 0 0 0 0
5 0 0 0 0 0
6 0 0 0 0 0
7 0 0 0 0 0
8 0 0 0 0 0
9 0 0 0 0 0
10 0 0 0 0 0
11 0 0 0 0 0
12 0 0 0 0 0
13 0 0 0 0 0
14 0 0 0 0 0
15 0 0 0 0 0
16 0 0 0 0 0
17 0 0 0 0 0
18 0 0 0 0 0
19 0 0 0 0 0
20 0 0 0 0 0
21 0 0 0 0 0
22 0 0 0 0 0
23 0 0 0 0 0
24 0 0 0 0 0
25 0 0 0 0 0
26 0 0 0 0 0
27 0 0 0 0 0
28 0 0 0 0 0
29 0 0 0 0 0
30 0 0 0 0 0
31 0 0 0 0 0
32 0 0 0 0 0
33 0 0 0 0 0
34 0 0 0 0 0
35 0 0 0 0 0
36 0 0 0 0 0
37 0 0 0 0 0
38 0 0 0 0 0
39 0 0 0 0 0
40 0 0 0 0 0
41 0 0 0 0 0
42 0 0 0 0 0
43 0 0 3 0 0
44 0 0 3 0 0
45 0 0 3 0 0
46 0 0 3 0 0
47 0 0 3 0 0
48 0 0 3 0 0
49 0 0 3 0 0
50 0 0 3 0 0
51 0 0 3 0 0
52 0 0 3 0 0
53 0 0 3 0 0
54 0 0 3 0 0
55 0 0 3 0 0
56 0 0 3 0 0
57 0 0 3 0 0
58 0 3 0 0 0
59 0 3 0 0 0
60 0 3 0 0 0
61 0 3 0 0 0
62 0 3 0 0 0
63 0 3 0 0 0
64 0 3 0 0 0
65 0 3 0 0 0
66 0 3 0 0 0
67 0 3 0 0 0
68 0 3 0 0 0
69 0 3 0 0 0
70 0 3 0 0 0
71 0 3 0 0 0
72 0 3 0 0 0
73 0 3 0 0 0
74 0 3 0 0 0
75 0 3 0 0 0
76 0 3 0 0 0
77 0 3 0 0 0
78 0 3 0 0 0
79 0 3 0 0 0
80 0 0 3 0 0
81 0 0 3 0 0
82 0 0 3 0 0
83 0 3 0 0 0
84 0 3 0 0 0
85 0 3 0 0 0
86 0 3 0 0 0
87 0 3 0 0 0
88 0 3 0 0 0
89 0 3 0 0 0
90 0 3 0 0 0
91 0 3 0 0 0
92 0 3 0 0 0
93 0 3 0 0 0
94 0 3 0 0 0
95 0 3 0 0 0
96 0 3 0 0 0
97 0 3 0 0 0
98 0 3 3 0 0
99 0 3 3 0 0
100 0 3 3 0 0
101 0 3 3 0 0
102 0 3 3 0 0
103 0 3 3 0 0
104 0 3 3 0 0
105 0 3 3 0 0
106 0 3 3 0 0
107 0 3 3 0 0
108 0 3 3 0 0
109 0 3 3 0 0
110 0 3 3 0 0
111 0 3 3 0 0
112 0 3 3 0 0
113 0 3 3 0 0
114 0 3 3 0 0
115 0 3 3 0 0
116 0 3 3 0 0
117 0 3 3 0 0
118 0 3 3 0 0
119 0 3 3 0 0
120 0 3 3 0 0
121 0 3 3 0 0
122 0 3 3 0 0
123 0 3 3 0 0
124 0 3 3 0 0
125 0 3 3 0 0
126 0 3 3 0 0
127 0 3 3 0 0
128 0 3 3 0 0
129 0 3 3 0 0
130 0 3 3 0 0
131 0 3 3 0 0
132 0 3 3 0 0
133 0 3 3 0 0
134 0 3 3 0 0
135 0 3 3 0 0
136 0 3 3 0 0
137 0 3 3 0 0
138 0 3 3 0 0
139 0 3 3 0 0
140 0 3 3 0 0
141 0 3 3 0 0
142 0 3 3 0 0
143 0 3 3 0 0
144 0 3 3 0 0
145 0 3 3 0 0
146 0 3 3 0 0
147 0 3 3 0 0
148 0 3 3 0 0
149 0 3 3 0 0
150 0 3 3 0 0
151 0 3 3 0 0
152 0 3 3 0 0
153 0 3 3 0 0
154 0 3 3 0 0
155 0 3 3 0 0
156 0 3 3 0 0
157 0 3 3 0 0
158 3 0 3 0 1
159 3 0 3 0 1
160 3 0 3 0 1
161 3 0 3 0 1
162 3 0 3 0 1
163 3 0 3 0 1
164 3 0 3 0 1
165 3 0 3 0 1
166 3 0 3 0 1
167 3 0 3 0 1
168 3 0 3 0 1
169 3 0 3 0 1
170 3 0 3 0 1
171 3 0 3 0 1
172 3 0 3 0 1
173 3 0 3 0 1
174 3 0 3 0 1
175 3 0 3 0 1
176 3 0 3 0 1
177 3 0 3 0 1
178 3 0 3 0 1
179 3 0 3 0 1
180 3 0 3 0 1
181 3 0 3 0 1
182 3 0 3 0 1
183 3 0 3 0 1
184 3 0 3 0 1
185 3 0 3 0 1
186 3 0 3 0 1
187 3 0 3 0 1
188 3 0 3 0 1
189 3 0 3 0 1
190 3 0 3 0 1
191 3 0 3 0 1
192 3 0 3 0 1
193 3 0 3 0 1
194 3 0 3 0 1
195 3 0 3 0 1
196 3 0 3 0 1
197 3 0 3 0 1
198 3 0 3 0 1
199 3 0 3 0 1
200 3 0 3 0 1
201 3 0 3 0 1
202 3 0 3 0 1
203 3 0 3 0 1
204 3 0 3 0 1
205 3 0 3 0 1
206 3 0 3 0 1
207 3 0 3 0 1
208 3 0 3 0 1
209 3 0 3 0 1
210 3 0 3 0 1
211 3 0 3 0 1
212 3 0 3 0 1
213 3 0 3 0 1
214 3 0 3 0 1
215 3 0 3 0 1
216 3 0 3 0 1
217 3 0 3 0 1
218 3 0 3 0 1
219 3 0 3 0 1
220 3 0 3 0 1
221 3 0 3 0 1
222 3 0 3 0 1
223 3 0 3 0 1
224 3 0 3 0 1
225 3 0 3 0 1
226 3 0 3 0 1
227 3 0 3 0 1
228 3 0 3 0 1
229 3 0 3 0 1
230 3 0 3 0 1
231 3 0 3 0 1
232 3 0 3 0 1
233 3 0 3 0 1
234 3 0 3 0 1
235 3 0 3 0 1
236 3 0 3 0 1
237 3 0 3 0 1
238 3 0 3 0 1
239 3 0 3 0 1
240 3 0 3 0 1
241 3 0 3 0 1
242 3 0 0 3 1
243 3 0 0 3 1
244 3 0 0 3 1
245 3 0 0 3 1
246 3 0 0 3 1
247 3 0 0 3 1
248 3 0 0 3 1
249 3 0 0 3 1
250 3 0 0 3 1
251 3 0 0 3 1
252 3 0 0 3 1
253 3 0 0 3 1
254 3 0 0 3 1
255 3 0 0 3 1
256 3 0 0 3 1
257 3 0 3 0 1
258 3 0 3 0 1
259 3 0 3 0 1
260 3 0 3 0 1
261 3 0 3 0 1
262 3 0 3 0 1
263 3 0 3 0 1
264 3 0 3 0 1
265 3 0 3 0 1
266 3 0 3 0 1
267 3 0 3 0 1
268 3 0 3 0 1
269 3 0 3 0 1
270 3 0 3 0 1
271 3 0 3 0 1
272 3 0 3 0 1
273 3 0 3 0 1
274 3 0 3 0 1
275 3 0 3 0 1
276 3 0 3 0 1
277 3 0 3 0 1
278 3 0 3 0 1
279 3 0 3 0 1
280 3 0 3 0 1
281 3 0 3 0 1
282 3 0 3 0 1
283 3 0 3 0 1
284 3 0 3 0 1
285 3 0 3 0 1
286 3 0 3 0 1
287 3 0 3 0 1
288 3 0 3 0 1
289 3 0 3 0 1
290 3 0 3 0 2
291 3 0 3 0 2
292 3 0 3 0 2
293 3 0 3 0 2
294 3 0 3 0 2
295 3 0 3 0 2
296 3 0 3 0 2
297 3 0 3 0 2
298 3 0 3 0 2
299 3 0 3 0 2
300 3 0 3 0 2
301 3 0 3 0 2
302 3 0 3 0 2
303 3 0 3 0 2
304 3 0 3 0 2
305 3 0 3 0 3
306 3 0 3 0 3
307 3 0 3 0 3
308 3 0 3 0 3
309 3 0 3 0 3
310 3 0 3 0 3
311 3 0 3 0 3
312 3 0 3 0 3
313 3 0 3 0 3
314 3 0 3 0 3
315 3 0 3 0 3
316 3 0 3 0 3
317 3 0 3 0 3
318 3 0 3 0 3
319 3 0 3 0 3
320 3 0 3 0 3
321 3 0 3 0 3
322 3 0 3 0 3
323 3 0 3 0 3
324 3 0 3 0 3
325 3 0 3 0 3
326 3 0 3 0 3
327 3 0 3 0 3
328 3 0 3 0 3
329 3 0 3 0 3
330 3 0 3 0 3
331 3 0 3 0 3
332 3 0 3 0 3
333 3 0 3 0 3
334 3 0 3 0 3
335 3 0 3 0 3
336 3 0 3 0 3
337 3 0 3 0 3
338 3 0 3 0 3
339 3 0 3 0 3
340 3 0 3 0 3
341 3 0 3 0 3
342 3 0 3 0 3
343 3 0 3 0 3
344 3 0 3 0 3
345 3 0 3 0 3
346 3 0 3 0 3
347 3 0 3 0 3
348 3 0 3 0 3
349 3 0 3 0 3
350 3 0 3 0 3
351 3 0 3 0 3
352 3 0 3 0 3
353 3 0 3 0 3
354 3 0 3 0 3
355 3 0 3 0 3
356 3 0 3 0 3
357 3 0 3 0 3
358 3 0 3 0 3
359 3 0 3 0 3
360 3 0 3 0 3
361 3 0 3 0 3
362 3 0 3 0 3
363 3 0 3 0 3
364 3 0 3 0 3
365 3 0 3 0 3
366 3 0 3 0 3
367 3 0 3 0 3
368 3 0 3 0 3
369 3 0 3 0 3
370 3 0 3 0 3
371 3 0 3 0 3
372 3 0 3 0 3
373 3 0 3 0 3
374 3 0 3 0 3
375 3 0 3 0 3
376 3 0 3 0 3
377 3 0 3 0 3
378 3 0 3 0 3
379 3 0 3 0 3
380 3 0 3 0 3
381 3 0 3 0 3
382 3 0 3 0 3
383 3 0 3 0 3
384 3 0 3 0 3
385 0 0 3 0 3
386 0 0 3 0 3
387 0 0 3 0 3
388 0 0 3 0 3
389 0 0 3 0 3
390 0 0 3 0 3
391 0 0 3 0 3
392 0 0 3 0 3
393 0 0 3 0 3
394 0 0 3 0 3
395 0 0 3 0 3
396 0 0 3 0 3
397 0 0 3 0 3
398 0 0 3 0 3
399 0 0 3 0 3
400 3 0 3 0 3
401 3 0 3 0 3
402 3 0 3 0 3
403 3 0 3 0 3
404 3 0 3 0 3
405 3 0 3 0 3
406 3 0 3 0 3
407 3 0 3 0 3
408 3 0 3 0 3
409 3 0 3 0 3
410 3 0 3 0 3
411 3 0 3 0 3
412 3 0 3 0 3
413 3 0 3 0 3
414 3 0 3 0 3
415 0 0 0 0 3
416 0 0 0 0 3
417 0 0 0 0 3
418 0 0 0 0 3
419 0 0 0 0 3
420 0 0 0 0 3
421 0 0 0 0 3
422 0 0 0 0 3
423 0 0 0 0 3
424 0 0 0 0 3
425 0 0 0 0 3
426 0 0 0 0 3
427 0 0 0 0 3
428 0 0 0 0 3
429 0 0 0 0 3
430 0 3 3 0 0
431 0 3 3 0 0
432 0 3 3 0 0
433 0 3 3 0 0
434 0 3 3 0 0
435 0 3 3 0 0
436 0 3 3 0 0
437 0 3 3 0 0
438 0 3 3 0 0
439 0 3 3 0 0
440 0 3 3 0 0
441 0 3 3 0 0
442 0 3 3 0 0
443 0 3 3 0 0
444 0 3 3 0 0
445 0 3 0 0 0
446 0 3 0 0 0
447 0 3 0 0 0
448 0 3 0 0 0
449 0 3 0 0 0
450 0 3 0 0 0
451 0 3 0 0 0
452 0 3 0 0 0
453 0 3 0 0 0
454 0 3 0 0 0
455 0 3 0 0 0
456 0 3 0 0 0
457 0 3 0 0 0
458 0 3 0 0 0
459 0 3 0 0 0
460 3 0 3 0 0
461 3 0 3 0 0
462 3 0 3 0 0
463 3 0 3 0 0
464 3 0 3 0 0
465 3 0 3 0 0
466 3 0 3 0 0
467 3 0 3 0 0
468 3 0 3 0 0
469 3 0 3 0 0
470 3 0 3 0 0
471 3 0 3 0 0
472 3 0 3 0 0
473 3 0 3 0 0
474 3 0 3 0 0
475 3 0 0 0 0
476 3 0 0 0 0
477 3 0 0 0 0
478 3 0 0 0 0
479 3 0 0 0 0
480 3 0 0 0 0
481 3 0 0 0 0
482 3 0 0 0 0
483 3 0 0 0 0
484 3 0 0 0 0
485 3 0 0 0 0
486 3 0 0 0 0
487 3 0 0 0 0
488 3 0 0 0 0
489 3 0 0 0 0
490 3 0 0 0 0
491 3 0 0 0 0
492 3 0 0 0 0
493 3 0 0 0 0
494 3 0 0 0 0
495 3 0 0 0 0
496 3 0 0 0 0
497 3 0 0 0 0
498 3 0 0 0 0
499 3 0 0 0 0
500 3 0 0 0 0
501 3 0 0 0 0
502 3 0 0 0 0
503 3 0 0 0 0
504 3 0 0 0 0
505 3 0 0 0 0
506 3 0 0 0 0
507 3 0 0 0 0
508 3 0 0 0 0
509 3 0 0 0 0
510 3 0 0 0 0
511 3 0 0 0 0
512 3 0 0 0 0
513 3 0 0 0 0
514 3 0 0 0 0
515 3 0 0 0 0
516 3 0 0 0 0
517 3 0 0 0 0
518 3 0 0 0 0
519 3 0 0 0 0
520 3 0 0 0 0
521 3 0 0 0 0
522 3 0 0 0 0
523 3 0 0 0 0
524 3 0 0 0 0
525 3 0 0 0 0
526 3 0 0 0 0
527 3 0 0 0 0
528 3 0 0 0 0
529 3 0 0 0 0
530 3 0 0 0 0
531 3 0 0 0 0
532 3 0 0 0 0
533 3 0 0 0 0
534 3 0 0 0 0
535 3 0 0 0 0
536 3 0 0 0 0
537 3 0 0 0 0
538 3 0 0 0 0
539 3 0 0 0 0
540 3 0 0 0 0
541 3 0 0 0 0
542 3 0 0 0 0
543 3 0 0 0 0
544 3 0 0 0 0
545 3 0 0 0 0
546 3 0 0 0 0
547 3 0 0 0 0
548 3 0 0 0 0
549 3 0 0 0 0
550 0 3 0 0 0
551 0 3 0 0 0
552 0 3 0 0 0
553 0 3 0 0 0
554 0 3 0 0 0
555 0 3 0 0 0
556 0 3 0 0 0
557 0 3 0 0 0
558 0 3 0 0 0
559 0 3 0 0 0
560 0 3 0 0 0
561 0 3 0 0 0
562 0 3 0 0 0
563 0 3 0 0 0
564 0 3 0 0 0
565 0 0 3 0 0
566 0 0 3 0 0
567 0 0 3 0 0
568 0 0 3 0 0
569 0 0 3 0 0
570 0 0 3 0 0
571 0 0 3 0 0
572 0 0 3 0 0
573 0 0 3 0 0
574 0 0 3 0 0
575 0 0 3 0 0
576 0 0 3 0 0
577 0 0 3 0 0
578 0 0 3 0 0
579 0 0 3 0 0
580 0 3 3 0 0
581 0 3 3 0 0
582 0 3 3 0 0
583 0 3 3 0 0
584 0 3 3 0 0
585 0 3 3 0 0
586 0 3 3 0 0
587 0 3 3 0 0
588 0 3 3 0 0
589 0 3 3 0 0
590 0 3 3 0 0
591 0 3 3 0 0
592 0 3 3 0 0
593 0 3 3 0 0
594 0 3 3 0 0
595 0 3 3 0 0
596 0 3 3 0 0
597 0 3 3 0 0
598 0 3 3 0 0
599 0 3 3 0 0
600 0 3 3 0 0
601 0 3 3 0 0
602 0 3 3 0 0
603 0 3 3 0 0
604 0 3 3 0 0
605 0 3 3 0 0
606 0 3 3 0 0
607 0 3 3 0 0
608 0 3 3 0 0
609 0 3 3 0 0
610 3 0 3 0 1
611 3 0 3 0 1
612 3 0 3 0 1
613 3 0 3 0 1
614 3 0 3 0 1
615 3 0 3 0 1
616 3 0 3 0 1
617 3 0 3 0 1
618 3 0 3 0 1
619 3 0 3 0 1
620 3 0 3 0 1
621 3 0 3 0 1
622 3 0 3 0 1
623 3 0 3 0 1
624 3 0 3 0 1
625 0 0 0 0 2
626 0 0 0 0 2
627 0 0 0 0 2
628 0 0 0 0 2
629 0 0 0 0 2
630 0 0 0 0 2
631 0 0 3 0 2
632 0 0 3 0 2
633 0 0 3 0 2
634 0 0 3 0 2
635 0 0 3 0 2
636 0 0 3 0 2
637 0 0 3 0 2
638 0 0 3 0 2
639 0 0 3 0 2
640 0 0 3 0 2
641 0 0 3 0 2
642 0 0 3 0 2
643 0 0 3 0 2
644 0 0 3 0 2
645 0 0 3 0 2
646 0 0 3 0 2
647 0 0 3 0 2
648 0 0 3 0 2
649 3 0 3 0 2
650 3 0 3 0 2
651 3 0 3 0 2
652 3 0 3 0 2
653 3 0 3 0 2
654 3 0 3 0 2
655 3 0 3 0 2
656 3 0 3 0 2
657 3 0 3 0 2
658 3 0 3 0 2
659 3 0 3 0 2
660 3 0 3 0 2
661 3 0 3 0 2
662 3 0 3 0 2
663 3 0 3 0 2
664 3 0 3 0 2
665 3 0 3 0 2
666 3 0 3 0 2
667 3 0 3 0 2
668 3 0 3 0 2
669 3 0 3 0 2
670 3 0 3 0 2
671 3 0 3 0 2
672 3 0 3 0 2
673 3 0 3 0 2
674 3 0 3 0 2
675 3 0 3 0 2
676 3 0 3 0 2
677 3 0 3 0 2
678 3 0 3 0 2
679 3 0 3 0 2
680 3 0 3 0 2
681 3 0 3 0 2
682 3 0 3 0 2
683 3 0 3 0 2
684 3 0 3 0 2
685 3 0 3 0 2
686 3 0 3 0 2
687 3 0 3 0 2
688 3 0 3 0 2
689 3 0 3 0 2
690 3 0 3 0 2
691 3 0 3 0 2
692 3 0 3 0 2
693 3 0 3 0 2
694 3 0 3 0 2
695 3 0 3 0 2
696 3 0 3 0 2
697 3 0 3 0 2
698 3 0 3 0 2
699 3 0 3 0 2
700 3 0 3 0 2
701 3 0 3 0 2
702 3 0 3 0 2
703 3 0 3 0 2
704 3 0 3 0 2
705 3 0 3 0 2
706 3 0 3 0 2
707 3 0 3 0 2
708 3 0 3 0 2
709 3 0 3 0 2
710 3 0 3 0 2
711 3 0 3 0 2
712 3 0 3 0 2
713 3 0 3 0 2
714 3 0 3 0 2
715 3 0 3 0 2
716 3 0 3 0 2
717 3 0 3 0 2
718 3 0 3 0 2
719 3 0 3 0 2
720 3 0 3 0 2
721 3 0 3 0 2
722 3 0 3 0 2
723 3 0 3 0 2
724 3 0 3 0 2
725 3 0 3 0 2
726 3 0 3 0 2
727 3 0 3 0 2
728 3 0 3 0 2
729 3 0 3 0 2
730 3 0 3 0 2
731 3 0 3 0 2
732 3 0 3 0 2
733 3 0 3 0 2
734 3 0 3 0 2
735 3 0 3 0 2
736 3 0 3 0 2
737 3 0 3 0 2
738 3 0 3 0 2
739 3 0 3 0 2
740 3 0 3 0 2
741 3 0 3 0 2
742 3 0 3 0 2
743 3 0 3 0 2
744 3 0 3 0 2
745 3 0 3 0 2
746 3 0 3 0 2
747 3 0 3 0 2
748 3 0 3 0 2
749 3 0 3 0 2
750 3 0 3 0 2
751 3 0 3 0 2
752 3 0 3 0 2
753 3 0 3 0 2
754 3 0 3 0 2
755 3 0 3 0 2
756 3 0 3 0 2
757 3 0 3 0 2
758 3 0 3 0 2
759 3 0 3 0 2
760 3 0 3 0 2
761 3 0 3 0 2
762 3 0 3 0 2
763 3 0 3 0 2
764 3 0 3 0 2
765 3 0 3 0 2
766 3 0 3 0 2
767 3 0 3 0 3
768 3 0 3 0 3
769 3 0 3 0 3
770 3 0 3 0 3
771 3 0 3 0 3
772 3 0 3 0 3
773 3 0 3 0 3
774 3 0 3 0 3
775 3 0 3 0 3
776 3 0 3 0 3
777 3 0 3 0 3
778 3 0 3 0 3
779 3 0 3 0 3
780 3 0 3 0 3
781 3 0 3 0 3
782 3 0 3 0 3
783 3 0 3 0 3
784 3 0 3 0 3
785 3 0 3 0 3
786 3 0 3 0 3
787 3 0 3 0 3
788 3 0 3 0 3
789 3 0 3 0 3
790 3 0 3 0 3
791 3 0 3 0 3
792 3 0 3 0 3
793 3 0 3 0 3
794 3 0 3 0 3
795 3 0 3 0 3
796 3 0 3 0 3
797 3 0 3 0 3
798 3 0 3 0 3
799 3 0 3 0 3
800 3 0 3 0 3
801 3 0 3 0 3
802 3 0 3 0 3
803 3 0 3 0 3
804 3 0 3 0 3
805 3 0 3 0 3
806 3 0 3 0 3
807 3 0 3 0 3
808 3 0 3 0 3
809 3 0 3 0 3
810 3 0 3 0 3
811 3 0 3 0 3
812 3 0 3 0 3
813 3 0 3 0 3
814 3 0 3 0 3
815 3 0 3 0 3
816 3 0 3 0 3
817 3 0 3 0 3
818 3 0 3 0 3
819 3 0 3 0 3
820 3 0 3 0 3
821 3 0 3 0 3
822 3 0 3 0 3
823 3 0 3 0 3
824 3 0 3 0 3
825 3 0 3 0 3
826 3 0 3 0 3
827 3 0 3 0 3
828 3 0 3 0 3
829 3 0 3 0 3
830 3 0 3 0 3
831 3 0 3 0 3
832 3 0 3 0 3
833 3 0 3 0 3
834 3 0 3 0 3
835 3 0 3 0 3
836 3 0 3 0 3
837 3 0 3 0 3
838 3 0 3 0 3
839 3 0 3 0 3
840 3 0 3 0 3
841 3 0 3 0 3
842 3 0 3 0 3
843 3 0 3 0 3
844 3 0 3 0 3
845 3 0 3 0 3
846 3 0 3 0 3
847 3 0 3 0 3
848 3 0 3 0 3
849 3 0 3 0 3
850 0 0 3 0 3
851 0 0 3 0 3
852 0 0 3 0 3
853 0 0 3 0 3
854 0 0 3 0 3
855 0 0 3 0 3
856 0 0 3 0 3
857 0 0 3 0 3
858 0 0 3 0 3
859 0 0 3 0 3
860 0 0 3 0 3
861 0 0 3 0 3
862 0 0 3 0 3
863 0 0 3 0 3
864 0 0 3 0 3
865 0 0 0 0 3
866 0 0 0 0 3
867 0 0 0 0 3
868 0 0 0 0 3
869 0 0 0 0 3
870 0 0 0 0 3
871 0 0 0 0 3
872 0 0 0 0 3
873 0 0 0 0 3
874 0 0 0 0 3
875 0 0 0 0 3
876 0 0 0 0 3
877 0 0 0 0 3
878 0 0 0 0 3
879 0 0 0 0 3
880 3 0 3 0 3
881 3 0 3 0 3
882 3 0 3 0 3
883 3 0 3 0 3
884 3 0 3 0 3
885 3 0 3 0 3
886 3 0 3 0 3
887 3 0 3 0 3
888 3 0 3 0 3
889 3 0 3 0 3
890 3 0 3 0 3
891 3 0 3 0 3
892 3 0 3 0 3
893 3 0 3 0 3
894 3 0 3 0 3
895 3 0 0 0 3
896 3 0 0 0 3
897 3 0 0 0 3
898 3 0 0 0 3
899 3 0 0 0 3
900 3 0 0 0 3
901 3 0 0 0 3
902 3 0 0 0 3
903 3 0 0 0 3
904 3 0 0 0 3
905 3 0 0 0 3
906 3 0 0 0 3
907 3 0 0 0 3
908 3 0 0 0 3
909 3 0 0 0 3
910 3 0 0 0 3
911 3 0 0 0 3
912 3 0 0 0 3
913 3 0 0 0 3
914 3 0 0 0 3
915 3 0 0 0 3
916 3 0 0 0 3
917 3 0 0 0 3
918 3 0 0 0 3
919 3 0 0 0 3
920 3 0 0 0 3
921 3 0 0 0 3
922 3 0 0 0 3
923 3 0 0 0 3
924 3 0 0 0 3
925 0 0 0 0 3
926 0 0 0 0 3
927 0 0 0 0 3
928 0 0 0 0 3
929 0 0 0 0 3
930 0 0 0 0 3
931 0 0 0 0 3
932 0 0 0 0 3
933 0 0 0 0 3
934 0 0 0 0 3
935 0 0 0 0 3
936 0 0 0 0 3
937 0 0 0 0 3
938 0 0 0 0 3
939 0 0 0 0 3
940 3 0 0 0 3
941 3 0 0 0 3
942 3 0 0 0 3
943 3 0 0 0 3
944 3 0 0 0 3
945 3 0 0 0 3
946 3 0 0 0 3
947 3 0 0 0 3
948 3 0 0 0 3
949 3 0 0 0 3
950 3 0 0 0 3
951 3 0 0 0 3
952 3 0 0 0 3
953 3 0 0 0 3
954 3 0 0 0 3
955 3 0 0 0 3
956 3 0 0 0 3
957 3 0 0 0 3
958 3 0 0 0 3
959 3 0 0 0 3
960 3 0 0 0 3
961 3 0 0 0 3
962 3 0 0 0 3
963 3 0 0 0 3
964 3 0 0 0 3
965 3 0 0 0 3
966 3 0 0 0 3
967 3 0 0 0 3
968 3 0 0 0 3
969 3 0 0 0 3
970 3 0 0 0 3
971 3 0 0 0 3
972 3 0 0 0 3
973 3 0 0 0 3
974 3 0 0 0 3
975 3 0 0 0 3
976 3 0 0 0 3
977 3 0 0 0 3
978 3 0 0 0 3
979 3 0 0 0 3
980 3 0 0 0 3
981 3 0 0 0 3
982 3 0 0 0 3
983 3 0 0 0 3
984 3 0 0 0 3
985 3 0 0 0 3
986 3 0 0 0 3
987 3 0 0 0 3
988 3 0 0 0 3
989 3 0 0 0 3
990 3 0 0 0 3
991 3 0 0 0 3
992 3 0 0 0 3
993 3 0 0 0 3
994 3 0 0 0 3
995 3 0 0 0 3
996 3 0 0 0 3
997 3 0 0 0 3
998 3 0 0 0 3
