0 0 0 0 0 0
1 0 0 0 0 0
2 0 0 0 0 0
3 0 0 0 0 0
4 0 0 0 0 0
5 0 0 0 0 0
6 0 0 0 0 0
7 0 0 0 0 0
8 0 0 0 0 0
9 0 0 0 0 0
10 0 0 0 0 0
11 0 0 0 0 0
12 0 0 0 0 0
13 0 0 0 0 0
14 0 0 0 0 0
15 0 0 0 0 0
16 0 0 0 0 0
17 0 0 0 0 0
18 0 0 0 0 0
19 0 0 0 0 0
20 0 0 0 0 0
21 0 0 0 0 0
22 0 0 0 0 0
23 0 0 0 0 0
24 0 0 0 0 0
25 0 0 0 0 0
26 0 0 0 0 0
27 0 0 0 0 0
28 0 0 0 0 0
29 0 0 0 0 0
30 0 0 0 0 0
31 0 0 0 0 0
32 0 0 0 0 0
33 0 0 0 0 0
34 0 0 0 0 0
35 0 0 0 0 0
36 0 0 0 0 0
37 0 0 0 0 0
38 0 0 0 0 0
39 0 0 0 0 0
40 0 0 0 0 0
41 0 0 0 0 0
42 0 0 0 0 0
43 0 0 0 0 0
44 0 0 0 0 0
45 0 0 0 0 0
46 0 0 0 0 0
47 0 0 0 0 0
48 0 0 0 0 0
49 0 0 0 0 0
50 0 0 0 0 0
51 0 0 0 0 0
52 0 0 0 0 0
53 0 0 0 0 0
54 0 0 0 0 0
55 0 0 0 0 0
56 0 0 0 0 0
57 0 0 0 0 0
58 0 0 0 0 0
59 0 0 0 0 0
60 0 0 0 0 0
61 0 0 0 0 0
62 0 0 0 0 0
63 0 0 0 0 0
64 0 0 0 0 0
65 0 0 0 0 0
66 0 0 0 0 0
67 0 0 0 0 0
68 0 0 0 0 0
69 0 0 0 0 0
70 0 0 0 0 0
71 0 0 0 0 0
72 0 0 0 0 0
73 0 0 0 0 0
74 0 0 0 0 0
75 0 0 0 0 0
76 0 0 0 0 0
77 0 0 0 0 0
78 0 0 0 0 0
79 0 0 0 0 0
80 0 0 0 0 0
81 0 0 0 0 0
82 0 0 0 0 0
83 0 0 0 0 0
84 0 0 0 0 0
85 0 0 0 0 0
86 0 0 0 0 0
87 0 0 0 0 0
88 0 0 0 0 0
89 0 0 0 0 0
90 0 0 0 0 0
91 0 0 0 0 0
92 0 0 0 0 0
93 0 0 0 0 0
94 0 0 0 0 0
95 0 0 0 0 0
96 0 0 0 0 0
97 0 0 0 0 0
98 0 0 0 0 0
99 0 0 0 0 0
100 0 0 0 0 0
101 0 0 0 0 0
102 0 0 0 0 0
103 0 0 0 0 0
104 0 0 0 0 0
105 0 0 0 0 0
106 0 0 0 0 0
107 0 0 0 0 0
108 0 0 0 0 0
109 0 0 0 0 0
110 0 0 0 0 0
111 0 0 0 0 0
112 0 0 0 0 0
113 0 0 0 0 0
114 0 0 0 0 0
115 0 0 0 0 0
116 0 0 0 0 0
117 0 0 0 0 0
118 0 0 0 0 0
119 0 0 0 0 0
120 0 0 0 0 0
121 0 0 0 0 0
122 0 0 0 0 0
123 0 0 0 0 0
124 0 0 0 0 0
125 0 0 0 0 0
126 0 0 0 0 0
127 0 0 0 0 0
128 0 0 0 0 0
129 0 0 0 0 0
130 0 0 0 0 0
131 0 0 0 0 0
132 0 0 0 0 0
133 0 0 0 0 0
134 0 0 0 0 0
135 0 0 0 0 0
136 0 0 0 0 0
137 0 0 0 0 0
138 0 0 0 0 0
139 0 0 0 0 0
140 0 0 0 0 0
141 0 0 0 0 0
142 0 0 0 0 0
143 0 0 0 0 0
144 0 0 0 0 0
145 0 0 0 0 0
146 0 0 0 0 0
147 0 0 0 0 0
148 0 0 0 0 0
149 0 0 0 0 0
150 0 0 0 0 0
151 0 0 0 0 0
152 0 0 0 0 0
153 0 0 0 0 0
154 0 0 0 0 0
155 0 0 0 0 0
156 0 0 0 0 0
157 0 0 0 0 0
158 0 0 0 0 0
159 0 0 0 0 0
160 0 0 0 0 0
161 0 0 0 0 0
162 0 0 0 0 0
163 0 0 0 0 0
164 0 0 0 0 0
165 0 0 0 0 0
166 0 0 0 0 0
167 0 0 0 0 0
168 0 0 0 0 0
169 0 0 0 0 0
170 0 0 0 0 0
171 0 0 0 0 0
172 0 0 0 0 0
173 0 0 0 0 0
174 0 0 0 0 0
175 0 0 0 0 0
176 0 0 0 0 0
177 0 0 0 0 0
178 0 0 0 0 0
179 0 0 0 0 0
180 0 0 0 0 0
181 0 0 0 0 0
182 0 0 0 0 0
183 0 0 0 0 0
184 0 0 0 0 0
185 0 0 0 0 0
186 0 0 0 0 0
187 0 0 0 0 0
188 0 0 0 0 0
189 0 0 0 0 0
190 0 0 0 0 0
191 0 0 0 0 0
192 0 0 0 0 0
193 0 0 0 0 0
194 0 0 0 0 0
195 0 0 0 0 0
196 0 0 0 0 0
197 0 0 0 0 0
198 0 0 0 0 0
199 0 0 0 0 0
200 0 0 0 0 0
201 0 0 0 0 0
202 0 0 0 0 0
203 0 0 0 0 0
204 0 0 0 0 0
205 0 0 0 0 0
206 0 0 0 0 0
207 0 0 0 0 0
208 0 0 0 0 0
209 0 0 0 0 0
210 0 0 0 3 2
211 0 0 0 3 2
212 0 0 0 3 2
213 0 0 0 3 2
214 0 0 0 3 2
215 0 0 0 3 2
216 0 0 0 3 2
217 0 0 0 3 2
218 0 0 0 3 2
219 0 0 0 3 2
220 0 0 0 3 2
221 0 0 0 3 2
222 0 0 0 3 2
223 0 0 0 3 2
224 0 0 0 3 2
225 0 0 0 3 2
226 0 0 0 3 2
227 0 0 0 3 2
228 0 0 0 3 2
229 0 0 0 3 2
230 0 2 0 2 2
231 0 2 0 2 2
232 0 2 0 2 2
233 0 2 0 2 2
234 0 2 0 2 2
235 0 2 0 2 2
236 0 2 0 2 2
237 0 2 0 2 2
238 0 2 0 2 2
239 0 2 0 2 2
240 0 0 0 0 2
241 0 0 0 0 2
242 0 0 0 0 2
243 0 0 0 0 2
244 0 0 0 0 2
245 0 0 0 0 2
246 0 0 0 0 2
247 0 0 0 0 2
248 0 0 0 0 2
249 0 0 0 0 2
250 0 0 0 0 2
251 0 0 0 0 2
252 0 0 0 0 2
253 0 0 0 0 2
254 0 0 0 0 2
255 0 0 0 0 2
256 0 0 0 0 2
257 0 0 0 0 2
258 0 0 0 0 2
259 0 0 0 0 2
260 0 0 3 0 2
261 0 0 3 0 2
262 0 0 3 0 2
263 0 0 3 0 2
264 0 0 3 0 2
265 0 0 3 0 2
266 0 0 3 0 2
267 0 0 3 0 2
268 0 0 3 0 2
269 0 0 3 0 2
270 0 0 2 0 2
271 0 0 2 0 2
272 0 0 2 0 2
273 0 0 2 0 2
274 0 0 2 0 2
275 0 0 2 0 2
276 0 0 2 0 2
277 0 0 2 0 2
278 0 0 2 0 2
279 0 0 2 0 2
280 0 0 2 0 2
281 0 0 2 0 2
282 0 0 2 0 2
283 0 0 2 0 2
284 0 0 2 0 2
285 0 0 2 0 2
286 0 0 2 0 2
287 0 0 2 0 2
288 0 0 2 0 2
289 0 0 2 0 2
290 0 0 0 0 0
291 0 0 0 0 0
292 0 0 0 0 0
293 0 0 0 0 0
294 0 0 0 0 0
295 0 0 0 0 0
296 0 0 0 0 0
297 0 0 0 0 0
298 0 0 0 0 0
299 0 0 0 0 0
300 0 0 0 0 0
301 0 0 0 0 0
302 0 0 0 0 0
303 0 0 0 0 0
304 0 0 0 0 0
305 0 0 0 0 0
306 0 0 0 0 0
307 0 0 0 0 0
308 0 0 0 0 0
309 0 0 0 0 0
310 0 0 0 0 2
311 0 0 0 0 2
312 0 0 0 0 2
313 0 0 0 0 2
314 0 0 0 0 2
315 0 0 0 0 2
316 0 0 0 0 2
317 0 0 0 0 2
318 0 0 0 0 2
319 0 0 0 0 2
320 2 0 0 0 2
321 2 0 0 0 2
322 2 0 0 0 2
323 2 0 0 0 2
324 2 0 0 0 2
325 2 0 0 0 2
326 2 0 0 0 2
327 2 0 0 0 2
328 2 0 0 0 2
329 2 0 0 0 2
330 0 0 0 0 2
331 0 0 0 0 2
332 0 0 0 0 2
333 0 0 0 0 2
334 0 0 0 0 2
335 0 0 0 0 2
336 0 0 0 0 2
337 0 0 0 0 2
338 0 0 0 0 2
339 0 0 0 0 2
340 0 0 0 0 2
341 0 0 0 0 2
342 0 0 0 0 2
343 0 0 0 0 2
344 0 0 0 0 2
345 0 0 0 0 2
346 0 0 0 0 2
347 0 0 0 0 2
348 0 0 0 0 2
349 0 0 0 0 2
350 0 0 0 2 2
351 0 0 0 2 2
352 0 0 0 2 2
353 0 0 0 2 2
354 0 0 0 2 2
355 0 0 0 2 2
356 0 0 0 2 2
357 0 0 0 2 2
358 0 0 0 2 2
359 0 0 0 2 2
360 0 0 0 2 2
361 0 0 0 2 2
362 0 0 0 2 2
363 0 0 0 2 2
364 0 0 0 2 2
365 0 0 0 2 2
366 0 0 0 2 2
367 0 0 0 2 2
368 0 0 0 2 2
369 0 0 0 2 2
370 0 0 0 2 2
371 0 0 0 2 2
372 0 0 0 2 2
373 0 0 0 2 2
374 0 0 0 2 2
375 0 0 0 2 2
376 0 0 0 2 2
377 0 0 0 2 2
378 0 0 0 2 2
379 0 0 0 2 2
380 2 0 3 0 2
381 2 0 3 0 2
382 2 0 3 0 2
383 2 0 3 0 2
384 2 0 3 0 2
385 2 0 3 0 2
386 2 0 3 0 2
387 2 0 3 0 2
388 2 0 3 0 2
389 2 0 3 0 2
390 2 0 0 0 2
391 2 0 0 0 2
392 2 0 0 0 2
393 2 0 0 0 2
394 2 0 0 0 2
395 2 0 0 0 2
396 2 0 0 0 2
397 2 0 0 0 2
398 2 0 0 0 2
399 2 0 0 0 2
400 2 0 0 0 2
401 2 0 0 0 2
402 2 0 0 0 2
403 2 0 0 0 2
404 2 0 0 0 2
405 2 0 0 0 2
406 2 0 0 0 2
407 2 0 0 0 2
408 2 0 0 0 2
409 2 0 0 0 2
410 2 0 0 2 2
411 2 0 0 2 2
412 2 0 0 2 2
413 2 0 0 2 2
414 2 0 0 2 2
415 2 0 0 2 2
416 2 0 0 2 2
417 2 0 0 2 2
418 2 0 0 2 2
419 2 0 0 2 2
420 0 0 0 0 2
421 0 0 0 0 2
422 0 0 0 0 2
423 0 0 0 0 2
424 0 0 0 0 2
425 0 0 0 0 2
426 0 0 0 0 2
427 0 0 0 0 2
428 0 0 0 0 2
429 0 0 0 0 2
430 0 0 0 0 0
431 0 0 0 0 0
432 0 0 0 0 0
433 0 0 0 0 0
434 0 0 0 0 0
435 0 0 0 0 0
436 0 0 0 0 0
437 0 0 0 0 0
438 0 0 0 0 0
439 0 0 0 0 0
440 0 0 0 0 0
441 0 0 0 0 0
442 0 0 0 0 0
443 0 0 0 0 0
444 0 0 0 0 0
445 0 0 0 0 0
446 0 0 0 0 0
447 0 0 0 0 0
448 0 0 0 0 0
449 0 0 0 0 0
450 0 2 0 0 2
451 0 2 0 0 2
452 0 2 0 0 2
453 0 2 0 0 2
454 0 2 0 0 2
455 0 2 0 0 2
456 0 2 0 0 2
457 0 2 0 0 2
458 0 2 0 0 2
459 0 2 0 0 2
460 0 2 0 0 2
461 0 2 0 0 2
462 0 2 0 0 2
463 0 2 0 0 2
464 0 2 0 0 2
465 0 2 0 0 2
466 0 2 0 0 2
467 0 2 0 0 2
468 0 2 0 0 2
469 0 2 0 0 2
470 2 0 0 2 2
471 2 0 0 2 2
472 2 0 0 2 2
473 2 0 0 2 2
474 2 0 0 2 2
475 2 0 0 2 2
476 2 0 0 2 2
477 2 0 0 2 2
478 2 0 0 2 2
479 2 0 0 2 2
480 2 0 0 2 2
481 2 0 0 2 2
482 2 0 0 2 2
483 2 0 0 2 2
484 2 0 0 2 2
485 2 0 0 2 2
486 2 0 0 2 2
487 2 0 0 2 2
488 2 0 0 2 2
489 2 0 0 2 2
490 2 0 0 2 2
491 2 0 0 2 2
492 2 0 0 2 2
493 2 0 0 2 2
494 2 0 0 2 2
495 2 0 0 2 2
496 2 0 0 2 2
497 2 0 0 2 2
498 2 0 0 2 2
499 2 0 0 2 2
500 2 0 2 0 2
501 2 0 2 0 2
502 2 0 2 0 2
503 2 0 2 0 2
504 2 0 2 0 2
505 2 0 2 0 2
506 2 0 2 0 2
507 2 0 2 0 2
508 2 0 2 0 2
509 2 0 2 0 2
510 2 0 2 0 2
511 2 0 2 0 2
512 2 0 2 0 2
513 2 0 2 0 2
514 2 0 2 0 2
515 2 0 2 0 2
516 2 0 2 0 2
517 2 0 2 0 2
518 2 0 2 0 2
519 2 0 2 0 2
520 2 0 2 0 2
521 2 0 2 0 2
522 2 0 2 0 2
523 2 0 2 0 2
524 2 0 2 0 2
525 2 0 2 0 2
526 2 0 2 0 2
527 2 0 2 0 2
528 2 0 2 0 2
529 2 0 2 0 2
530 0 2 3 0 0
531 0 2 3 0 0
532 0 2 3 0 0
533 0 2 3 0 0
534 0 2 3 0 0
535 0 2 3 0 0
536 0 2 3 0 0
537 0 2 3 0 0
538 0 2 3 0 0
539 0 2 3 0 0
540 0 0 3 0 0
541 0 0 3 0 0
542 0 0 3 0 0
543 0 0 3 0 0
544 0 0 3 0 0
545 0 0 3 0 0
546 0 0 3 0 0
547 0 0 3 0 0
548 0 0 3 0 0
549 0 0 3 0 0
550 0 0 3 0 0
551 0 0 3 0 0
552 0 0 3 0 0
553 0 0 3 0 0
554 0 0 3 0 0
555 0 0 3 0 0
556 0 0 3 0 0
557 0 0 3 0 0
558 0 0 3 0 0
559 0 0 3 0 0
560 2 0 3 0 1
561 2 0 3 0 1
562 2 0 3 0 1
563 2 0 3 0 1
564 2 0 3 0 1
565 2 0 3 0 1
566 2 0 3 0 1
567 2 0 3 0 1
568 2 0 3 0 1
569 2 0 3 0 1
570 0 0 2 0 2
571 0 0 2 0 2
572 0 0 2 0 2
573 0 0 2 0 2
574 0 0 2 0 2
575 0 0 2 0 2
576 0 0 2 0 2
577 0 0 2 0 2
578 0 0 2 0 2
579 0 0 2 0 2
580 0 0 2 0 2
581 0 0 2 0 2
582 0 0 2 0 2
583 0 0 2 0 2
584 0 0 2 0 2
585 0 0 2 0 2
586 0 0 2 0 2
587 0 0 2 0 2
588 0 0 2 0 2
589 0 0 2 0 2
590 0 0 3 0 0
591 0 0 3 0 0
592 0 0 3 0 0
593 0 0 3 0 0
594 0 0 3 0 0
595 0 0 3 0 0
596 0 0 3 0 0
597 0 0 3 0 0
598 0 0 3 0 0
599 0 0 3 0 0
600 0 0 0 0 0
601 0 0 0 0 0
602 0 0 0 0 0
603 0 0 0 0 0
604 0 0 0 0 0
605 0 0 0 0 0
606 0 0 0 0 0
607 0 0 0 0 0
608 0 0 0 0 0
609 0 0 0 0 0
610 0 0 0 0 2
611 0 0 0 0 2
612 0 0 0 0 2
613 0 0 0 0 2
614 0 0 0 0 2
615 0 0 0 0 2
616 0 0 0 0 2
617 0 0 0 0 2
618 0 0 0 0 2
619 0 0 0 0 2
620 0 0 3 0 2
621 0 0 3 0 2
622 0 0 3 0 2
623 0 0 3 0 2
624 0 0 3 0 2
625 0 0 3 0 2
626 0 0 3 0 2
627 0 0 3 0 2
628 0 0 3 0 2
629 0 0 3 0 2
630 3 0 3 0 2
631 3 0 3 0 2
632 3 0 3 0 2
633 3 0 3 0 2
634 3 0 3 0 2
635 3 0 3 0 2
636 3 0 3 0 2
637 3 0 3 0 2
638 3 0 3 0 2
639 3 0 3 0 2
640 3 0 3 0 2
641 3 0 3 0 2
642 3 0 3 0 2
643 3 0 3 0 2
644 3 0 3 0 2
645 3 0 3 0 2
646 3 0 3 0 2
647 3 0 3 0 2
648 3 0 3 0 2
649 3 0 3 0 2
650 2 0 3 0 2
651 2 0 3 0 2
652 2 0 3 0 2
653 2 0 3 0 2
654 2 0 3 0 2
655 2 0 3 0 2
656 2 0 3 0 2
657 2 0 3 0 2
658 2 0 3 0 2
659 2 0 3 0 2
660 0 0 2 0 2
661 0 0 2 0 2
662 0 0 2 0 2
663 0 0 2 0 2
664 0 0 2 0 2
665 0 0 2 0 2
666 0 0 2 0 2
667 0 0 2 0 2
668 0 0 2 0 2
669 0 0 2 0 2
670 0 0 2 0 2
671 0 0 2 0 2
672 0 0 2 0 2
673 0 0 2 0 2
674 0 0 2 0 2
675 0 0 2 0 2
676 0 0 2 0 2
677 0 0 2 0 2
678 0 0 2 0 2
679 0 0 2 0 2
680 2 0 2 0 2
681 2 0 2 0 2
682 2 0 2 0 2
683 2 0 2 0 2
684 2 0 2 0 2
685 2 0 2 0 2
686 2 0 2 0 2
687 2 0 2 0 2
688 2 0 2 0 2
689 2 0 2 0 2
690 0 0 2 0 2
691 0 0 2 0 2
692 0 0 2 0 2
693 0 0 2 0 2
694 0 0 2 0 2
695 0 0 2 0 2
696 0 0 2 0 2
697 0 0 2 0 2
698 0 0 2 0 2
699 0 0 2 0 2
700 0 0 2 0 2
701 0 0 2 0 2
702 0 0 2 0 2
703 0 0 2 0 2
704 0 0 2 0 2
705 0 0 2 0 2
706 0 0 2 0 2
707 0 0 2 0 2
708 0 0 2 0 2
709 0 0 2 0 2
710 2 0 2 0 2
711 2 0 2 0 2
712 2 0 2 0 2
713 2 0 2 0 2
714 2 0 2 0 2
715 2 0 2 0 2
716 2 0 2 0 2
717 2 0 2 0 2
718 2 0 2 0 2
719 2 0 2 0 2
720 0 0 2 0 2
721 0 0 2 0 2
722 0 0 2 0 2
723 0 0 2 0 2
724 0 0 2 0 2
725 0 0 2 0 2
726 0 0 2 0 2
727 0 0 2 0 2
728 0 0 2 0 2
729 0 0 2 0 2
730 0 0 2 0 2
731 0 0 2 0 2
732 0 0 2 0 2
733 0 0 2 0 2
734 0 0 2 0 2
735 0 0 2 0 2
736 0 0 2 0 2
737 0 0 2 0 2
738 0 0 2 0 2
739 0 0 2 0 2
740 2 0 2 0 2
741 2 0 2 0 2
742 2 0 2 0 2
743 2 0 2 0 2
744 2 0 2 0 2
745 2 0 2 0 2
746 2 0 2 0 2
747 2 0 2 0 2
748 2 0 2 0 2
749 2 0 2 0 2
750 2 0 2 0 2
751 2 0 2 0 2
752 2 0 2 0 2
753 2 0 2 0 2
754 2 0 2 0 2
755 2 0 2 0 2
756 2 0 2 0 2
757 2 0 2 0 2
758 2 0 2 0 2
759 2 0 2 0 2
760 2 0 2 0 2
761 2 0 2 0 2
762 2 0 2 0 2
763 2 0 2 0 2
764 2 0 2 0 2
765 2 0 2 0 2
766 2 0 2 0 2
767 2 0 2 0 2
768 2 0 2 0 2
769 2 0 2 0 2
770 2 0 2 0 2
771 2 0 2 0 2
772 2 0 2 0 2
773 2 0 2 0 2
774 2 0 2 0 2
775 2 0 2 0 2
776 2 0 2 0 2
777 2 0 2 0 2
778 2 0 2 0 2
779 2 0 2 0 2
780 2 0 2 0 2
781 2 0 2 0 2
782 2 0 2 0 2
783 2 0 2 0 2
784 2 0 2 0 2
785 2 0 2 0 2
786 2 0 2 0 2
787 2 0 2 0 2
788 2 0 2 0 2
789 2 0 2 0 2
790 2 0 2 0 2
791 2 0 2 0 2
792 2 0 2 0 2
793 2 0 2 0 2
794 2 0 2 0 2
795 2 0 2 0 2
796 2 0 2 0 2
797 2 0 2 0 2
798 2 0 2 0 2
799 2 0 2 0 2
800 2 0 2 0 2
801 2 0 2 0 2
802 2 0 2 0 2
803 2 0 2 0 2
804 2 0 2 0 2
805 2 0 2 0 2
806 2 0 2 0 2
807 2 0 2 0 2
808 2 0 2 0 2
809 2 0 2 0 2
810 2 0 2 0 2
811 2 0 2 0 2
812 2 0 2 0 2
813 2 0 2 0 2
814 2 0 2 0 2
815 2 0 2 0 2
816 2 0 2 0 2
817 2 0 2 0 2
818 2 0 2 0 2
819 2 0 2 0 2
820 2 0 2 0 2
821 2 0 2 0 2
822 2 0 2 0 2
823 2 0 2 0 2
824 2 0 2 0 2
825 2 0 2 0 2
826 2 0 2 0 2
827 2 0 2 0 2
828 2 0 2 0 2
829 2 0 2 0 2
830 2 0 2 0 2
831 2 0 2 0 2
832 2 0 2 0 2
833 2 0 2 0 2
834 2 0 2 0 2
835 2 0 2 0 2
836 2 0 2 0 2
837 2 0 2 0 2
838 2 0 2 0 2
839 2 0 2 0 2
840 2 0 2 0 0
841 2 0 2 0 0
842 2 0 2 0 0
843 2 0 2 0 0
844 2 0 2 0 0
845 2 0 2 0 0
846 2 0 2 0 0
847 2 0 2 0 0
848 2 0 2 0 0
849 2 0 2 0 0
850 2 0 0 2 1
851 2 0 0 2 1
852 2 0 0 2 1
853 2 0 0 2 1
854 2 0 0 2 1
855 2 0 0 2 1
856 2 0 0 2 1
857 2 0 0 2 1
858 2 0 0 2 1
859 2 0 0 2 1
860 2 0 0 2 2
861 2 0 0 2 2
862 2 0 0 2 2
863 2 0 0 2 2
864 2 0 0 2 2
865 2 0 0 2 2
866 2 0 0 2 2
867 2 0 0 2 2
868 2 0 0 2 2
869 2 0 0 2 2
870 2 0 0 2 2
871 2 0 0 2 2
872 2 0 0 2 2
873 2 0 0 2 2
874 2 0 0 2 2
875 2 0 0 2 2
876 2 0 0 2 2
877 2 0 0 2 2
878 2 0 0 2 2
879 2 0 0 2 2
880 0 0 0 0 2
881 0 0 0 0 2
882 0 0 0 0 2
883 0 0 0 0 2
884 0 0 0 0 2
885 0 0 0 0 2
886 0 0 0 0 2
887 0 0 0 0 2
888 0 0 0 0 2
889 0 0 0 0 2
890 0 0 0 0 2
891 0 0 0 0 2
892 0 0 0 0 2
893 0 0 0 0 2
894 0 0 0 0 2
895 0 0 0 0 2
896 0 0 0 0 2
897 0 0 0 0 2
898 0 0 0 0 2
899 0 0 0 0 2
900 2 0 0 2 2
901 2 0 0 2 2
902 2 0 0 2 2
903 2 0 0 2 2
904 2 0 0 2 2
905 2 0 0 2 2
906 2 0 0 2 2
907 2 0 0 2 2
908 2 0 0 2 2
909 2 0 0 2 2
910 2 0 2 0 2
911 2 0 2 0 2
912 2 0 2 0 2
913 2 0 2 0 2
914 2 0 2 0 2
915 2 0 2 0 2
916 2 0 2 0 2
917 2 0 2 0 2
918 2 0 2 0 2
919 2 0 2 0 2
920 2 0 2 0 1
921 2 0 2 0 1
922 2 0 2 0 1
923 2 0 2 0 1
924 2 0 2 0 1
925 2 0 2 0 1
926 2 0 2 0 1
927 2 0 2 0 1
928 2 0 2 0 1
929 2 0 2 0 1
930 2 0 3 0 1
931 2 0 3 0 1
932 2 0 3 0 1
933 2 0 3 0 1
934 2 0 3 0 1
935 2 0 3 0 1
936 2 0 3 0 1
937 2 0 3 0 1
938 2 0 3 0 1
939 2 0 3 0 1
940 0 0 0 0 0
941 0 0 0 0 0
942 0 0 0 0 0
943 0 0 0 0 0
944 0 0 0 0 0
945 0 0 0 0 0
946 0 0 0 0 0
947 0 0 0 0 0
948 0 0 0 0 0
949 0 0 0 0 0
950 0 0 0 0 0
951 0 0 0 0 0
952 0 0 0 0 0
953 0 0 0 0 0
954 0 0 0 0 0
955 0 0 0 0 0
956 0 0 0 0 0
957 0 0 0 0 0
958 0 0 0 0 0
959 0 0 0 0 0
960 0 2 0 0 2
961 0 2 0 0 2
962 0 2 0 0 2
963 0 2 0 0 2
964 0 2 0 0 2
965 0 2 0 0 2
966 0 2 0 0 2
967 0 2 0 0 2
968 0 2 0 0 2
969 0 2 0 0 2
970 0 2 0 0 2
971 0 2 0 0 2
972 0 2 0 0 2
973 0 2 0 0 2
974 0 2 0 0 2
975 0 2 0 0 2
976 0 2 0 0 2
977 0 2 0 0 2
978 0 2 0 0 2
979 0 2 0 0 2
980 0 0 0 0 2
981 0 0 0 0 2
982 0 0 0 0 2
983 0 0 0 0 2
984 0 0 0 0 2
985 0 0 0 0 2
986 0 0 0 0 2
987 0 0 0 0 2
988 0 0 0 0 2
989 0 0 0 0 2
990 0 0 0 2 2
991 0 0 0 2 2
992 0 0 0 2 2
993 0 0 0 2 2
994 0 0 0 2 2
995 0 0 0 2 2
996 0 0 0 2 2
997 0 0 0 2 2
998 0 0 0 2 2
999 0 0 0 2 2
1000 0 0 0 2 2
1001 0 0 0 2 2
1002 0 0 0 2 2
1003 0 0 0 2 2
1004 0 0 0 2 2
1005 0 0 0 2 2
1006 0 0 0 2 2
1007 0 0 0 2 2
1008 0 0 0 2 2
1009 0 0 0 2 2
1010 0 0 0 2 2
1011 0 0 0 2 2
1012 0 0 0 2 2
1013 0 0 0 2 2
1014 0 0 0 2 2
1015 0 0 0 2 2
1016 0 0 0 2 2
1017 0 0 0 2 2
1018 0 0 0 2 2
1019 0 0 0 2 2
1020 0 0 0 2 2
1021 0 0 0 2 2
1022 0 0 0 2 2
1023 0 0 0 2 2
1024 0 0 0 2 2
1025 0 0 0 2 2
1026 0 0 0 2 2
1027 0 0 0 2 2
1028 0 0 0 2 2
1029 0 0 0 2 2
1030 0 0 0 2 2
1031 0 0 0 2 2
1032 0 0 0 2 2
1033 0 0 0 2 2
1034 0 0 0 2 2
1035 0 0 0 2 2
1036 0 0 0 2 2
1037 0 0 0 2 2
1038 0 0 0 2 2
1039 0 0 0 2 2
1040 0 0 0 2 2
1041 0 0 0 2 2
1042 0 0 0 2 2
1043 0 0 0 2 2
1044 0 0 0 2 2
1045 0 0 0 2 2
1046 0 0 0 2 2
1047 0 0 0 2 2
1048 0 0 0 2 2
1049 0 0 0 2 2
1050 0 3 0 2 2
1051 0 3 0 2 2
1052 0 3 0 2 2
1053 0 3 0 2 2
1054 0 3 0 2 2
1055 0 3 0 2 2
1056 0 3 0 2 2
1057 0 3 0 2 2
1058 0 3 0 2 2
1059 0 3 0 2 2
1060 0 0 0 2 2
1061 0 0 0 2 2
1062 0 0 0 2 2
1063 0 0 0 2 2
1064 0 0 0 2 2
1065 0 0 0 2 2
1066 0 0 0 2 2
1067 0 0 0 2 2
1068 0 0 0 2 2
1069 0 0 0 2 2
1070 0 0 0 2 2
1071 0 0 0 2 2
1072 0 0 0 2 2
1073 0 0 0 2 2
1074 0 0 0 2 2
1075 0 0 0 2 2
1076 0 0 0 2 2
1077 0 0 0 2 2
1078 0 0 0 2 2
1079 0 0 0 2 2
1080 0 0 0 2 2
1081 0 0 0 2 2
1082 0 0 0 2 2
1083 0 0 0 2 2
1084 0 0 0 2 2
1085 0 0 0 2 2
1086 0 0 0 2 2
1087 0 0 0 2 2
1088 0 0 0 2 2
1089 0 0 0 2 2
1090 0 0 0 2 2
1091 0 0 0 2 2
1092 0 0 0 2 2
1093 0 0 0 2 2
1094 0 0 0 2 2
1095 0 0 0 2 2
1096 0 0 0 2 2
1097 0 0 0 2 2
1098 0 0 0 2 2
1099 0 0 0 2 2
1100 0 0 0 2 2
1101 0 0 0 2 2
1102 0 0 0 2 2
1103 0 0 0 2 2
1104 0 0 0 2 2
1105 0 0 0 2 2
1106 0 0 0 2 2
1107 0 0 0 2 2
1108 0 0 0 2 2
1109 0 0 0 2 2
1110 0 0 2 0 2
1111 0 0 2 0 2
1112 0 0 2 0 2
1113 0 0 2 0 2
1114 0 0 2 0 2
1115 0 0 2 0 2
1116 0 0 2 0 2
1117 0 0 2 0 2
1118 0 0 2 0 2
1119 0 0 2 0 2
1120 0 0 2 0 2
1121 0 0 2 0 2
1122 0 0 2 0 2
1123 0 0 2 0 2
1124 0 0 2 0 2
1125 0 0 2 0 2
1126 0 0 2 0 2
1127 0 0 2 0 2
1128 0 0 2 0 2
1129 0 0 2 0 2
1130 0 0 2 0 2
1131 0 0 2 0 2
1132 0 0 2 0 2
1133 0 0 2 0 2
1134 0 0 2 0 2
1135 0 0 2 0 2
1136 0 0 2 0 2
1137 0 0 2 0 2
1138 0 0 2 0 2
1139 0 0 2 0 2
1140 0 0 2 0 2
1141 0 0 2 0 2
1142 0 0 2 0 2
1143 0 0 2 0 2
1144 0 0 2 0 2
1145 0 0 2 0 2
1146 0 0 2 0 2
1147 0 0 2 0 2
1148 0 0 2 0 2
1149 0 0 2 0 2
1150 0 0 2 0 2
1151 0 0 2 0 2
1152 0 0 2 0 2
1153 0 0 2 0 2
1154 0 0 2 0 2
1155 0 0 2 0 2
1156 0 0 2 0 2
1157 0 0 2 0 2
1158 0 0 2 0 2
1159 0 0 2 0 2
1160 0 0 2 0 2
1161 0 0 2 0 2
1162 0 0 2 0 2
1163 0 0 2 0 2
1164 0 0 2 0 2
1165 0 0 2 0 2
1166 0 0 2 0 2
1167 0 0 2 0 2
1168 0 0 2 0 2
1169 0 0 2 0 2
1170 0 0 2 0 2
1171 0 0 2 0 2
1172 0 0 2 0 2
1173 0 0 2 0 2
1174 0 0 2 0 2
1175 0 0 2 0 2
1176 0 0 2 0 2
1177 0 0 2 0 2
1178 0 0 2 0 2
1179 0 0 2 0 2
1180 0 0 2 0 2
1181 0 0 2 0 2
1182 0 0 2 0 2
1183 0 0 2 0 2
1184 0 0 2 0 2
1185 0 0 2 0 2
1186 0 0 2 0 2
1187 0 0 2 0 2
1188 0 0 2 0 2
1189 0 0 2 0 2
1190 0 0 2 0 2
1191 0 0 2 0 2
1192 0 0 2 0 2
1193 0 0 2 0 2
1194 0 0 2 0 2
1195 0 0 2 0 2
1196 0 0 2 0 2
1197 0 0 2 0 2
1198 0 0 2 0 2
1199 0 0 2 0 2
1200 0 0 2 0 2
1201 0 0 2 0 2
1202 0 0 2 0 2
1203 0 0 2 0 2
1204 0 0 2 0 2
1205 0 0 2 0 2
1206 0 0 2 0 2
1207 0 0 2 0 2
1208 0 0 2 0 2
1209 0 0 2 0 2
1210 0 0 2 0 2
1211 0 0 2 0 2
1212 0 0 2 0 2
1213 0 0 2 0 2
1214 0 0 2 0 2
1215 0 0 2 0 2
1216 0 0 2 0 2
1217 0 0 2 0 2
1218 0 0 2 0 2
1219 0 0 2 0 2
1220 0 0 2 0 2
1221 0 0 2 0 2
1222 0 0 2 0 2
1223 0 0 2 0 2
1224 0 0 2 0 2
1225 0 0 2 0 2
1226 0 0 2 0 2
1227 0 0 2 0 2
1228 0 0 2 0 2
1229 0 0 2 0 2
1230 0 0 2 0 2
1231 0 0 2 0 2
1232 0 0 2 0 2
1233 0 0 2 0 2
1234 0 0 2 0 2
1235 0 0 2 0 2
1236 0 0 2 0 2
1237 0 0 2 0 2
1238 0 0 2 0 2
1239 0 0 2 0 2
1240 0 0 2 0 2
1241 0 0 2 0 2
1242 0 0 2 0 2
1243 0 0 2 0 2
1244 0 0 2 0 2
1245 0 0 2 0 2
1246 0 0 2 0 2
1247 0 0 2 0 2
1248 0 0 2 0 2
1249 0 0 2 0 2
1250 0 2 2 0 2
1251 0 2 2 0 2
1252 0 2 2 0 2
1253 0 2 2 0 2
1254 0 2 2 0 2
1255 0 2 2 0 2
1256 0 2 2 0 2
1257 0 2 2 0 2
1258 0 2 2 0 2
1259 0 2 2 0 2
1260 0 0 0 2 2
1261 0 0 0 2 2
1262 0 0 0 2 2
1263 0 0 0 2 2
1264 0 0 0 2 2
1265 0 0 0 2 2
1266 0 0 0 2 2
1267 0 0 0 2 2
1268 0 0 0 2 2
1269 0 0 0 2 2
1270 0 0 0 2 2
1271 0 0 0 2 2
1272 0 0 0 2 2
1273 0 0 0 2 2
1274 0 0 0 2 2
1275 0 0 0 2 2
1276 0 0 0 2 2
1277 0 0 0 2 2
1278 0 0 0 2 2
1279 0 0 0 2 2
1280 0 2 2 0 2
1281 0 2 2 0 2
1282 0 2 2 0 2
1283 0 2 2 0 2
1284 0 2 2 0 2
1285 0 2 2 0 2
1286 0 2 2 0 2
1287 0 2 2 0 2
1288 0 2 2 0 2
1289 0 2 2 0 2
1290 0 2 2 0 2
1291 0 2 2 0 2
1292 0 2 2 0 2
1293 0 2 2 0 2
1294 0 2 2 0 2
1295 0 2 2 0 2
1296 0 2 2 0 2
1297 0 2 2 0 2
1298 0 2 2 0 2
1299 0 2 2 0 2
1300 0 2 2 0 2
1301 0 2 2 0 2
1302 0 2 2 0 2
1303 0 2 2 0 2
1304 0 2 2 0 2
1305 0 2 2 0 2
1306 0 2 2 0 2
1307 0 2 2 0 2
1308 0 2 2 0 2
1309 0 2 2 0 2
1310 0 2 2 0 2
1311 0 2 2 0 2
1312 0 2 2 0 2
1313 0 2 2 0 2
1314 0 2 2 0 2
1315 0 2 2 0 2
1316 0 2 2 0 2
1317 0 2 2 0 2
1318 0 2 2 0 2
1319 0 2 2 0 2
1320 2 0 2 0 2
1321 2 0 2 0 2
1322 2 0 2 0 2
1323 2 0 2 0 2
1324 2 0 2 0 2
1325 2 0 2 0 2
1326 2 0 2 0 2
1327 2 0 2 0 2
1328 2 0 2 0 2
1329 2 0 2 0 2
1330 2 0 2 0 2
1331 2 0 2 0 2
1332 2 0 2 0 2
1333 2 0 2 0 2
1334 2 0 2 0 2
1335 2 0 2 0 2
1336 2 0 2 0 2
1337 2 0 2 0 2
1338 2 0 2 0 2
1339 2 0 2 0 2
1340 2 0 0 2 2
1341 2 0 0 2 2
1342 2 0 0 2 2
1343 2 0 0 2 2
1344 2 0 0 2 2
1345 2 0 0 2 2
1346 2 0 0 2 2
1347 2 0 0 2 2
1348 2 0 0 2 2
1349 2 0 0 2 2
1350 2 0 0 2 2
1351 2 0 0 2 2
1352 2 0 0 2 2
1353 2 0 0 2 2
1354 2 0 0 2 2
1355 2 0 0 2 2
1356 2 0 0 2 2
1357 2 0 0 2 2
1358 2 0 0 2 2
1359 2 0 0 2 2
1360 2 0 0 2 2
1361 2 0 0 2 2
1362 2 0 0 2 2
1363 2 0 0 2 2
1364 2 0 0 2 2
1365 2 0 0 2 2
1366 2 0 0 2 2
1367 2 0 0 2 2
1368 2 0 0 2 2
1369 2 0 0 2 2
1370 2 0 0 2 2
1371 2 0 0 2 2
1372 2 0 0 2 2
1373 2 0 0 2 2
1374 2 0 0 2 2
1375 2 0 0 2 2
1376 2 0 0 2 2
1377 2 0 0 2 2
1378 2 0 0 2 2
1379 2 0 0 2 2
1380 2 0 0 2 2
1381 2 0 0 2 2
1382 2 0 0 2 2
1383 2 0 0 2 2
1384 2 0 0 2 2
1385 2 0 0 2 2
1386 2 0 0 2 2
1387 2 0 0 2 2
1388 2 0 0 2 2
1389 2 0 0 2 2
1390 2 0 0 2 2
1391 2 0 0 2 2
1392 2 0 0 2 2
1393 2 0 0 2 2
1394 2 0 0 2 2
1395 2 0 0 2 2
1396 2 0 0 2 2
1397 2 0 0 2 2
1398 2 0 0 2 2
1399 2 0 0 2 2
1400 0 0 0 2 2
1401 0 0 0 2 2
1402 0 0 0 2 2
1403 0 0 0 2 2
1404 0 0 0 2 2
1405 0 0 0 2 2
1406 0 0 0 2 2
1407 0 0 0 2 2
1408 0 0 0 2 2
1409 0 0 0 2 2
1410 0 0 0 2 2
1411 0 0 0 2 2
1412 0 0 0 2 2
1413 0 0 0 2 2
1414 0 0 0 2 2
1415 0 0 0 2 2
1416 0 0 0 2 2
1417 0 0 0 2 2
1418 0 0 0 2 2
1419 0 0 0 2 2
1420 0 0 0 2 2
1421 0 0 0 2 2
1422 0 0 0 2 2
1423 0 0 0 2 2
1424 0 0 0 2 2
1425 0 0 0 2 2
1426 0 0 0 2 2
1427 0 0 0 2 2
1428 0 0 0 2 2
1429 0 0 0 2 2
1430 0 0 0 2 2
1431 0 0 0 2 2
1432 0 0 0 2 2
1433 0 0 0 2 2
1434 0 0 0 2 2
1435 0 0 0 2 2
1436 0 0 0 2 2
1437 0 0 0 2 2
1438 0 0 0 2 2
1439 0 0 0 2 2
1440 0 0 0 3 2
1441 0 0 0 3 2
1442 0 0 0 3 2
1443 0 0 0 3 2
1444 0 0 0 3 2
1445 0 0 0 3 2
1446 0 0 0 3 2
1447 0 0 0 3 2
1448 0 0 0 3 2
1449 0 0 0 3 2
1450 0 0 0 3 2
1451 0 0 0 3 2
1452 0 0 0 3 2
1453 0 0 0 3 2
1454 0 0 0 3 2
1455 0 0 0 3 2
1456 0 0 0 3 2
1457 0 0 0 3 2
1458 0 0 0 3 2
1459 0 0 0 3 2
1460 0 0 0 3 2
1461 0 0 0 3 2
1462 0 0 0 3 2
1463 0 0 0 3 2
1464 0 0 0 3 2
1465 0 0 0 3 2
1466 0 0 0 3 2
1467 0 0 0 3 2
1468 0 0 0 3 2
1469 0 0 0 3 2
1470 0 0 0 3 2
1471 0 0 0 3 2
1472 0 0 0 3 2
1473 0 0 0 3 2
1474 0 0 0 3 2
1475 0 0 0 3 2
1476 0 0 0 3 2
1477 0 0 0 3 2
1478 0 0 0 3 2
1479 0 0 0 3 2
1480 0 0 0 3 0
1481 0 0 0 3 0
1482 0 0 0 3 0
1483 0 0 0 3 0
1484 0 0 0 3 0
1485 0 0 0 3 0
1486 0 0 0 3 0
1487 0 0 0 3 0
1488 0 0 0 3 0
1489 0 0 0 3 0
1490 0 0 0 2 0
1491 0 0 0 2 0
1492 0 0 0 2 0
1493 0 0 0 2 0
1494 0 0 0 2 0
1495 0 0 0 2 0
1496 0 0 0 2 0
1497 0 0 0 2 0
1498 0 0 0 2 0
1499 0 0 0 2 0
1500 0 0 0 2 2
1501 0 0 0 2 2
1502 0 0 0 2 2
1503 0 0 0 2 2
1504 0 0 0 2 2
1505 0 0 0 2 2
1506 0 0 0 2 2
1507 0 0 0 2 2
1508 0 0 0 2 2
1509 0 0 0 2 2
1510 2 0 0 3 2
1511 2 0 0 3 2
1512 2 0 0 3 2
1513 2 0 0 3 2
1514 2 0 0 3 2
1515 2 0 0 3 2
1516 2 0 0 3 2
1517 2 0 0 3 2
1518 2 0 0 3 2
1519 2 0 0 3 2
1520 2 0 0 2 2
1521 2 0 0 2 2
1522 2 0 0 2 2
1523 2 0 0 2 2
1524 2 0 0 2 2
1525 2 0 0 2 2
1526 2 0 0 2 2
1527 2 0 0 2 2
1528 2 0 0 2 2
1529 2 0 0 2 2
1530 2 0 0 2 2
1531 2 0 0 2 2
1532 2 0 0 2 2
1533 2 0 0 2 2
1534 2 0 0 2 2
1535 2 0 0 2 2
1536 2 0 0 2 2
1537 2 0 0 2 2
1538 2 0 0 2 2
1539 2 0 0 2 2
1540 2 0 0 0 0
1541 2 0 0 0 0
1542 2 0 0 0 0
1543 2 0 0 0 0
1544 2 0 0 0 0
1545 2 0 0 0 0
1546 2 0 0 0 0
1547 2 0 0 0 0
1548 2 0 0 0 0
1549 2 0 0 0 0
1550 0 0 0 2 0
1551 0 0 0 2 0
1552 0 0 0 2 0
1553 0 0 0 2 0
1554 0 0 0 2 0
1555 0 0 0 2 0
1556 0 0 0 2 0
1557 0 0 0 2 0
1558 0 0 0 2 0
1559 0 0 0 2 0
1560 0 0 0 2 0
1561 0 0 0 2 0
1562 0 0 0 2 0
1563 0 0 0 2 0
1564 0 0 0 2 0
1565 0 0 0 2 0
1566 0 0 0 2 0
1567 0 0 0 2 0
1568 0 0 0 2 0
1569 0 0 0 2 0
1570 0 0 0 3 0
1571 0 0 0 3 0
1572 0 0 0 3 0
1573 0 0 0 3 0
1574 0 0 0 3 0
1575 0 0 0 3 0
1576 0 0 0 3 0
1577 0 0 0 3 0
1578 0 0 0 3 0
1579 0 0 0 3 0
1580 3 0 0 3 0
1581 3 0 0 3 0
1582 3 0 0 3 0
1583 3 0 0 3 0
1584 3 0 0 3 0
1585 3 0 0 3 0
1586 3 0 0 3 0
1587 3 0 0 3 0
1588 3 0 0 3 0
1589 3 0 0 3 0
1590 3 0 0 3 0
1591 3 0 0 3 0
1592 3 0 0 3 0
1593 3 0 0 3 0
1594 3 0 0 3 0
1595 3 0 0 3 0
1596 3 0 0 3 0
1597 3 0 0 3 0
1598 3 0 0 3 0
1599 3 0 0 3 0
1600 0 0 3 0 0
1601 0 0 3 0 0
1602 0 0 3 0 0
1603 0 0 3 0 0
1604 0 0 3 0 0
1605 0 0 3 0 0
1606 0 0 3 0 0
1607 0 0 3 0 0
1608 0 0 3 0 0
1609 0 0 3 0 0
1610 2 0 0 0 0
1611 2 0 0 0 0
1612 2 0 0 0 0
1613 2 0 0 0 0
1614 2 0 0 0 0
1615 2 0 0 0 0
1616 2 0 0 0 0
1617 2 0 0 0 0
1618 2 0 0 0 0
1619 2 0 0 0 0
1620 2 0 0 0 0
1621 2 0 0 0 0
1622 2 0 0 0 0
1623 2 0 0 0 0
1624 2 0 0 0 0
1625 2 0 0 0 0
1626 2 0 0 0 0
1627 2 0 0 0 0
1628 2 0 0 0 0
1629 2 0 0 0 0
1630 0 0 0 0 0
1631 0 0 0 0 0
1632 0 0 0 0 0
1633 0 0 0 0 0
1634 0 0 0 0 0
1635 0 0 0 0 0
1636 0 0 0 0 0
1637 0 0 0 0 0
1638 0 0 0 0 0
1639 0 0 0 0 0
1640 0 2 2 0 0
1641 0 2 2 0 0
1642 0 2 2 0 0
1643 0 2 2 0 0
1644 0 2 2 0 0
1645 0 2 2 0 0
1646 0 2 2 0 0
1647 0 2 2 0 0
1648 0 2 2 0 0
1649 0 2 2 0 0
1650 0 2 2 0 0
1651 0 2 2 0 0
1652 0 2 2 0 0
1653 0 2 2 0 0
1654 0 2 2 0 0
1655 0 2 2 0 0
1656 0 2 2 0 0
1657 0 2 2 0 0
1658 0 2 2 0 0
1659 0 2 2 0 0
1660 0 0 3 0 1
1661 0 0 3 0 1
1662 0 0 3 0 1
1663 0 0 3 0 1
1664 0 0 3 0 1
1665 0 0 3 0 1
1666 0 0 3 0 1
1667 0 0 3 0 1
1668 0 0 3 0 1
1669 0 0 3 0 1
1670 0 2 3 0 2
1671 0 2 3 0 2
1672 0 2 3 0 2
1673 0 2 3 0 2
1674 0 2 3 0 2
1675 0 2 3 0 2
1676 0 2 3 0 2
1677 0 2 3 0 2
1678 0 2 3 0 2
1679 0 2 3 0 2
1680 0 2 3 0 2
1681 0 2 3 0 2
1682 0 2 3 0 2
1683 0 2 3 0 2
1684 0 2 3 0 2
1685 0 2 3 0 2
1686 0 2 3 0 2
1687 0 2 3 0 2
1688 0 2 3 0 2
1689 0 2 3 0 2
1690 0 2 3 0 2
1691 0 2 3 0 2
1692 0 2 3 0 2
1693 0 2 3 0 2
1694 0 2 3 0 2
1695 0 2 3 0 2
1696 0 2 3 0 2
1697 0 2 3 0 2
1698 0 2 3 0 2
1699 0 2 3 0 2
1700 0 2 3 0 2
1701 0 2 3 0 2
1702 0 2 3 0 2
1703 0 2 3 0 2
1704 0 2 3 0 2
1705 0 2 3 0 2
1706 0 2 3 0 2
1707 0 2 3 0 2
1708 0 2 3 0 2
1709 0 2 3 0 2
1710 0 2 3 0 2
1711 0 2 3 0 2
1712 0 2 3 0 2
1713 0 2 3 0 2
1714 0 2 3 0 2
1715 0 2 3 0 2
1716 0 2 3 0 2
1717 0 2 3 0 2
1718 0 2 3 0 2
1719 0 2 3 0 2
1720 0 2 2 0 2
1721 0 2 2 0 2
1722 0 2 2 0 2
1723 0 2 2 0 2
1724 0 2 2 0 2
1725 0 2 2 0 2
1726 0 2 2 0 2
1727 0 2 2 0 2
1728 0 2 2 0 2
1729 0 2 2 0 2
1730 0 2 2 0 2
1731 0 2 2 0 2
1732 0 2 2 0 2
1733 0 2 2 0 2
1734 0 2 2 0 2
1735 0 2 2 0 2
1736 0 2 2 0 2
1737 0 2 2 0 2
1738 0 2 2 0 2
1739 0 2 2 0 2
1740 0 2 2 0 0
1741 0 2 2 0 0
1742 0 2 2 0 0
1743 0 2 2 0 0
1744 0 2 2 0 0
1745 0 2 2 0 0
1746 0 2 2 0 0
1747 0 2 2 0 0
1748 0 2 2 0 0
1749 0 2 2 0 0
1750 0 0 2 0 1
1751 0 0 2 0 1
1752 0 0 2 0 1
1753 0 0 2 0 1
1754 0 0 2 0 1
1755 0 0 2 0 1
1756 0 0 2 0 1
1757 0 0 2 0 1
1758 0 0 2 0 1
1759 0 0 2 0 1
1760 0 0 2 0 2
1761 0 0 2 0 2
1762 0 0 2 0 2
1763 0 0 2 0 2
1764 0 0 2 0 2
1765 0 0 2 0 2
1766 0 0 2 0 2
1767 0 0 2 0 2
1768 0 0 2 0 2
1769 0 0 2 0 2
1770 0 0 2 0 2
1771 0 0 2 0 2
1772 0 0 2 0 2
1773 0 0 2 0 2
1774 0 0 2 0 2
1775 0 0 2 0 2
1776 0 0 2 0 2
1777 0 0 2 0 2
1778 0 0 2 0 2
1779 0 0 2 0 2
1780 0 0 2 0 0
1781 0 0 2 0 0
1782 0 0 2 0 0
1783 0 0 2 0 0
1784 0 0 2 0 0
1785 0 0 2 0 0
1786 0 0 2 0 0
1787 0 0 2 0 0
1788 0 0 2 0 0
1789 0 0 2 0 0
1790 0 0 2 0 0
1791 0 0 2 0 0
1792 0 0 2 0 0
1793 0 0 2 0 0
1794 0 0 2 0 0
1795 0 0 2 0 0
1796 0 0 2 0 0
1797 0 0 2 0 0
1798 0 0 2 0 0
1799 0 0 2 0 0
1800 0 0 2 0 2
1801 0 0 2 0 2
1802 0 0 2 0 2
1803 0 0 2 0 2
1804 0 0 2 0 2
1805 0 0 2 0 2
1806 0 0 2 0 2
1807 0 0 2 0 2
1808 0 0 2 0 2
1809 0 0 2 0 2
1810 0 0 2 0 2
1811 0 0 2 0 2
1812 0 0 2 0 2
1813 0 0 2 0 2
1814 0 0 2 0 2
1815 0 0 2 0 2
1816 0 0 2 0 2
1817 0 0 2 0 2
1818 0 0 2 0 2
1819 0 0 2 0 2
1820 0 0 3 0 2
1821 0 0 3 0 2
1822 0 0 3 0 2
1823 0 0 3 0 2
1824 0 0 3 0 2
1825 0 0 3 0 2
1826 0 0 3 0 2
1827 0 0 3 0 2
1828 0 0 3 0 2
1829 0 0 3 0 2
1830 0 0 3 0 2
1831 0 0 3 0 2
1832 0 0 3 0 2
1833 0 0 3 0 2
1834 0 0 3 0 2
1835 0 0 3 0 2
1836 0 0 3 0 2
1837 0 0 3 0 2
1838 0 0 3 0 2
1839 0 0 3 0 2
1840 0 0 2 0 2
1841 0 0 2 0 2
1842 0 0 2 0 2
1843 0 0 2 0 2
1844 0 0 2 0 2
1845 0 0 2 0 2
1846 0 0 2 0 2
1847 0 0 2 0 2
1848 0 0 2 0 2
1849 0 0 2 0 2
1850 0 0 2 0 2
1851 0 0 2 0 2
1852 0 0 2 0 2
1853 0 0 2 0 2
1854 0 0 2 0 2
1855 0 0 2 0 2
1856 0 0 2 0 2
1857 0 0 2 0 2
1858 0 0 2 0 2
1859 0 0 2 0 2
1860 0 0 2 0 2
1861 0 0 2 0 2
1862 0 0 2 0 2
1863 0 0 2 0 2
1864 0 0 2 0 2
1865 0 0 2 0 2
1866 0 0 2 0 2
1867 0 0 2 0 2
1868 0 0 2 0 2
1869 0 0 2 0 2
1870 0 0 2 0 2
1871 0 0 2 0 2
1872 0 0 2 0 2
1873 0 0 2 0 2
1874 0 0 2 0 2
1875 0 0 2 0 2
1876 0 0 2 0 2
1877 0 0 2 0 2
1878 0 0 2 0 2
1879 0 0 2 0 2
1880 0 0 2 0 2
1881 0 0 2 0 2
1882 0 0 2 0 2
1883 0 0 2 0 2
1884 0 0 2 0 2
1885 0 0 2 0 2
1886 0 0 2 0 2
1887 0 0 2 0 2
1888 0 0 2 0 2
1889 0 0 2 0 2
1890 0 0 2 0 2
1891 0 0 2 0 2
1892 0 0 2 0 2
1893 0 0 2 0 2
1894 0 0 2 0 2
1895 0 0 2 0 2
1896 0 0 2 0 2
1897 0 0 2 0 2
1898 0 0 2 0 2
1899 0 0 2 0 2
1900 0 0 2 0 2
1901 0 0 2 0 2
1902 0 0 2 0 2
1903 0 0 2 0 2
1904 0 0 2 0 2
1905 0 0 2 0 2
1906 0 0 2 0 2
1907 0 0 2 0 2
1908 0 0 2 0 2
1909 0 0 2 0 2
1910 0 0 2 0 2
1911 0 0 2 0 2
1912 0 0 2 0 2
1913 0 0 2 0 2
1914 0 0 2 0 2
1915 0 0 2 0 2
1916 0 0 2 0 2
1917 0 0 2 0 2
1918 0 0 2 0 2
1919 0 0 2 0 2
1920 0 0 2 0 2
1921 0 0 2 0 2
1922 0 0 2 0 2
1923 0 0 2 0 2
1924 0 0 2 0 2
1925 0 0 2 0 2
1926 0 0 2 0 2
1927 0 0 2 0 2
1928 0 0 2 0 2
1929 0 0 2 0 2
1930 0 0 2 0 2
1931 0 0 2 0 2
1932 0 0 2 0 2
1933 0 0 2 0 2
1934 0 0 2 0 2
1935 0 0 2 0 2
1936 0 0 2 0 2
1937 0 0 2 0 2
1938 0 0 2 0 2
1939 0 0 2 0 2
1940 0 0 2 0 2
1941 0 0 2 0 2
1942 0 0 2 0 2
1943 0 0 2 0 2
1944 0 0 2 0 2
1945 0 0 2 0 2
1946 0 0 2 0 2
1947 0 0 2 0 2
1948 0 0 2 0 2
1949 0 0 2 0 2
1950 0 0 2 0 2
1951 0 0 2 0 2
1952 0 0 2 0 2
1953 0 0 2 0 2
1954 0 0 2 0 2
1955 0 0 2 0 2
1956 0 0 2 0 2
1957 0 0 2 0 2
1958 0 0 2 0 2
1959 0 0 2 0 2
1960 0 0 2 0 2
1961 0 0 2 0 2
1962 0 0 2 0 2
1963 0 0 2 0 2
1964 0 0 2 0 2
1965 0 0 2 0 2
1966 0 0 2 0 2
1967 0 0 2 0 2
1968 0 0 2 0 2
1969 0 0 2 0 2
1970 0 0 2 0 2
1971 0 0 2 0 2
1972 0 0 2 0 2
1973 0 0 2 0 2
1974 0 0 2 0 2
1975 0 0 2 0 2
1976 0 0 2 0 2
1977 0 0 2 0 2
1978 0 0 2 0 2
1979 0 0 2 0 2
1980 0 0 2 0 2
1981 0 0 2 0 2
1982 0 0 2 0 2
1983 0 0 2 0 2
1984 0 0 2 0 2
1985 0 0 2 0 2
1986 0 0 2 0 2
1987 0 0 2 0 2
1988 0 0 2 0 2
1989 0 0 2 0 2
1990 0 0 2 0 2
1991 0 0 2 0 2
1992 0 0 2 0 2
1993 0 0 2 0 2
1994 0 0 2 0 2
1995 0 0 2 0 2
1996 0 0 2 0 2
1997 0 0 2 0 2
1998 0 0 2 0 2
1999 0 0 2 0 2
2000 0 0 2 0 2
2001 0 0 2 0 2
2002 0 0 2 0 2
2003 0 0 2 0 2
2004 0 0 2 0 2
2005 0 0 2 0 2
2006 0 0 2 0 2
2007 0 0 2 0 2
2008 0 0 2 0 2
2009 0 0 2 0 2
2010 0 0 2 0 2
2011 0 0 2 0 2
2012 0 0 2 0 2
2013 0 0 2 0 2
2014 0 0 2 0 2
2015 0 0 2 0 2
2016 0 0 2 0 2
2017 0 0 2 0 2
2018 0 0 2 0 2
2019 0 0 2 0 2
2020 0 0 2 0 2
2021 0 0 2 0 2
2022 0 0 2 0 2
2023 0 0 2 0 2
2024 0 0 2 0 2
2025 0 0 2 0 2
2026 0 0 2 0 2
2027 0 0 2 0 2
2028 0 0 2 0 2
2029 0 0 2 0 2
2030 2 0 2 0 2
2031 2 0 2 0 2
2032 2 0 2 0 2
2033 2 0 2 0 2
2034 2 0 2 0 2
2035 2 0 2 0 2
2036 2 0 2 0 2
2037 2 0 2 0 2
2038 2 0 2 0 2
2039 2 0 2 0 2
2040 2 0 2 0 0
2041 2 0 2 0 0
2042 2 0 2 0 0
2043 2 0 2 0 0
2044 2 0 2 0 0
2045 2 0 2 0 0
2046 2 0 2 0 0
2047 2 0 2 0 0
2048 2 0 2 0 0
2049 2 0 2 0 0
2050 0 2 2 0 0
2051 0 2 2 0 0
2052 0 2 2 0 0
2053 0 2 2 0 0
2054 0 2 2 0 0
2055 0 2 2 0 0
2056 0 2 2 0 0
2057 0 2 2 0 0
2058 0 2 2 0 0
2059 0 2 2 0 0
2060 0 0 2 0 1
2061 0 0 2 0 1
2062 0 0 2 0 1
2063 0 0 2 0 1
2064 0 0 2 0 1
2065 0 0 2 0 1
2066 0 0 2 0 1
2067 0 0 2 0 1
2068 0 0 2 0 1
2069 0 0 2 0 1
2070 0 0 2 0 1
2071 0 0 2 0 1
2072 0 0 2 0 1
2073 0 0 2 0 1
2074 0 0 2 0 1
2075 0 0 2 0 1
2076 0 0 2 0 1
2077 0 0 2 0 1
2078 0 0 2 0 1
2079 0 0 2 0 1
2080 0 0 0 0 0
2081 0 0 0 0 0
2082 0 0 0 0 0
2083 0 0 0 0 0
2084 0 0 0 0 0
2085 0 0 0 0 0
2086 0 0 0 0 0
2087 0 0 0 0 0
2088 0 0 0 0 0
2089 0 0 0 0 0
2090 0 0 0 0 0
2091 0 0 0 0 0
2092 0 0 0 0 0
2093 0 0 0 0 0
2094 0 0 0 0 0
2095 0 0 0 0 0
2096 0 0 0 0 0
2097 0 0 0 0 0
2098 0 0 0 0 0
2099 0 0 0 0 0
2100 0 0 0 0 0
2101 0 0 0 0 0
2102 0 0 0 0 0
2103 0 0 0 0 0
2104 0 0 0 0 0
2105 0 0 0 0 0
2106 0 0 0 0 0
2107 0 0 0 0 0
2108 0 0 0 0 0
2109 0 0 0 0 0
2110 0 0 2 0 0
2111 0 0 2 0 0
2112 0 0 2 0 0
2113 0 0 2 0 0
2114 0 0 2 0 0
2115 0 0 2 0 0
2116 0 0 2 0 0
2117 0 0 2 0 0
2118 0 0 2 0 0
2119 0 0 2 0 0
2120 0 0 2 0 0
2121 0 0 2 0 0
2122 0 0 2 0 0
2123 0 0 2 0 0
2124 0 0 2 0 0
2125 0 0 2 0 0
2126 0 0 2 0 0
2127 0 0 2 0 0
2128 0 0 2 0 0
2129 0 0 2 0 0
2130 0 0 2 0 0
2131 0 0 2 0 0
2132 0 0 2 0 0
2133 0 0 2 0 0
2134 0 0 2 0 0
2135 0 0 2 0 0
2136 0 0 2 0 0
2137 0 0 2 0 0
2138 0 0 2 0 0
2139 0 0 2 0 0
2140 2 0 0 0 0
2141 2 0 0 0 0
2142 2 0 0 0 0
2143 2 0 0 0 0
2144 2 0 0 0 0
2145 2 0 0 0 0
2146 2 0 0 0 0
2147 2 0 0 0 0
2148 2 0 0 0 0
2149 2 0 0 0 0
2150 0 0 0 0 1
2151 0 0 0 0 1
2152 0 0 0 0 1
2153 0 0 0 0 1
2154 0 0 0 0 1
2155 0 0 0 0 1
2156 0 0 0 0 1
2157 0 0 0 0 1
2158 0 0 0 0 1
2159 0 0 0 0 1
2160 0 0 0 0 1
2161 0 0 0 0 1
2162 0 0 0 0 1
2163 0 0 0 0 1
2164 0 0 0 0 1
2165 0 0 0 0 1
2166 0 0 0 0 1
2167 0 0 0 0 1
2168 0 0 0 0 1
2169 0 0 0 0 1
2170 0 0 0 0 1
2171 0 0 0 0 1
2172 0 0 0 0 1
2173 0 0 0 0 1
2174 0 0 0 0 1
2175 0 0 0 0 1
2176 0 0 0 0 1
2177 0 0 0 0 1
2178 0 0 0 0 1
2179 0 0 0 0 1
2180 0 0 0 0 1
2181 0 0 0 0 1
2182 0 0 0 0 1
2183 0 0 0 0 1
2184 0 0 0 0 1
2185 0 0 0 0 1
2186 0 0 0 0 1
2187 0 0 0 0 1
2188 0 0 0 0 1
2189 0 0 0 0 1
2190 0 0 0 0 1
2191 0 0 0 0 1
2192 0 0 0 0 1
2193 0 0 0 0 1
2194 0 0 0 0 1
2195 0 0 0 0 1
2196 0 0 0 0 1
2197 0 0 0 0 1
2198 0 0 0 0 1
2199 0 0 0 0 1
2200 2 0 0 0 1
2201 2 0 0 0 1
2202 2 0 0 0 1
2203 2 0 0 0 1
2204 2 0 0 0 1
2205 2 0 0 0 1
2206 2 0 0 0 1
2207 2 0 0 0 1
2208 2 0 0 0 1
2209 2 0 0 0 1
2210 2 0 0 0 1
2211 2 0 0 0 1
2212 2 0 0 0 1
2213 2 0 0 0 1
2214 2 0 0 0 1
2215 2 0 0 0 1
2216 2 0 0 0 1
2217 2 0 0 0 1
2218 2 0 0 0 1
2219 2 0 0 0 1
2220 2 0 0 0 1
2221 2 0 0 0 1
2222 2 0 0 0 1
2223 2 0 0 0 1
2224 2 0 0 0 1
2225 2 0 0 0 1
2226 2 0 0 0 1
2227 2 0 0 0 1
2228 2 0 0 0 1
2229 2 0 0 0 1
2230 2 0 0 0 1
2231 2 0 0 0 1
2232 2 0 0 0 1
2233 2 0 0 0 1
2234 2 0 0 0 1
2235 2 0 0 0 1
2236 2 0 0 0 1
2237 2 0 0 0 1
2238 2 0 0 0 1
2239 2 0 0 0 1
2240 2 0 0 0 1
2241 2 0 0 0 1
2242 2 0 0 0 1
2243 2 0 0 0 1
2244 2 0 0 0 1
2245 2 0 0 0 1
2246 2 0 0 0 1
2247 2 0 0 0 1
2248 2 0 0 0 1
2249 2 0 0 0 1
2250 2 0 0 0 1
2251 2 0 0 0 1
2252 2 0 0 0 1
2253 2 0 0 0 1
2254 2 0 0 0 1
2255 2 0 0 0 1
2256 2 0 0 0 1
2257 2 0 0 0 1
2258 2 0 0 0 1
2259 2 0 0 0 1
2260 2 0 0 0 1
2261 2 0 0 0 1
2262 2 0 0 0 1
2263 2 0 0 0 1
2264 2 0 0 0 1
2265 2 0 0 0 1
2266 2 0 0 0 1
2267 2 0 0 0 1
2268 2 0 0 0 1
2269 2 0 0 0 1
2270 2 0 0 0 1
2271 2 0 0 0 1
2272 2 0 0 0 1
2273 2 0 0 0 1
2274 2 0 0 0 1
2275 2 0 0 0 1
2276 2 0 0 0 1
2277 2 0 0 0 1
2278 2 0 0 0 1
2279 2 0 0 0 1
2280 2 0 0 0 1
2281 2 0 0 0 1
2282 2 0 0 0 1
2283 2 0 0 0 1
2284 2 0 0 0 1
2285 2 0 0 0 1
2286 2 0 0 0 1
2287 2 0 0 0 1
2288 2 0 0 0 1
2289 2 0 0 0 1
2290 2 0 0 0 1
2291 2 0 0 0 1
2292 2 0 0 0 1
2293 2 0 0 0 1
2294 2 0 0 0 1
2295 2 0 0 0 1
2296 2 0 0 0 1
2297 2 0 0 0 1
2298 2 0 0 0 1
2299 2 0 0 0 1
2300 2 0 0 0 1
2301 2 0 0 0 1
2302 2 0 0 0 1
2303 2 0 0 0 1
2304 2 0 0 0 1
2305 2 0 0 0 1
2306 2 0 0 0 1
2307 2 0 0 0 1
2308 2 0 0 0 1
2309 2 0 0 0 1
2310 2 0 0 0 1
2311 2 0 0 0 1
2312 2 0 0 0 1
2313 2 0 0 0 1
2314 2 0 0 0 1
2315 2 0 0 0 1
2316 2 0 0 0 1
2317 2 0 0 0 1
2318 2 0 0 0 1
2319 2 0 0 0 1
2320 2 0 0 0 1
2321 2 0 0 0 1
2322 2 0 0 0 1
2323 2 0 0 0 1
2324 2 0 0 0 1
2325 2 0 0 0 1
2326 2 0 0 0 1
2327 2 0 0 0 1
2328 2 0 0 0 1
2329 2 0 0 0 1
2330 2 0 0 0 1
2331 2 0 0 0 1
2332 2 0 0 0 1
2333 2 0 0 0 1
2334 2 0 0 0 1
2335 2 0 0 0 1
2336 2 0 0 0 1
2337 2 0 0 0 1
2338 2 0 0 0 1
2339 2 0 0 0 1
2340 2 0 0 0 1
2341 2 0 0 0 1
2342 2 0 0 0 1
2343 2 0 0 0 1
2344 2 0 0 0 1
2345 2 0 0 0 1
2346 2 0 0 0 1
2347 2 0 0 0 1
2348 2 0 0 0 1
2349 2 0 0 0 1
2350 2 0 0 0 1
2351 2 0 0 0 1
2352 2 0 0 0 1
2353 2 0 0 0 1
2354 2 0 0 0 1
2355 2 0 0 0 1
2356 2 0 0 0 1
2357 2 0 0 0 1
2358 2 0 0 0 1
2359 2 0 0 0 1
2360 2 0 0 0 1
2361 2 0 0 0 1
2362 2 0 0 0 1
2363 2 0 0 0 1
2364 2 0 0 0 1
2365 2 0 0 0 1
2366 2 0 0 0 1
2367 2 0 0 0 1
2368 2 0 0 0 1
2369 2 0 0 0 1
2370 2 0 0 0 1
2371 2 0 0 0 1
2372 2 0 0 0 1
2373 2 0 0 0 1
2374 2 0 0 0 1
2375 2 0 0 0 1
2376 2 0 0 0 1
2377 2 0 0 0 1
2378 2 0 0 0 1
2379 2 0 0 0 1
2380 0 0 0 0 2
2381 0 0 0 0 2
2382 0 0 0 0 2
2383 0 0 0 0 2
2384 0 0 0 0 2
2385 0 0 0 0 2
2386 0 0 0 0 2
2387 0 0 0 0 2
2388 0 0 0 0 2
2389 0 0 0 0 2
2390 0 0 0 0 2
2391 0 0 0 0 2
2392 0 0 0 0 2
2393 0 0 0 0 2
2394 0 0 0 0 2
2395 0 0 0 0 2
2396 0 0 0 0 2
2397 0 0 0 0 2
2398 0 0 0 0 2
2399 0 0 0 0 2
2400 0 0 0 0 2
2401 0 0 0 0 2
2402 0 0 0 0 2
2403 0 0 0 0 2
2404 0 0 0 0 2
2405 0 0 0 0 2
2406 0 0 0 0 2
2407 0 0 0 0 2
2408 0 0 0 0 2
2409 0 0 0 0 2
2410 0 0 0 0 2
2411 0 0 0 0 2
2412 0 0 0 0 2
2413 0 0 0 0 2
2414 0 0 0 0 2
2415 0 0 0 0 2
2416 0 0 0 0 2
2417 0 0 0 0 2
2418 0 0 0 0 2
2419 0 0 0 0 2
2420 0 3 0 0 0
2421 0 3 0 0 0
2422 0 3 0 0 0
2423 0 3 0 0 0
2424 0 3 0 0 0
2425 0 3 0 0 0
2426 0 3 0 0 0
2427 0 3 0 0 0
2428 0 3 0 0 0
2429 0 3 0 0 0
2430 0 0 0 3 0
2431 0 0 0 3 0
2432 0 0 0 3 0
2433 0 0 0 3 0
2434 0 0 0 3 0
2435 0 0 0 3 0
2436 0 0 0 3 0
2437 0 0 0 3 0
2438 0 0 0 3 0
2439 0 0 0 3 0
2440 0 0 0 3 2
2441 0 0 0 3 2
2442 0 0 0 3 2
2443 0 0 0 3 2
2444 0 0 0 3 2
2445 0 0 0 3 2
2446 0 0 0 3 2
2447 0 0 0 3 2
2448 0 0 0 3 2
2449 0 0 0 3 2
2450 2 0 0 0 2
2451 2 0 0 0 2
2452 2 0 0 0 2
2453 2 0 0 0 2
2454 2 0 0 0 2
2455 2 0 0 0 2
2456 2 0 0 0 2
2457 2 0 0 0 2
2458 2 0 0 0 2
2459 2 0 0 0 2
2460 2 0 0 0 2
2461 2 0 0 0 2
2462 2 0 0 0 2
2463 2 0 0 0 2
2464 2 0 0 0 2
2465 2 0 0 0 2
2466 2 0 0 0 2
2467 2 0 0 0 2
2468 2 0 0 0 2
2469 2 0 0 0 2
2470 2 0 0 0 2
2471 2 0 0 0 2
2472 2 0 0 0 2
2473 2 0 0 0 2
2474 2 0 0 0 2
2475 2 0 0 0 2
2476 2 0 0 0 2
2477 2 0 0 0 2
2478 2 0 0 0 2
2479 2 0 0 0 2
2480 0 0 2 0 2
2481 0 0 2 0 2
2482 0 0 2 0 2
2483 0 0 2 0 2
2484 0 0 2 0 2
2485 0 0 2 0 2
2486 0 0 2 0 2
2487 0 0 2 0 2
2488 0 0 2 0 2
2489 0 0 2 0 2
2490 0 0 0 0 2
2491 0 0 0 0 2
2492 0 0 0 0 2
2493 0 0 0 0 2
2494 0 0 0 0 2
2495 0 0 0 0 2
2496 0 0 0 0 2
2497 0 0 0 0 2
2498 0 0 0 0 2
2499 0 0 0 0 2
2500 0 0 0 0 0
2501 0 0 0 0 0
2502 0 0 0 0 0
2503 0 0 0 0 0
2504 0 0 0 0 0
2505 0 0 0 0 0
2506 0 0 0 0 0
2507 0 0 0 0 0
2508 0 0 0 0 0
2509 0 0 0 0 0
2510 0 0 0 0 0
2511 0 0 0 0 0
2512 0 0 0 0 0
2513 0 0 0 0 0
2514 0 0 0 0 0
2515 0 0 0 0 0
2516 0 0 0 0 0
2517 0 0 0 0 0
2518 0 0 0 0 0
2519 0 0 0 0 0
2520 0 0 0 0 0
2521 0 0 0 0 0
2522 0 0 0 0 0
2523 0 0 0 0 0
2524 0 0 0 0 0
2525 0 0 0 0 0
2526 0 0 0 0 0
2527 0 0 0 0 0
2528 0 0 0 0 0
2529 0 0 0 0 0
2530 0 0 0 0 0
2531 0 0 0 0 0
2532 0 0 0 0 0
2533 0 0 0 0 0
2534 0 0 0 0 0
2535 0 0 0 0 0
2536 0 0 0 0 0
2537 0 0 0 0 0
2538 0 0 0 0 0
2539 0 0 0 0 0
2540 0 0 0 0 0
2541 0 0 0 0 0
2542 0 0 0 0 0
2543 0 0 0 0 0
2544 0 0 0 0 0
2545 0 0 0 0 0
2546 0 0 0 0 0
2547 0 0 0 0 0
2548 0 0 0 0 0
2549 0 0 0 0 0
2550 0 0 0 0 0
2551 0 0 0 0 0
2552 0 0 0 0 0
2553 0 0 0 0 0
2554 0 0 0 0 0
2555 0 0 0 0 0
2556 0 0 0 0 0
2557 0 0 0 0 0
2558 0 0 0 0 0
2559 0 0 0 0 0
2560 0 0 0 0 0
2561 0 0 0 0 0
2562 0 0 0 0 0
2563 0 0 0 0 0
2564 0 0 0 0 0
2565 0 0 0 0 0
2566 0 0 0 0 0
2567 0 0 0 0 0
2568 0 0 0 0 0
2569 0 0 0 0 0
2570 0 0 0 0 0
2571 0 0 0 0 0
2572 0 0 0 0 0
2573 0 0 0 0 0
2574 0 0 0 0 0
2575 0 0 0 0 0
2576 0 0 0 0 0
2577 0 0 0 0 0
2578 0 0 0 0 0
2579 0 0 0 0 0
2580 0 0 0 0 1
2581 0 0 0 0 1
2582 0 0 0 0 1
2583 0 0 0 0 1
2584 0 0 0 0 1
2585 0 0 0 0 1
2586 0 0 0 0 1
2587 0 0 0 0 1
2588 0 0 0 0 1
2589 0 0 0 0 1
2590 0 0 0 0 1
2591 0 0 0 0 1
2592 0 0 0 0 1
2593 0 0 0 0 1
2594 0 0 0 0 1
2595 0 0 0 0 1
2596 0 0 0 0 1
2597 0 0 0 0 1
2598 0 0 0 0 1
2599 0 0 0 0 1
2600 0 0 0 0 1
2601 0 0 0 0 1
2602 0 0 0 0 1
2603 0 0 0 0 1
2604 0 0 0 0 1
2605 0 0 0 0 1
2606 0 0 0 0 1
2607 0 0 0 0 1
2608 0 0 0 0 1
2609 0 0 0 0 1
2610 0 2 0 2 0
2611 0 2 0 2 0
2612 0 2 0 2 0
2613 0 2 0 2 0
2614 0 2 0 2 0
2615 0 2 0 2 0
2616 0 2 0 2 0
2617 0 2 0 2 0
2618 0 2 0 2 0
2619 0 2 0 2 0
2620 0 2 0 2 0
2621 0 2 0 2 0
2622 0 2 0 2 0
2623 0 2 0 2 0
2624 0 2 0 2 0
2625 0 2 0 2 0
2626 0 2 0 2 0
2627 0 2 0 2 0
2628 0 2 0 2 0
2629 0 2 0 2 0
2630 0 2 0 2 0
2631 0 2 0 2 0
2632 0 2 0 2 0
2633 0 2 0 2 0
2634 0 2 0 2 0
2635 0 2 0 2 0
2636 0 2 0 2 0
2637 0 2 0 2 0
2638 0 2 0 2 0
2639 0 2 0 2 0
2640 0 2 0 2 0
2641 0 2 0 2 0
2642 0 2 0 2 0
2643 0 2 0 2 0
2644 0 2 0 2 0
2645 0 2 0 2 0
2646 0 2 0 2 0
2647 0 2 0 2 0
2648 0 2 0 2 0
2649 0 2 0 2 0
2650 0 2 0 2 2
2651 0 2 0 2 2
2652 0 2 0 2 2
2653 0 2 0 2 2
2654 0 2 0 2 2
2655 0 2 0 2 2
2656 0 2 0 2 2
2657 0 2 0 2 2
2658 0 2 0 2 2
2659 0 2 0 2 2
2660 0 0 0 2 2
2661 0 0 0 2 2
2662 0 0 0 2 2
2663 0 0 0 2 2
2664 0 0 0 2 2
2665 0 0 0 2 2
2666 0 0 0 2 2
2667 0 0 0 2 2
2668 0 0 0 2 2
2669 0 0 0 2 2
2670 0 0 3 0 2
2671 0 0 3 0 2
2672 0 0 3 0 2
2673 0 0 3 0 2
2674 0 0 3 0 2
2675 0 0 3 0 2
2676 0 0 3 0 2
2677 0 0 3 0 2
2678 0 0 3 0 2
2679 0 0 3 0 2
2680 0 0 3 0 0
2681 0 0 3 0 0
2682 0 0 3 0 0
2683 0 0 3 0 0
2684 0 0 3 0 0
2685 0 0 3 0 0
2686 0 0 3 0 0
2687 0 0 3 0 0
2688 0 0 3 0 0
2689 0 0 3 0 0
2690 0 0 0 0 0
2691 0 0 0 0 0
2692 0 0 0 0 0
2693 0 0 0 0 0
2694 0 0 0 0 0
2695 0 0 0 0 0
2696 0 0 0 0 0
2697 0 0 0 0 0
2698 0 0 0 0 0
2699 0 0 0 0 0
2700 0 0 0 0 0
2701 0 0 0 0 0
2702 0 0 0 0 0
2703 0 0 0 0 0
2704 0 0 0 0 0
2705 0 0 0 0 0
2706 0 0 0 0 0
2707 0 0 0 0 0
2708 0 0 0 0 0
2709 0 0 0 0 0
2710 0 0 0 0 0
2711 0 0 0 0 0
2712 0 0 0 0 0
2713 0 0 0 0 0
2714 0 0 0 0 0
2715 0 0 0 0 0
2716 0 0 0 0 0
2717 0 0 0 0 0
2718 0 0 0 0 0
2719 0 0 0 0 0
2720 0 0 0 0 0
2721 0 0 0 0 0
2722 0 0 0 0 0
2723 0 0 0 0 0
2724 0 0 0 0 0
2725 0 0 0 0 0
2726 0 0 0 0 0
2727 0 0 0 0 0
2728 0 0 0 0 0
2729 0 0 0 0 0
2730 0 0 0 0 0
2731 0 0 0 0 0
2732 0 0 0 0 0
2733 0 0 0 0 0
2734 0 0 0 0 0
2735 0 0 0 0 0
2736 0 0 0 0 0
2737 0 0 0 0 0
2738 0 0 0 0 0
2739 0 0 0 0 0
2740 0 0 0 0 0
2741 0 0 0 0 0
2742 0 0 0 0 0
2743 0 0 0 0 0
2744 0 0 0 0 0
2745 0 0 0 0 0
2746 0 0 0 0 0
2747 0 0 0 0 0
2748 0 0 0 0 0
2749 0 0 0 0 0
2750 0 0 0 0 1
2751 0 0 0 0 1
2752 0 0 0 0 1
2753 0 0 0 0 1
2754 0 0 0 0 1
2755 0 0 0 0 1
2756 0 0 0 0 1
2757 0 0 0 0 1
2758 0 0 0 0 1
2759 0 0 0 0 1
2760 0 0 0 0 1
2761 0 0 0 0 1
2762 0 0 0 0 1
2763 0 0 0 0 1
2764 0 0 0 0 1
2765 0 0 0 0 1
2766 0 0 0 0 1
2767 0 0 0 0 1
2768 0 0 0 0 1
2769 0 0 0 0 1
2770 0 0 0 0 1
2771 0 0 0 0 1
2772 0 0 0 0 1
2773 0 0 0 0 1
2774 0 0 0 0 1
2775 0 0 0 0 1
2776 0 0 0 0 1
2777 0 0 0 0 1
2778 0 0 0 0 1
2779 0 0 0 0 1
2780 0 0 0 0 1
2781 0 0 0 0 1
2782 0 0 0 0 1
2783 0 0 0 0 1
2784 0 0 0 0 1
2785 0 0 0 0 1
2786 0 0 0 0 1
2787 0 0 0 0 1
2788 0 0 0 0 1
2789 0 0 0 0 1
2790 0 0 0 0 2
2791 0 0 0 0 2
2792 0 0 0 0 2
2793 0 0 0 0 2
2794 0 0 0 0 2
2795 0 0 0 0 2
2796 0 0 0 0 2
2797 0 0 0 0 2
2798 0 0 0 0 2
2799 0 0 0 0 2
2800 0 0 0 0 2
2801 0 0 0 0 2
2802 0 0 0 0 2
2803 0 0 0 0 2
2804 0 0 0 0 2
2805 0 0 0 0 2
2806 0 0 0 0 2
2807 0 0 0 0 2
2808 0 0 0 0 2
2809 0 0 0 0 2
2810 0 0 0 0 0
2811 0 0 0 0 0
2812 0 0 0 0 0
2813 0 0 0 0 0
2814 0 0 0 0 0
2815 0 0 0 0 0
2816 0 0 0 0 0
2817 0 0 0 0 0
2818 0 0 0 0 0
2819 0 0 0 0 0
2820 0 0 0 0 0
2821 0 0 0 0 0
2822 0 0 0 0 0
2823 0 0 0 0 0
2824 0 0 0 0 0
2825 0 0 0 0 0
2826 0 0 0 0 0
2827 0 0 0 0 0
2828 0 0 0 0 0
2829 0 0 0 0 0
2830 0 0 0 0 0
2831 0 0 0 0 0
2832 0 0 0 0 0
2833 0 0 0 0 0
2834 0 0 0 0 0
2835 0 0 0 0 0
2836 0 0 0 0 0
2837 0 0 0 0 0
2838 0 0 0 0 0
2839 0 0 0 0 0
2840 0 0 0 3 0
2841 0 0 0 3 0
2842 0 0 0 3 0
2843 0 0 0 3 0
2844 0 0 0 3 0
2845 0 0 0 3 0
2846 0 0 0 3 0
2847 0 0 0 3 0
2848 0 0 0 3 0
2849 0 0 0 3 0
2850 0 0 3 0 1
2851 0 0 3 0 1
2852 0 0 3 0 1
2853 0 0 3 0 1
2854 0 0 3 0 1
2855 0 0 3 0 1
2856 0 0 3 0 1
2857 0 0 3 0 1
2858 0 0 3 0 1
2859 0 0 3 0 1
2860 0 0 3 0 1
2861 0 0 3 0 1
2862 0 0 3 0 1
2863 0 0 3 0 1
2864 0 0 3 0 1
2865 0 0 3 0 1
2866 0 0 3 0 1
2867 0 0 3 0 1
2868 0 0 3 0 1
2869 0 0 3 0 1
2870 0 0 0 0 0
2871 0 0 0 0 0
2872 0 0 0 0 0
2873 0 0 0 0 0
2874 0 0 0 0 0
2875 0 0 0 0 0
2876 0 0 0 0 0
2877 0 0 0 0 0
2878 0 0 0 0 0
2879 0 0 0 0 0
2880 0 0 0 0 0
2881 0 0 0 0 0
2882 0 0 0 0 0
2883 0 0 0 0 0
2884 0 0 0 0 0
2885 0 0 0 0 0
2886 0 0 0 0 0
2887 0 0 0 0 0
2888 0 0 0 0 0
2889 0 0 0 0 0
2890 0 0 0 0 0
2891 0 0 0 0 0
2892 0 0 0 0 0
2893 0 0 0 0 0
2894 0 0 0 0 0
2895 0 0 0 0 0
2896 0 0 0 0 0
2897 0 0 0 0 0
2898 0 0 0 0 0
2899 0 0 0 0 0
2900 0 0 0 2 1
2901 0 0 0 2 1
2902 0 0 0 2 1
2903 0 0 0 2 1
2904 0 0 0 2 1
2905 0 0 0 2 1
2906 0 0 0 2 1
2907 0 0 0 2 1
2908 0 0 0 2 1
2909 0 0 0 2 1
2910 0 0 3 0 8
2911 0 0 3 0 8
2912 0 0 3 0 8
2913 0 0 3 0 8
2914 0 0 3 0 8
2915 0 0 3 0 8
2916 0 0 3 0 8
2917 0 0 3 0 8
2918 0 0 3 0 8
2919 0 0 3 0 8
2920 0 0 3 0 8
2921 0 0 3 0 8
2922 0 0 3 0 8
2923 0 0 3 0 8
2924 0 0 3 0 8
2925 0 0 3 0 8
2926 0 0 3 0 8
2927 0 0 3 0 8
2928 0 0 3 0 8
2929 0 0 3 0 8
2930 0 0 0 2 0
2931 0 0 0 2 0
2932 0 0 0 2 0
2933 0 0 0 2 0
2934 0 0 0 2 0
2935 0 0 0 2 0
2936 0 0 0 2 0
2937 0 0 0 2 0
2938 0 0 0 2 0
2939 0 0 0 2 0
2940 0 0 2 0 1
2941 0 0 2 0 1
2942 0 0 2 0 1
2943 0 0 2 0 1
2944 0 0 2 0 1
2945 0 0 2 0 1
2946 0 0 2 0 1
2947 0 0 2 0 1
2948 0 0 2 0 1
2949 0 0 2 0 1
2950 0 0 3 0 2
2951 0 0 3 0 2
2952 0 0 3 0 2
2953 0 0 3 0 2
2954 0 0 3 0 2
2955 0 0 3 0 2
2956 0 0 3 0 2
2957 0 0 3 0 2
2958 0 0 3 0 2
2959 0 0 3 0 2
2960 0 0 3 0 0
2961 0 0 3 0 0
2962 0 0 3 0 0
2963 0 0 3 0 0
2964 0 0 3 0 0
2965 0 0 3 0 0
2966 0 0 3 0 0
2967 0 0 3 0 0
2968 0 0 3 0 0
2969 0 0 3 0 0
2970 0 3 2 0 1
2971 0 3 2 0 1
2972 0 3 2 0 1
2973 0 3 2 0 1
2974 0 3 2 0 1
2975 0 3 2 0 1
2976 0 3 2 0 1
2977 0 3 2 0 1
2978 0 3 2 0 1
2979 0 3 2 0 1
2980 0 0 0 0 0
2981 0 0 0 0 0
2982 0 0 0 0 0
2983 0 0 0 0 0
2984 0 0 0 0 0
2985 0 0 0 0 0
2986 0 0 0 0 0
2987 0 0 0 0 0
2988 0 0 0 0 0
2989 0 0 0 0 0
2990 0 0 0 0 0
2991 0 0 0 0 0
2992 0 0 0 0 0
2993 0 0 0 0 0
2994 0 0 0 0 0
2995 0 0 0 0 0
2996 0 0 0 0 0
2997 0 0 0 0 0
2998 0 0 0 0 0
2999 0 0 0 0 0
3000 0 0 0 0 1
3001 0 0 0 0 1
3002 0 0 0 0 1
3003 0 0 0 0 1
3004 0 0 0 0 1
3005 0 0 0 0 1
3006 0 0 0 0 1
3007 0 0 0 0 1
3008 0 0 0 0 1
3009 0 0 0 0 1
3010 0 3 2 0 2
3011 0 3 2 0 2
3012 0 3 2 0 2
3013 0 3 2 0 2
3014 0 3 2 0 2
3015 0 3 2 0 2
3016 0 3 2 0 2
3017 0 3 2 0 2
3018 0 3 2 0 2
3019 0 3 2 0 2
3020 0 3 2 0 2
3021 0 3 2 0 2
3022 0 3 2 0 2
3023 0 3 2 0 2
3024 0 3 2 0 2
3025 0 3 2 0 2
3026 0 3 2 0 2
3027 0 3 2 0 2
3028 0 3 2 0 2
3029 0 3 2 0 2
3030 0 3 2 0 2
3031 0 3 2 0 2
3032 0 3 2 0 2
3033 0 3 2 0 2
3034 0 3 2 0 2
3035 0 3 2 0 2
3036 0 3 2 0 2
3037 0 3 2 0 2
3038 0 3 2 0 2
3039 0 3 2 0 2
3040 0 3 2 0 2
3041 0 3 2 0 2
3042 0 3 2 0 2
3043 0 3 2 0 2
3044 0 3 2 0 2
3045 0 3 2 0 2
3046 0 3 2 0 2
3047 0 3 2 0 2
3048 0 3 2 0 2
3049 0 3 2 0 2
3050 0 3 2 0 2
3051 0 3 2 0 2
3052 0 3 2 0 2
3053 0 3 2 0 2
3054 0 3 2 0 2
3055 0 3 2 0 2
3056 0 3 2 0 2
3057 0 3 2 0 2
3058 0 3 2 0 2
3059 0 3 2 0 2
3060 0 3 2 0 2
3061 0 3 2 0 2
3062 0 3 2 0 2
3063 0 3 2 0 2
3064 0 3 2 0 2
3065 0 3 2 0 2
3066 0 3 2 0 2
3067 0 3 2 0 2
3068 0 3 2 0 2
3069 0 3 2 0 2
3070 0 3 2 0 2
3071 0 3 2 0 2
3072 0 3 2 0 2
3073 0 3 2 0 2
3074 0 3 2 0 2
3075 0 3 2 0 2
3076 0 3 2 0 2
3077 0 3 2 0 2
3078 0 3 2 0 2
3079 0 3 2 0 2
3080 0 2 2 0 2
3081 0 2 2 0 2
3082 0 2 2 0 2
3083 0 2 2 0 2
3084 0 2 2 0 2
3085 0 2 2 0 2
3086 0 2 2 0 2
3087 0 2 2 0 2
3088 0 2 2 0 2
3089 0 2 2 0 2
3090 0 2 2 0 2
3091 0 2 2 0 2
3092 0 2 2 0 2
3093 0 2 2 0 2
3094 0 2 2 0 2
3095 0 2 2 0 2
3096 0 2 2 0 2
3097 0 2 2 0 2
3098 0 2 2 0 2
3099 0 2 2 0 2
3100 0 2 2 0 2
3101 0 2 2 0 2
3102 0 2 2 0 2
3103 0 2 2 0 2
3104 0 2 2 0 2
3105 0 2 2 0 2
3106 0 2 2 0 2
3107 0 2 2 0 2
3108 0 2 2 0 2
3109 0 2 2 0 2
3110 0 0 0 0 2
3111 0 0 0 0 2
3112 0 0 0 0 2
3113 0 0 0 0 2
3114 0 0 0 0 2
3115 0 0 0 0 2
3116 0 0 0 0 2
3117 0 0 0 0 2
3118 0 0 0 0 2
3119 0 0 0 0 2
3120 0 0 0 0 2
3121 0 0 0 0 2
3122 0 0 0 0 2
3123 0 0 0 0 2
3124 0 0 0 0 2
3125 0 0 0 0 2
3126 0 0 0 0 2
3127 0 0 0 0 2
3128 0 0 0 0 2
3129 0 0 0 0 2
3130 0 0 0 0 2
