0 0 0 0 0 0
10 0 0 0 0 0
20 0 0 0 0 0
30 0 0 3 0 0
40 0 0 0 0 0
50 0 0 0 0 0
60 0 0 0 0 0
70 0 0 0 3 0
80 0 0 0 3 0
90 0 0 0 3 0
100 0 3 0 3 0
110 0 3 0 3 0
120 0 3 0 3 0
130 0 3 0 3 1
140 0 3 0 3 1
150 0 3 0 3 1
160 0 3 3 0 1
170 0 3 0 3 1
180 0 3 0 3 2
190 0 0 3 0 2
200 0 3 3 0 2
210 0 3 3 0 2
220 0 0 3 0 2
230 3 0 3 0 2
240 3 0 3 0 2
250 3 0 3 0 2
260 3 0 3 0 2
270 3 0 3 0 2
280 3 0 0 0 2
290 3 0 0 3 2
300 3 0 0 3 2
310 3 0 0 3 2
320 3 0 0 0 2
330 3 0 3 0 2
340 3 0 0 3 2
350 3 0 0 3 2
360 3 0 3 0 2
370 3 0 3 0 2
380 3 0 3 0 2
390 3 0 3 0 2
400 3 0 0 3 2
410 3 0 0 3 2
420 3 0 0 3 2
430 3 0 0 3 2
440 3 0 0 3 2
450 3 0 0 3 2
460 0 0 3 0 2
470 0 0 3 0 2
480 3 0 3 0 2
490 3 0 3 0 2
500 0 0 3 0 2
510 0 0 3 0 3
520 0 0 3 0 3
530 0 0 3 0 3
540 0 0 3 0 3
550 0 0 3 0 3
560 0 0 3 0 3
570 0 0 3 0 3
580 0 0 0 0 0
590 3 0 0 0 0
600 0 0 0 0 1
610 0 0 3 0 2
620 0 0 0 3 2
630 0 0 0 3 2
640 0 3 3 0 2
650 0 3 0 0 2
660 0 3 0 3 2
670 0 3 3 0 2
680 0 3 3 0 2
690 0 3 3 0 2
700 3 0 3 0 2
710 3 0 3 0 2
720 3 0 3 0 2
730 3 0 0 3 2
740 3 0 0 3 2
750 0 0 3 0 2
760 0 0 0 3 2
770 3 0 0 3 2
780 3 0 3 0 2
790 3 0 3 0 2
800 3 0 3 0 2
810 3 0 0 3 2
820 3 0 3 0 2
830 3 0 3 0 2
840 3 0 3 0 2
850 3 0 0 3 2
860 3 0 0 3 2
870 3 0 3 0 2
880 0 0 3 0 2
890 3 0 3 0 2
900 3 0 3 0 2
910 0 0 3 0 2
920 0 0 3 0 2
930 0 0 3 0 3
940 0 0 3 0 3
950 0 0 3 0 3
960 0 0 3 0 3
970 0 0 3 0 3
980 0 0 3 0 3
990 0 0 3 0 0
1000 0 3 0 0 0
1010 0 0 0 0 0
1020 0 0 0 0 0
1030 0 0 0 0 0
1040 3 0 0 0 0
1050 3 0 0 0 0
1060 3 0 0 0 0
1070 3 0 0 0 0
1080 0 0 0 0 0
1090 3 0 0 0 0
1100 0 0 0 0 0
1110 0 0 0 0 0
1120 0 0 0 0 0
1130 0 0 0 0 0
1140 0 0 0 0 0
1150 0 0 0 0 0
