0 0 0 0 0 0
10 0 0 0 0 0
20 0 0 0 0 0
30 0 0 0 0 0
40 0 0 3 0 0
50 0 0 0 0 0
60 0 0 0 3 0
70 0 3 0 0 0
80 0 3 0 0 0
90 0 3 0 0 0
100 0 3 0 0 0
110 0 3 0 3 0
120 0 3 3 0 0
130 0 3 3 0 0
140 0 3 3 0 0
150 0 3 3 0 0
160 3 0 3 0 1
170 0 0 3 0 1
180 3 0 0 0 1
190 3 0 3 0 1
200 3 0 0 3 1
210 3 0 3 0 1
220 3 0 3 0 1
230 3 0 0 3 1
240 3 0 0 3 1
250 0 0 0 3 1
260 0 0 0 3 1
270 0 0 0 3 1
280 3 0 3 0 1
290 0 0 3 0 2
300 0 0 3 0 2
310 0 0 3 0 3
320 0 0 3 0 3
330 0 0 3 0 3
340 0 0 3 0 3
350 0 0 3 0 3
360 0 0 3 0 3
370 0 0 3 0 3
380 0 0 3 0 3
390 0 0 0 3 0
400 0 0 0 0 0
410 0 3 0 0 0
420 0 0 0 0 1
430 0 3 0 0 1
440 0 3 0 0 1
450 0 3 0 0 1
460 0 0 0 0 2
470 3 0 0 0 2
480 3 0 0 0 2
490 3 0 0 0 2
500 3 0 0 0 2
510 3 0 0 0 2
520 3 0 0 0 2
530 3 0 0 0 2
540 3 0 0 0 2
550 0 0 0 0 2
560 0 3 0 0 2
570 0 3 0 0 2
580 0 3 0 0 2
590 0 3 3 0 2
600 0 3 3 0 2
610 0 3 0 0 2
620 0 0 0 0 2
630 0 0 0 3 2
640 3 0 0 3 2
650 3 0 0 3 2
660 3 0 0 3 2
670 3 0 3 0 2
680 3 0 0 3 2
690 3 0 0 3 2
700 3 0 0 3 2
710 3 0 0 3 2
720 3 0 0 3 2
730 3 0 0 3 2
740 3 0 3 0 2
750 3 0 3 0 2
760 0 0 3 0 2
770 0 0 3 0 2
780 0 0 3 0 2
790 0 0 3 0 0
800 0 0 3 0 0
810 0 0 3 0 0
820 0 0 3 0 0
830 0 0 3 0 0
840 0 0 3 0 0
850 0 0 3 0 0
860 0 0 0 0 0
870 0 0 0 0 0
880 0 0 0 0 0
890 0 3 0 0 0
900 3 0 0 0 0
910 0 0 0 0 0
920 0 0 0 0 0
930 3 0 0 0 0
940 3 0 0 0 0
950 3 0 0 0 0
960 0 0 0 0 0
970 0 0 0 0 0
980 3 0 0 0 0
990 3 0 3 0 0
1000 3 0 0 0 0
1010 3 0 0 0 0
1020 3 0 0 0 0
1030 3 0 0 0 0
1040 3 0 0 0 0
1050 3 0 0 0 0
1060 3 0 0 0 0
1070 3 0 0 0 0
