0 0 3 3 0 0
10 0 3 0 0 0
20 0 3 0 0 0
30 0 3 3 0 0
40 0 0 3 0 0
50 0 3 3 0 0
60 0 3 3 0 0
70 0 0 3 0 0
80 0 0 3 0 0
90 0 0 3 0 0
100 0 3 3 0 0
110 0 3 3 0 0
120 0 0 3 0 0
130 0 3 3 0 0
140 0 3 3 0 0
150 0 3 3 0 0
160 0 3 0 3 0
170 0 0 3 0 0
180 0 0 3 0 0
190 0 3 3 0 0
200 0 3 3 0 0
210 0 0 3 0 0
220 0 0 0 3 0
230 0 3 0 3 0
240 0 3 0 0 0
250 0 3 0 3 0
260 3 0 3 0 0
270 3 0 3 0 0
280 3 0 3 0 0
290 3 0 3 0 0
300 3 0 3 0 0
310 3 0 3 0 0
320 0 3 0 3 1
330 0 0 0 3 1
340 3 0 3 0 1
350 3 0 3 0 1
360 3 0 3 0 1
370 3 0 3 0 1
380 3 0 3 0 1
390 3 0 3 0 1
400 0 3 3 0 1
410 3 0 0 3 1
420 3 0 3 0 1
430 3 0 3 0 1
440 3 0 0 3 1
450 0 3 3 0 1
460 0 3 3 0 1
470 3 0 0 3 1
480 3 0 3 0 1
490 3 0 3 0 1
500 3 0 3 0 1
510 3 0 3 0 1
520 3 0 3 0 1
530 0 0 3 0 1
540 3 0 3 0 1
550 0 0 3 0 1
560 3 0 3 0 2
570 3 0 3 0 2
580 0 0 3 0 2
590 3 0 3 0 2
600 3 0 0 3 2
610 3 0 3 0 2
620 3 0 3 0 3
630 3 0 3 0 3
640 0 0 3 0 3
650 0 0 3 0 3
660 0 3 3 0 0
670 3 0 3 0 0
680 3 0 3 0 0
690 0 0 3 0 0
700 0 0 3 0 0
710 0 0 3 0 0
720 0 0 3 0 0
730 0 0 3 0 0
740 0 0 3 0 0
750 0 0 3 0 0
760 0 0 3 0 0
770 0 0 3 0 0
780 0 0 3 0 0
790 0 0 3 0 0
800 0 0 3 0 0
810 0 0 0 3 0
820 0 3 3 0 1
830 0 3 3 0 1
840 0 3 3 0 1
850 0 3 3 0 1
860 0 3 3 0 1
870 0 3 3 0 1
880 0 0 3 0 1
890 0 0 3 0 1
900 0 0 3 0 1
910 0 3 3 0 1
920 0 3 3 0 1
930 0 3 3 0 1
940 0 3 3 0 1
950 0 3 3 0 1
960 0 0 3 0 1
970 0 3 3 0 2
980 0 3 3 0 2
990 3 0 3 0 2
1000 3 0 3 0 2
1010 3 0 3 0 2
1020 0 3 3 0 2
1030 3 0 3 0 2
1040 3 0 3 0 2
1050 0 0 3 0 2
1060 0 0 3 0 2
1070 0 0 0 3 2
1080 0 0 0 0 2
1090 0 0 0 0 2
1100 0 3 0 0 2
1110 0 0 0 3 2
1120 0 0 0 3 2
1130 0 0 0 3 2
1140 0 0 0 3 2
1150 0 0 0 3 2
1160 0 3 3 0 2
1170 0 3 3 0 2
1180 0 3 0 3 2
1190 0 3 3 0 2
1200 0 3 3 0 2
1210 0 0 0 3 2
1220 0 0 0 3 2
1230 0 3 3 0 2
1240 0 3 3 0 2
1250 0 0 3 0 2
1260 0 3 3 0 2
1270 0 3 3 0 2
1280 0 3 3 0 2
1290 0 3 3 0 2
1300 3 0 3 0 2
1310 0 0 3 0 2
1320 3 0 3 0 2
1330 3 0 0 0 2
1340 0 0 3 0 2
1350 0 3 3 0 2
1360 0 3 3 0 2
1370 0 3 3 0 2
1380 0 0 3 0 2
1390 3 0 0 3 2
1400 3 0 0 0 2
1410 3 0 3 0 2
1420 3 0 3 0 2
1430 3 0 3 0 2
1440 3 0 3 0 2
1450 3 0 3 0 2
1460 3 0 0 0 2
1470 0 0 0 0 2
1480 3 0 3 0 2
1490 3 0 3 0 2
1500 3 0 3 0 2
1510 3 0 3 0 2
1520 3 0 3 0 2
1530 3 0 0 0 2
1540 3 0 0 3 2
1550 3 0 0 3 2
1560 3 0 0 3 2
1570 3 0 0 3 2
1580 3 0 0 3 2
1590 0 3 0 3 2
1600 3 0 3 0 2
1610 3 0 3 0 2
1620 3 0 3 0 2
1630 3 0 3 0 2
1640 3 0 3 0 2
1650 3 0 0 3 2
1660 3 0 0 3 2
1670 3 0 0 0 2
1680 3 0 0 0 2
1690 3 0 3 0 2
1700 3 0 3 0 2
1710 3 0 0 0 2
1720 3 0 0 3 2
1730 3 0 0 3 2
1740 3 0 0 3 2
1750 3 0 0 0 2
1760 3 0 0 3 2
1770 3 0 3 0 2
1780 0 0 0 0 2
1790 0 0 0 0 2
1800 0 0 0 0 2
1810 0 3 0 0 2
1820 0 3 0 0 2
1830 3 0 0 0 2
1840 3 0 0 3 2
1850 3 0 0 0 2
1860 3 0 0 0 2
1870 3 0 0 0 2
1880 3 0 3 0 2
1890 0 0 3 0 2
1900 0 0 3 0 2
1910 3 0 3 0 2
1920 3 0 3 0 2
1930 3 0 3 0 2
1940 3 0 3 0 2
1950 3 0 3 0 2
1960 3 0 3 0 2
1970 3 0 3 0 2
1980 3 0 3 0 2
1990 3 0 3 0 2
2000 0 0 3 0 2
2010 0 0 3 0 2
2020 0 0 0 0 2
2030 0 0 0 0 2
2040 3 0 3 0 2
2050 3 0 3 0 2
2060 3 0 3 0 2
2070 3 0 3 0 2
2080 3 0 0 3 2
2090 3 0 0 3 2
2100 3 0 3 0 2
2110 3 0 3 0 2
2120 3 0 3 0 2
2130 3 0 3 0 2
2140 3 0 0 3 2
2150 3 0 0 3 2
2160 3 0 0 3 2
2170 3 0 0 3 2
2180 3 0 0 3 2
2190 3 0 0 3 2
2200 3 0 0 3 2
2210 3 0 0 3 2
2220 3 0 0 3 2
2230 3 0 0 3 2
2240 3 0 0 3 2
2250 0 3 0 3 2
2260 0 3 3 0 2
2270 0 3 3 0 2
2280 3 0 3 0 2
2290 3 0 3 0 2
2300 3 0 3 0 2
2310 3 0 3 0 2
2320 3 0 3 0 2
2330 3 0 3 0 2
2340 0 0 0 3 2
2350 0 0 3 0 2
2360 3 0 3 0 2
2370 3 0 3 0 2
2380 3 0 3 0 2
2390 0 0 3 0 2
2400 0 0 0 3 0
2410 0 0 3 0 0
2420 0 0 3 0 0
2430 0 0 3 0 0
2440 0 0 3 0 0
2450 0 0 3 0 0
2460 0 0 3 0 0
2470 0 0 3 0 0
2480 0 0 3 0 0
2490 0 0 3 0 0
2500 0 0 0 0 0
2510 0 0 0 0 0
2520 0 0 0 0 0
2530 0 0 0 0 0
2540 0 0 0 3 0
2550 0 0 0 0 0
2560 3 0 0 0 0
2570 0 0 0 0 0
2580 0 0 0 0 0
2590 0 0 0 0 0
2600 0 0 0 0 0
2610 0 0 0 0 0
2620 0 0 0 0 0
2630 0 0 0 0 0
2640 0 0 0 0 0
2650 0 0 0 0 0
