0 0 0 0 0 0
10 0 0 0 0 0
20 0 0 0 0 0
30 0 0 0 0 0
40 0 0 0 0 0
50 0 0 0 0 0
60 0 3 0 3 0
70 0 3 0 3 0
80 0 3 3 0 0
90 0 3 0 0 0
100 0 3 0 0 0
110 0 3 0 3 0
120 0 3 0 3 0
130 0 3 0 3 0
140 0 3 0 3 0
150 0 3 0 3 0
160 0 3 0 3 0
170 0 3 3 0 0
180 0 3 0 3 0
190 0 3 0 0 0
200 0 3 0 0 0
210 3 0 0 0 0
220 3 0 3 0 0
230 3 0 0 3 0
240 3 0 0 3 0
250 3 0 0 3 0
260 3 0 0 3 0
270 3 0 3 0 0
280 3 0 3 0 0
290 3 0 3 0 0
300 3 0 3 0 0
310 3 0 3 0 0
320 3 0 3 0 1
330 3 0 3 0 1
340 3 0 3 0 1
350 3 0 3 0 1
360 3 0 3 0 1
370 3 0 3 0 1
380 3 0 0 3 1
390 3 0 0 3 1
400 3 0 0 3 1
410 3 0 0 3 1
420 3 0 0 3 1
430 3 0 0 3 1
440 3 0 3 0 1
450 3 0 3 0 1
460 3 0 3 0 1
470 3 0 3 0 2
480 3 0 3 0 2
490 3 0 3 0 2
500 3 0 3 0 2
510 0 3 0 3 0
520 0 0 3 0 0
530 0 0 3 0 0
540 0 0 3 0 0
550 0 0 3 0 0
560 0 0 3 0 0
570 0 0 3 0 0
580 0 0 3 0 0
590 0 0 3 0 0
600 0 0 0 3 0
610 0 0 0 0 0
620 0 0 0 3 0
630 0 0 0 3 0
640 0 0 0 3 0
650 0 3 0 3 0
660 0 0 0 3 0
670 0 0 0 0 0
680 0 3 0 0 0
690 0 3 3 0 0
700 0 3 0 0 0
710 0 3 3 0 0
720 0 3 3 0 0
730 0 3 3 0 0
740 0 3 3 0 0
750 0 3 0 0 0
760 0 3 0 3 0
770 3 0 0 3 0
780 3 0 0 0 0
790 3 0 3 0 0
800 3 0 3 0 1
810 3 0 3 0 1
820 3 0 3 0 1
830 3 0 3 0 1
840 3 0 3 0 1
850 3 0 3 0 1
860 3 0 3 0 1
870 3 0 0 3 1
880 3 0 0 3 1
890 3 0 3 0 1
900 3 0 3 0 1
910 3 0 3 0 1
920 3 0 3 0 1
930 3 0 3 0 1
940 3 0 3 0 1
950 0 0 3 0 1
960 0 0 3 0 2
970 0 0 3 0 2
980 0 0 3 0 2
990 0 0 3 0 2
1000 0 0 3 0 3
1010 0 0 3 0 3
1020 0 0 3 0 3
1030 0 0 3 0 3
1040 0 0 3 0 3
1050 0 0 3 0 3
1060 0 0 3 0 3
1070 0 0 3 0 3
1080 3 0 3 0 3
1090 0 0 0 3 0
1100 0 0 0 3 0
1110 0 0 0 0 0
1120 0 0 0 0 0
1130 0 0 0 0 0
1140 0 0 0 0 0
1150 0 0 0 0 0
1160 0 0 0 0 0
1170 0 0 0 0 0
1180 0 0 3 0 0
1190 0 0 3 0 0
1200 3 0 3 0 0
1210 3 0 0 0 0
1220 0 0 0 0 0
1230 0 0 0 0 0
1240 0 0 0 0 0
1250 0 0 0 0 0
1260 0 0 0 0 0
