0 3 0 3 0 0
10 3 0 3 0 0
20 3 0 3 0 0
30 3 0 3 0 0
40 3 0 3 0 0
50 0 0 3 0 0
60 0 0 3 0 0
70 0 0 3 0 0
80 0 0 3 0 0
90 0 0 3 0 0
100 0 3 3 0 0
110 0 3 3 0 0
120 0 3 3 0 0
130 0 3 3 0 0
140 3 0 3 0 0
150 3 0 3 0 0
160 0 3 3 0 0
170 3 0 3 0 0
180 3 0 3 0 0
190 3 0 3 0 0
200 3 0 3 0 0
210 3 0 3 0 0
220 3 0 0 3 0
230 3 0 0 3 0
240 3 0 0 3 0
250 3 0 0 0 0
260 3 0 0 0 0
270 3 0 0 0 0
280 3 0 3 0 0
290 3 0 3 0 0
300 3 0 3 0 0
310 3 0 3 0 0
320 3 0 3 0 1
330 3 0 3 0 1
340 0 0 3 0 1
350 3 0 3 0 1
360 3 0 3 0 1
370 3 0 3 0 1
380 3 0 3 0 1
390 3 0 3 0 1
400 3 0 3 0 1
410 3 0 3 0 1
420 3 0 3 0 1
430 3 0 3 0 1
440 3 0 3 0 1
450 3 0 3 0 1
460 3 0 3 0 1
470 3 0 3 0 1
480 3 0 3 0 1
490 3 0 3 0 1
500 3 0 3 0 1
510 3 0 3 0 1
520 3 0 3 0 1
530 3 0 3 0 1
540 3 0 3 0 1
550 3 0 3 0 1
560 3 0 3 0 2
570 3 0 3 0 2
580 3 0 3 0 2
590 3 0 3 0 3
600 3 0 3 0 3
610 3 0 3 0 3
620 3 0 3 0 3
630 3 0 3 0 3
640 3 0 3 0 3
650 3 0 3 0 3
660 3 0 3 0 3
670 3 0 3 0 3
680 3 0 3 0 3
690 3 0 3 0 3
700 3 0 3 0 3
710 3 0 3 0 3
720 3 0 3 0 3
730 3 0 3 0 3
740 3 0 3 0 3
750 3 0 3 0 3
760 3 0 3 0 3
770 3 0 3 0 3
780 3 0 3 0 3
790 0 0 3 0 3
800 0 0 3 0 3
810 0 3 3 0 0
820 0 3 3 0 1
830 0 3 3 0 1
840 0 3 3 0 1
850 0 3 3 0 1
860 0 3 3 0 1
870 3 0 3 0 1
880 0 3 3 0 1
890 0 3 3 0 1
900 0 3 3 0 1
910 0 3 3 0 1
920 0 3 3 0 1
930 0 3 3 0 1
940 3 0 3 0 1
950 3 0 3 0 1
960 3 0 3 0 1
970 3 0 3 0 2
980 3 0 3 0 2
990 3 0 3 0 3
1000 3 0 3 0 3
1010 3 0 3 0 3
1020 3 0 3 0 3
1030 3 0 3 0 3
1040 3 0 3 0 3
1050 3 0 3 0 3
1060 3 0 3 0 3
1070 0 0 3 0 0
1080 0 0 3 0 0
1090 0 0 0 0 0
1100 0 0 0 0 0
1110 0 0 0 0 0
1120 0 0 0 3 0
1130 0 0 0 3 0
1140 0 0 0 3 0
1150 0 0 0 3 0
1160 0 3 3 0 0
1170 0 3 3 0 0
1180 0 0 3 0 0
1190 0 3 3 0 1
1200 0 3 3 0 1
1210 0 0 3 0 1
1220 0 0 3 0 1
1230 0 0 3 0 1
1240 0 3 3 0 1
1250 0 3 3 0 1
1260 0 0 3 0 1
1270 3 0 3 0 1
1280 3 0 3 0 1
1290 3 0 3 0 1
1300 3 0 3 0 1
1310 3 0 3 0 1
1320 3 0 3 0 1
1330 3 0 3 0 1
1340 3 0 3 0 2
1350 3 0 3 0 2
1360 3 0 3 0 2
1370 3 0 3 0 2
1380 3 0 3 0 2
1390 3 0 3 0 2
1400 3 0 3 0 2
1410 3 0 3 0 2
1420 3 0 3 0 2
1430 3 0 3 0 2
1440 3 0 3 0 2
1450 3 0 3 0 2
1460 3 0 3 0 2
1470 3 0 3 0 2
1480 3 0 0 0 2
1490 3 0 0 0 2
1500 3 0 3 0 2
1510 3 0 3 0 2
1520 3 0 3 0 2
1530 3 0 0 3 2
1540 3 0 0 3 2
1550 3 0 0 3 2
1560 3 0 0 3 2
1570 3 0 0 3 2
1580 3 0 0 3 2
1590 3 0 3 0 2
1600 3 0 3 0 2
1610 3 0 3 0 2
1620 3 0 3 0 2
1630 3 0 3 0 2
1640 3 0 3 0 2
1650 3 0 0 3 2
1660 3 0 0 3 2
1670 3 0 0 3 2
1680 3 0 0 0 2
1690 3 0 3 0 2
1700 3 0 3 0 2
1710 3 0 3 0 2
1720 3 0 0 3 2
1730 3 0 0 3 2
1740 3 0 0 3 2
1750 3 0 3 0 2
1760 3 0 3 0 2
1770 3 0 3 0 2
1780 3 0 3 0 2
1790 3 0 3 0 2
1800 3 0 0 0 2
1810 0 0 3 0 2
1820 0 0 3 0 2
1830 3 0 0 3 2
1840 3 0 0 3 2
1850 3 0 0 3 2
1860 3 0 3 0 2
1870 3 0 0 0 2
1880 3 0 0 0 2
1890 3 0 3 0 2
1900 3 0 3 0 2
1910 3 0 3 0 2
1920 3 0 3 0 2
1930 3 0 3 0 2
1940 3 0 3 0 2
1950 3 0 3 0 2
1960 3 0 3 0 2
1970 3 0 3 0 2
1980 3 0 3 0 2
1990 3 0 3 0 2
2000 3 0 3 0 2
2010 3 0 3 0 2
2020 3 0 3 0 2
2030 3 0 3 0 2
2040 3 0 3 0 2
2050 3 0 3 0 2
2060 3 0 3 0 2
2070 3 0 3 0 2
2080 3 0 3 0 2
2090 3 0 3 0 2
2100 3 0 3 0 2
2110 3 0 3 0 2
2120 3 0 3 0 2
2130 3 0 3 0 2
2140 3 0 0 3 2
2150 3 0 0 3 2
2160 3 0 3 0 2
2170 3 0 0 3 2
2180 3 0 0 3 2
2190 3 0 0 3 2
2200 3 0 0 3 2
2210 3 0 0 3 2
2220 3 0 0 3 2
2230 3 0 0 3 2
2240 3 0 0 3 2
2250 3 0 0 3 2
2260 3 0 3 0 2
2270 3 0 3 0 2
2280 3 0 3 0 2
2290 3 0 3 0 2
2300 3 0 3 0 2
2310 3 0 3 0 2
2320 3 0 3 0 2
2330 3 0 3 0 2
2340 3 0 3 0 2
2350 3 0 3 0 3
2360 3 0 3 0 3
2370 3 0 3 0 3
2380 3 0 3 0 3
2390 3 0 3 0 3
2400 0 0 3 0 3
2410 0 0 3 0 3
2420 0 0 3 0 3
2430 0 0 3 0 3
2440 0 0 3 0 3
2450 0 0 3 0 3
2460 0 0 3 0 3
2470 0 0 3 0 3
2480 0 0 3 0 3
2490 0 0 3 0 3
2500 0 0 3 0 3
2510 0 0 3 0 3
2520 0 0 0 0 0
2530 3 0 0 3 0
2540 3 0 0 3 0
2550 3 0 3 0 0
2560 0 0 0 0 0
2570 0 0 0 0 0
2580 3 0 0 0 0
2590 0 0 0 0 0
2600 0 0 0 0 0
2610 0 0 0 0 0
