43 0 0 0 0 0
58 0 0 3 0 0
73 0 0 0 0 0
88 0 0 3 0 0
103 0 0 3 0 0
118 0 0 3 0 0
129 0 0 3 0 0
132 0 3 3 0 0
147 3 0 3 0 0
162 3 0 0 0 0
177 3 0 3 0 0
192 3 0 3 0 0
207 3 0 3 0 0
222 3 0 3 0 0
237 3 0 3 0 0
252 3 0 0 3 0
267 3 0 0 0 0
286 3 0 0 0 0
289 3 0 0 0 0
304 3 0 3 0 0
319 3 0 3 0 1
334 3 0 0 0 1
349 3 0 3 0 1
355 3 0 3 0 1
358 3 0 3 0 1
373 3 0 3 0 1
388 3 0 3 0 1
403 3 0 3 0 1
418 3 0 0 0 1
433 3 0 3 0 1
439 3 0 3 0 1
442 3 0 3 0 1
457 3 0 0 0 1
472 3 0 3 0 2
487 3 0 3 0 3
502 3 0 3 0 3
517 0 0 3 0 3
532 0 0 3 0 3
547 0 0 3 0 3
562 0 0 3 0 3
577 0 0 0 0 3
592 0 0 3 0 3
600 0 0 3 0 3
603 0 0 0 0 3
618 0 0 0 0 3
633 0 0 3 0 3
648 0 0 3 0 3
663 0 0 3 0 3
671 0 0 3 0 3
674 0 0 3 0 3
689 0 0 3 0 3
704 3 0 3 0 3
719 3 0 3 0 3
734 3 0 3 0 3
749 3 0 3 0 3
764 3 0 3 0 3
777 3 0 0 0 3
780 3 0 0 0 3
795 3 0 3 0 3
810 3 0 3 0 3
825 3 0 0 0 3
836 3 0 0 0 3
839 3 0 3 0 3
854 3 0 3 0 3
869 3 0 3 0 3
884 3 0 3 0 3
894 3 0 3 0 3
897 3 0 3 0 3
912 3 0 3 0 3
927 3 0 3 0 3
942 3 0 3 0 3
957 3 0 3 0 3
972 0 0 3 0 3
987 0 0 3 0 3
1002 3 0 3 0 3
1017 0 0 0 0 3
1032 0 0 3 0 3
1047 0 0 3 0 3
1062 3 0 3 0 3
1077 3 0 3 0 3
1083 3 0 3 0 3
1086 3 0 0 0 3
1101 0 0 0 0 3
1116 0 0 0 0 3
1131 0 0 0 0 3
1146 0 0 0 0 3
1161 0 0 0 0 3
1168 0 0 0 0 3
