46 3 0 3 0 0
61 3 0 3 0 0
76 3 0 3 0 0
91 3 0 3 0 0
106 0 0 0 0 0
111 0 0 0 0 0
114 0 0 0 0 0
129 0 0 0 0 0
144 0 0 0 0 0
159 0 0 0 0 0
174 0 0 0 0 0
189 0 2 0 3 0
204 0 2 0 3 0
219 0 2 0 3 0
234 0 2 3 0 0
249 0 2 0 3 0
264 0 2 0 3 0
279 0 0 0 0 0
294 2 0 3 0 0
309 0 2 0 0 0
324 0 2 0 0 0
339 0 2 0 0 0
354 0 2 0 0 0
369 0 2 0 0 0
384 2 0 0 0 0
399 0 2 0 0 0
414 0 2 0 0 0
425 2 0 0 0 0
428 2 0 0 0 0
443 2 0 0 0 0
458 0 2 0 0 0
473 0 2 0 0 0
488 0 0 0 0 0
503 0 3 3 0 0
518 0 3 3 0 0
533 0 3 3 0 0
548 0 2 3 0 0
563 0 2 3 0 0
578 2 0 3 0 0
593 0 2 3 0 0
604 3 0 3 0 0
607 0 3 3 0 0
622 0 2 3 0 0
637 2 0 3 0 0
652 0 3 3 0 0
667 0 2 3 0 0
682 2 0 3 0 0
697 0 2 3 0 0
712 0 2 3 0 0
727 0 2 3 0 0
742 0 2 2 0 1
757 0 2 2 0 2
772 0 2 3 0 0
787 0 2 3 0 0
802 0 2 3 0 0
817 0 2 3 0 0
832 0 2 3 0 0
847 0 2 3 0 0
862 0 2 3 0 0
877 0 2 3 0 0
892 0 2 3 0 0
907 0 2 2 0 1
922 0 2 2 0 2
934 0 2 2 0 0
937 0 2 2 0 1
952 0 2 2 0 2
967 3 0 2 0 2
976 3 0 2 0 2
979 3 0 2 0 2
994 2 0 2 0 2
1009 0 2 2 0 0
1024 2 0 2 0 1
1039 2 0 2 0 2
1054 2 0 2 0 2
1069 0 2 2 0 0
1084 3 0 2 0 1
1099 2 0 3 0 2
1114 2 0 3 0 2
1120 2 0 3 0 2
1123 3 0 3 0 2
1138 3 0 3 0 2
1153 3 0 3 0 2
1168 0 3 0 0 0
1186 3 0 3 0 0
1189 2 0 0 0 0
1204 2 0 3 0 0
1219 2 0 3 0 0
1234 2 0 3 0 0
1249 0 2 3 0 0
1264 3 0 3 0 0
1279 2 0 3 0 0
1294 2 0 3 0 0
1309 2 0 3 0 0
1324 2 0 0 0 0
1339 0 2 3 0 0
1354 0 2 3 0 0
1369 0 3 3 0 0
1384 0 2 0 0 0
1399 0 2 3 0 0
1414 0 2 0 0 0
1429 0 2 0 0 0
1444 0 2 2 0 1
1459 0 2 2 0 2
1474 0 2 3 0 0
1489 0 2 3 0 0
1504 0 2 0 0 0
1519 0 2 0 0 0
1534 0 2 3 0 0
1549 0 2 3 0 0
1564 0 2 3 0 0
1579 0 2 0 0 0
1594 0 2 2 0 1
1597 0 2 2 0 2
1612 0 2 2 0 0
1627 0 0 0 0 0
1642 0 2 2 0 1
1657 0 0 0 0 1
1667 0 0 2 0 2
1670 3 0 3 0 2
1685 0 3 0 0 0
1700 0 3 3 0 0
1708 3 0 3 0 0
1711 0 3 3 0 0
1726 0 3 3 0 0
1741 3 0 3 0 0
1756 3 0 3 0 0
1761 3 0 3 0 0
1764 2 0 3 0 0
1779 2 0 3 0 0
1794 0 2 3 0 0
1809 0 2 0 0 0
1824 0 2 0 0 0
1839 2 0 0 0 0
1854 0 2 0 0 0
1869 0 2 0 0 0
1884 0 2 0 0 0
1899 0 2 0 0 0
1914 0 2 3 0 0
1929 0 2 3 0 0
1944 0 2 3 0 0
1959 2 0 3 0 0
1974 0 2 3 0 0
1989 0 2 3 0 0
2004 0 2 3 0 0
2019 0 2 3 0 0
2034 2 0 3 0 0
2049 2 0 3 0 0
2066 0 2 3 0 0
2069 2 0 3 0 0
2084 2 0 3 0 0
2099 0 0 0 0 0
2114 0 3 2 0 1
2129 0 2 3 0 2
2144 0 3 3 0 0
2151 3 0 0 3 0
2154 2 0 3 0 0
2169 2 0 2 0 1
2184 2 0 3 0 2
2199 2 0 3 0 2
2214 2 0 3 0 2
2232 2 0 3 0 2
2235 0 0 0 0 2
2250 0 0 0 0 2
2265 0 0 0 0 2
2280 0 0 0 0 2
2295 0 0 0 0 2
2301 0 0 0 0 2
2304 2 0 3 0 2
2319 0 2 3 0 0
2334 0 2 3 0 0
2349 0 2 2 0 0
2364 0 3 3 0 0
2379 0 3 3 0 0
2394 0 3 3 0 0
2406 2 0 3 0 0
2409 2 0 3 0 0
2424 3 0 3 0 0
2439 2 0 3 0 0
2454 2 0 3 0 0
2469 3 0 3 0 0
2485 0 2 3 0 0
2488 0 2 3 0 0
2503 0 2 3 0 0
2518 0 2 2 0 0
2533 0 2 3 0 0
2548 0 2 3 0 0
2563 2 0 3 0 0
2578 0 2 3 0 0
2593 0 3 2 0 0
2608 0 3 3 0 0
2623 3 0 2 0 0
2638 2 0 2 0 0
2653 3 0 2 0 0
2668 3 0 2 0 0
2683 2 0 3 0 0
2698 3 0 3 0 0
2713 3 0 3 0 0
2728 2 0 2 0 0
2743 3 0 2 0 0
2758 2 0 3 0 0
2773 0 2 3 0 0
2788 0 2 3 0 0
2803 0 2 3 0 0
2818 0 3 2 0 0
2833 2 0 2 0 0
2848 3 0 2 0 0
2863 0 2 3 0 0
2878 0 3 2 0 0
2893 2 0 2 0 0
2908 3 0 2 0 0
2923 2 0 2 0 0
2938 3 0 2 0 0
2953 2 0 3 0 0
2968 2 0 2 0 0
2983 2 0 3 0 0
2998 2 0 3 0 0
3013 2 0 2 0 0
3028 2 0 2 0 0
3047 2 0 3 0 0
3050 3 0 3 0 0
3065 0 3 3 0 0
3080 0 2 0 0 0
3095 0 2 0 0 0
3110 0 2 0 0 0
3125 0 2 3 0 0
3140 0 2 3 0 0
3155 0 2 3 0 0
3170 0 2 3 0 0
3185 0 2 3 0 0
3200 0 2 3 0 0
3215 0 2 0 3 0
3226 0 2 3 0 0
3229 2 0 0 3 0
3244 0 2 3 0 0
3259 0 2 3 0 0
3274 0 2 3 0 0
3289 0 2 3 0 0
3306 0 2 3 0 0
3309 0 2 0 3 0
3324 0 2 3 0 0
3339 0 2 0 3 0
3354 0 2 2 0 0
3369 0 2 3 0 0
3384 0 2 0 2 0
3399 0 2 2 0 0
3414 0 2 2 0 0
3429 0 2 2 0 0
3444 0 2 2 0 0
3459 0 2 0 2 0
3472 0 2 2 0 0
3475 3 0 2 0 0
3490 2 0 2 0 0
3505 2 0 2 0 0
3520 2 0 2 0 0
3535 3 0 3 0 0
3550 3 0 2 0 0
3565 3 0 2 0 0
3580 2 0 2 0 0
3595 3 0 2 0 0
3612 3 0 2 0 0
3615 3 0 3 0 0
3630 2 0 3 0 0
3645 2 0 3 0 0
3657 2 0 3 0 0
3660 3 0 3 0 0
3675 3 0 3 0 0
3690 3 0 3 0 0
3705 3 0 3 0 0
3720 2 0 3 0 0
3735 3 0 0 3 0
3748 3 0 0 3 0
3751 2 0 0 2 0
3766 0 2 0 2 0
3781 0 2 0 2 0
3796 0 2 0 2 0
3811 0 2 0 2 0
3826 0 2 0 2 0
3841 0 2 2 0 0
3856 0 3 3 0 0
3861 0 3 3 0 0
3864 0 2 2 0 0
3879 0 2 3 0 0
3894 0 2 3 0 0
3900 0 2 3 0 0
3903 0 2 3 0 0
3918 3 0 0 3 0
3933 0 3 3 0 0
3948 0 3 3 0 0
3963 3 0 3 0 0
3978 0 3 3 0 0
3993 0 3 3 0 0
4008 0 3 3 0 0
4024 3 0 3 0 0
4027 2 0 0 3 0
4042 0 3 3 0 0
4057 0 3 0 3 0
4072 0 2 0 3 0
4087 0 2 3 0 0
4102 0 2 3 0 0
4117 0 2 3 0 0
4132 2 0 3 0 0
4147 0 2 3 0 0
4162 0 2 3 0 0
4177 0 2 3 0 0
4192 0 2 3 0 0
4207 3 0 3 0 0
4222 2 0 3 0 0
4237 2 0 3 0 0
4252 2 0 3 0 0
4267 2 0 3 0 0
4282 2 0 3 0 0
4297 3 0 3 0 0
4312 3 0 3 0 0
4327 3 0 3 0 0
4342 3 0 3 0 0
4357 3 0 3 0 0
4372 0 3 2 0 0
4387 2 0 2 0 0
4402 3 0 3 0 0
4417 0 3 3 0 0
4432 0 0 3 0 0
4447 3 0 3 0 0
4462 0 3 3 0 0
4477 0 3 3 0 0
4492 2 0 3 0 0
4507 2 0 3 0 0
4522 0 3 3 0 0
4537 0 3 0 3 0
4552 0 2 0 0 0
4567 0 2 3 0 0
4582 0 2 3 0 0
4597 0 2 3 0 0
4612 0 2 0 3 0
4627 2 0 3 0 0
4642 0 0 3 0 0
4649 0 0 3 0 0
