103 0 3 0 0 0
118 0 3 0 0 0
133 0 3 0 0 0
145 0 3 0 0 0
148 0 0 0 0 0
163 0 0 0 0 0
178 0 0 0 0 0
193 0 2 0 0 0
208 2 0 0 0 0
223 0 2 0 3 0
238 0 2 0 3 0
253 0 2 0 3 0
268 2 0 3 0 0
283 2 0 3 0 0
298 0 3 0 3 0
313 3 0 0 3 0
328 0 3 0 3 0
343 3 0 0 3 0
358 3 0 0 3 0
373 3 0 0 2 1
388 2 0 0 2 2
403 2 0 0 2 0
418 0 0 0 0 0
433 0 2 0 0 0
448 0 3 0 2 1
463 3 0 0 2 2
478 3 0 0 2 0
493 3 0 2 0 1
506 3 0 2 0 2
509 0 0 2 0 2
524 0 2 3 0 0
539 2 0 3 0 0
554 2 0 3 0 0
569 2 0 0 2 1
584 2 0 3 0 2
599 2 0 3 0 2
614 2 0 3 0 2
629 2 0 2 0 2
644 2 0 2 0 2
659 2 0 2 0 2
674 2 0 2 0 2
689 2 0 2 0 2
704 2 0 2 0 2
719 2 0 2 0 2
734 2 0 0 2 0
749 2 0 2 0 1
764 2 0 2 0 2
767 2 0 2 0 2
782 0 0 3 0 2
797 0 0 3 0 2
812 0 0 3 0 2
831 0 0 0 3 0
834 0 0 0 0 0
849 0 0 0 3 0
864 2 0 0 3 0
879 0 0 0 3 0
894 0 3 0 3 0
909 3 0 0 3 0
924 0 3 0 3 0
939 3 0 0 3 0
956 0 0 0 3 0
959 0 0 0 3 0
974 0 3 0 3 0
989 3 0 0 3 0
1004 2 0 0 3 0
1019 0 3 0 3 0
1026 2 0 0 3 0
1029 2 0 0 3 0
1044 0 2 0 3 0
1059 0 2 0 0 0
1074 0 2 0 2 1
1089 0 2 0 2 2
1104 0 2 0 0 0
1119 0 0 0 0 0
1134 0 2 0 0 0
1149 0 2 0 0 0
1164 0 2 0 0 0
1179 0 2 2 0 1
1194 0 2 0 2 2
1209 0 2 0 2 0
1224 0 2 2 0 1
1237 0 2 0 2 2
1240 0 2 2 0 0
1255 0 2 0 2 1
1270 0 2 2 0 2
1285 0 3 2 0 0
1300 0 3 2 0 1
1315 3 0 2 0 2
1331 3 0 0 2 0
1334 3 0 0 2 1
1349 3 0 0 2 2
1364 3 0 0 2 0
1379 3 0 0 2 1
1394 3 0 0 3 2
1409 3 0 0 3 0
1424 0 3 0 0 0
1439 3 0 0 0 0
1455 3 0 0 0 0
1458 0 0 0 0 0
1473 0 2 0 0 0
1488 2 0 0 3 0
1503 3 0 0 3 0
1518 0 3 0 3 0
1533 3 0 0 3 0
1548 3 0 0 3 0
1563 3 0 0 3 0
1578 3 0 0 3 0
1593 3 0 3 0 0
1606 3 0 3 0 0
1609 3 0 3 0 0
1624 2 0 3 0 0
1639 0 2 0 0 0
1654 0 2 0 0 0
1669 0 2 2 0 1
1684 0 2 0 0 2
1699 0 2 3 0 0
1714 0 2 0 0 0
1729 0 2 3 0 0
1744 0 2 2 0 1
1759 0 2 2 0 2
1774 0 3 0 0 0
1789 0 2 2 0 1
1804 0 2 0 0 2
1819 0 2 0 0 0
1834 0 2 0 0 0
1849 0 2 0 0 0
1864 0 2 3 0 0
1879 0 2 0 0 0
1894 0 2 0 0 0
1909 0 2 3 0 0
1924 0 2 0 0 0
1939 0 2 3 0 0
1954 0 2 3 0 0
1969 0 2 0 0 0
1984 0 2 3 0 0
1999 0 2 0 0 0
2014 2 0 0 0 0
2026 2 0 3 0 0
2029 2 0 0 3 0
2044 0 2 0 3 0
2059 0 3 0 3 0
2074 0 2 3 0 0
2089 0 2 3 0 0
2104 0 2 3 0 0
2119 3 0 0 0 0
2134 2 0 3 0 0
2149 2 0 3 0 0
2164 2 0 3 0 0
2179 2 0 3 0 0
2194 2 0 3 0 0
2209 2 0 3 0 0
2224 3 0 3 0 0
2239 3 0 3 0 0
2254 3 0 3 0 0
2269 3 0 3 0 0
2280 3 0 3 0 0
2283 3 0 3 0 0
2298 3 0 0 3 0
2313 3 0 0 2 1
2328 3 0 0 3 2
2343 3 0 0 3 0
2358 0 3 0 3 0
2373 0 3 0 2 0
2379 3 0 0 3 0
2382 3 0 0 3 0
2397 2 0 3 0 0
2412 0 2 0 3 0
2427 0 3 0 0 0
2442 2 0 0 3 0
2457 2 0 2 0 0
2472 0 2 0 3 0
2487 2 0 0 3 0
2502 2 0 0 2 1
2517 0 2 0 2 2
2532 0 2 0 2 0
2547 2 0 0 2 1
2562 2 0 0 3 2
2577 0 2 0 3 0
2592 2 0 0 3 0
2604 0 2 0 3 0
2607 0 2 0 3 0
2622 0 2 0 3 0
2637 2 0 2 0 1
2652 2 0 0 0 2
2667 0 2 0 3 0
2682 0 2 0 0 0
2697 0 2 0 0 0
2712 0 2 0 0 0
2727 0 2 3 0 0
2742 0 2 0 0 0
2757 0 2 2 0 0
2772 0 2 0 2 0
2787 0 2 0 2 0
2802 0 2 3 0 0
2817 0 2 0 0 0
2832 0 2 0 0 0
2847 0 2 0 0 0
2862 0 2 2 0 0
2877 0 2 0 3 0
2892 0 2 0 0 0
2907 0 2 2 0 0
2922 0 2 0 2 0
2937 0 2 3 0 0
2946 0 2 0 3 0
2949 0 2 3 0 0
2964 0 2 0 3 0
2979 0 2 0 3 0
2994 0 2 3 0 0
3009 0 2 3 0 0
3024 0 2 3 0 0
3039 0 3 3 0 0
3054 3 0 3 0 0
3061 3 0 3 0 0
3064 3 0 3 0 0
3079 0 3 3 0 0
3094 0 3 3 0 0
3109 3 0 3 0 0
3124 3 0 3 0 0
3134 0 0 3 0 0
