0 0 0 0 0 0
10 0 0 0 0 0
20 0 0 0 0 0
30 0 0 0 0 0
40 0 0 0 0 0
50 0 0 0 0 0
60 0 0 0 0 0
70 0 0 0 0 0
80 0 0 0 0 0
90 0 0 0 0 0
100 0 0 0 0 0
110 0 0 0 0 0
120 0 0 0 0 0
130 0 0 0 0 0
140 0 0 0 0 0
150 0 0 0 0 0
160 0 0 0 0 0
170 0 0 0 0 0
180 0 0 0 0 0
190 0 0 0 0 0
200 0 0 0 0 0
210 0 0 0 0 2
220 0 0 0 3 2
230 0 0 0 3 2
240 0 2 0 2 2
250 0 0 0 0 2
260 0 0 0 0 2
270 0 0 3 0 2
280 0 0 2 0 2
290 0 0 2 0 2
300 0 0 0 0 0
310 0 0 0 0 2
320 0 0 0 0 2
330 2 0 0 0 2
340 0 0 0 0 2
350 0 0 0 0 2
360 0 0 0 2 2
370 0 0 0 2 2
380 0 0 0 2 2
390 2 0 3 0 2
400 2 0 0 0 2
410 2 0 0 0 2
420 2 0 0 2 2
430 0 0 0 0 2
440 0 0 0 0 0
450 0 0 0 0 2
460 0 2 0 0 2
470 0 2 0 0 2
480 2 0 0 2 2
490 2 0 0 2 2
500 2 0 0 2 2
510 2 0 2 0 2
520 2 0 2 0 2
530 2 0 2 0 2
540 0 2 3 0 0
550 0 0 3 0 0
560 0 0 3 0 0
570 2 0 3 0 2
580 0 0 2 0 2
590 0 0 2 0 2
600 0 0 3 0 0
610 0 0 0 0 2
620 0 0 0 0 2
630 0 0 3 0 2
640 3 0 3 0 2
650 3 0 3 0 2
660 2 0 3 0 2
670 0 0 2 0 2
680 0 0 2 0 2
690 2 0 2 0 2
700 0 0 2 0 2
710 0 0 2 0 2
720 2 0 2 0 2
730 0 0 2 0 2
740 0 0 2 0 2
750 2 0 2 0 2
760 2 0 2 0 2
770 2 0 2 0 2
780 2 0 2 0 2
790 2 0 2 0 2
800 2 0 2 0 2
810 2 0 2 0 2
820 2 0 2 0 2
830 2 0 2 0 2
840 2 0 2 0 2
850 2 0 2 0 0
860 2 0 0 2 2
870 2 0 0 2 2
880 2 0 0 2 2
890 0 0 0 0 2
900 0 0 0 0 2
910 2 0 0 2 2
920 2 0 2 0 2
930 2 0 2 0 1
940 2 0 3 0 1
950 0 0 0 0 0
960 0 0 0 0 2
970 0 2 0 0 2
980 0 2 0 0 2
990 0 0 0 0 2
1000 0 0 0 2 2
1010 0 0 0 2 2
1020 0 0 0 2 2
1030 0 0 0 2 2
1040 0 0 0 2 2
1050 0 0 0 2 2
1060 0 3 0 2 2
1070 0 0 0 2 2
1080 0 0 0 2 2
1090 0 0 0 2 2
1100 0 0 0 2 2
1110 0 0 0 2 2
1120 0 0 2 0 2
1130 0 0 2 0 2
1140 0 0 2 0 2
1150 0 0 2 0 2
1160 0 0 2 0 2
1170 0 0 2 0 2
1180 0 0 2 0 2
1190 0 0 2 0 2
1200 0 0 2 0 2
1210 0 0 2 0 2
1220 0 0 2 0 2
1230 0 0 2 0 2
1240 0 0 2 0 2
1250 0 0 2 0 2
1260 0 2 2 0 2
1270 0 0 0 2 2
1280 0 0 0 2 2
1290 0 2 2 0 2
1300 0 2 2 0 2
1310 0 2 2 0 2
1320 0 2 2 0 2
1330 2 0 2 0 2
1340 2 0 2 0 2
1350 2 0 0 2 2
1360 2 0 0 2 2
1370 2 0 0 2 2
1380 2 0 0 2 2
1390 2 0 0 2 2
1400 2 0 0 2 2
1410 0 0 0 2 2
1420 0 0 0 2 2
1430 0 0 0 2 2
1440 0 0 0 2 2
1450 0 0 0 3 2
1460 0 0 0 3 2
1470 0 0 0 3 2
1480 0 0 0 3 2
1490 0 0 0 3 0
1500 0 0 0 2 2
1510 0 0 0 2 2
1520 2 0 0 3 2
1530 2 0 0 2 2
1540 2 0 0 2 2
1550 2 0 0 0 0
1560 0 0 0 2 0
1570 0 0 0 2 0
1580 0 0 0 3 0
1590 3 0 0 3 0
1600 3 0 0 3 0
1610 0 0 3 0 0
1620 2 0 0 0 0
1630 2 0 0 0 0
1640 0 0 0 0 0
1650 0 2 2 0 0
1660 0 2 2 0 0
1670 0 0 3 0 2
1680 0 2 3 0 2
1690 0 2 3 0 2
1700 0 2 3 0 2
1710 0 2 3 0 2
1720 0 2 3 0 2
1730 0 2 2 0 2
1740 0 2 2 0 2
1750 0 2 2 0 0
1760 0 0 2 0 2
1770 0 0 2 0 2
1780 0 0 2 0 2
1790 0 0 2 0 0
1800 0 0 2 0 2
1810 0 0 2 0 2
1820 0 0 2 0 2
1830 0 0 3 0 2
1840 0 0 3 0 2
1850 0 0 2 0 2
1860 0 0 2 0 2
1870 0 0 2 0 2
1880 0 0 2 0 2
1890 0 0 2 0 2
1900 0 0 2 0 2
1910 0 0 2 0 2
1920 0 0 2 0 2
1930 0 0 2 0 2
1940 0 0 2 0 2
1950 0 0 2 0 2
1960 0 0 2 0 2
1970 0 0 2 0 2
1980 0 0 2 0 2
1990 0 0 2 0 2
2000 0 0 2 0 2
2010 0 0 2 0 2
2020 0 0 2 0 2
2030 0 0 2 0 2
2040 2 0 2 0 2
2050 2 0 2 0 0
2060 0 2 2 0 0
2070 0 0 2 0 1
2080 0 0 2 0 1
2090 0 0 0 0 0
2100 0 0 0 0 0
2110 0 0 0 0 0
2120 0 0 2 0 0
2130 0 0 2 0 0
2140 0 0 2 0 0
2150 2 0 0 0 0
2160 0 0 0 0 1
2170 0 0 0 0 1
2180 0 0 0 0 1
2190 0 0 0 0 1
2200 0 0 0 0 1
2210 2 0 0 0 1
2220 2 0 0 0 1
2230 2 0 0 0 1
2240 2 0 0 0 1
2250 2 0 0 0 1
2260 2 0 0 0 1
2270 2 0 0 0 1
2280 2 0 0 0 1
2290 2 0 0 0 1
2300 2 0 0 0 1
2310 2 0 0 0 1
2320 2 0 0 0 1
2330 2 0 0 0 1
2340 2 0 0 0 1
2350 2 0 0 0 1
2360 2 0 0 0 1
2370 2 0 0 0 1
2380 2 0 0 0 2
2390 0 0 0 0 2
2400 0 0 0 0 2
2410 0 0 0 0 2
2420 0 0 0 0 2
2430 0 3 0 0 0
2440 0 0 0 3 2
2450 0 0 0 3 2
2460 2 0 0 0 2
2470 2 0 0 0 2
2480 2 0 0 0 2
2490 0 0 2 0 2
2500 0 0 0 0 2
2510 0 0 0 0 0
2520 0 0 0 0 0
2530 0 0 0 0 0
2540 0 0 0 0 0
2550 0 0 0 0 0
2560 0 0 0 0 0
2570 0 0 0 0 0
2580 0 0 0 0 0
2590 0 0 0 0 1
2600 0 0 0 0 1
2610 0 0 0 0 1
2620 0 2 0 2 0
2630 0 2 0 2 0
2640 0 2 0 2 0
2650 0 2 0 2 2
2660 0 2 0 2 2
2670 0 0 0 2 2
2680 0 0 3 0 2
2690 0 0 3 0 0
2700 0 0 0 0 0
2710 0 0 0 0 0
2720 0 0 0 0 0
2730 0 0 0 0 0
2740 0 0 0 0 0
2750 0 0 0 0 0
2760 0 0 0 0 1
2770 0 0 0 0 1
2780 0 0 0 0 1
2790 0 0 0 0 2
2800 0 0 0 0 2
2810 0 0 0 0 2
2820 0 0 0 0 0
2830 0 0 0 0 0
2840 0 0 0 0 0
2850 0 0 0 3 0
2860 0 0 3 0 1
2870 0 0 3 0 1
2880 0 0 0 0 0
2890 0 0 0 0 0
2900 0 0 0 0 0
2910 0 0 0 2 1
2920 0 0 3 0 8
2930 0 0 3 0 8
2940 0 0 0 2 0
2950 0 0 2 0 2
2960 0 0 3 0 2
2970 0 0 3 0 0
2980 0 3 2 0 1
2990 0 0 0 0 0
3000 0 0 0 0 0
3010 0 0 0 0 2
3020 0 3 2 0 2
3030 0 3 2 0 2
3040 0 3 2 0 2
3050 0 3 2 0 2
3060 0 3 2 0 2
3070 0 3 2 0 2
3080 0 3 2 0 2
3090 0 2 2 0 2
3100 0 2 2 0 2
3110 0 2 2 0 2
3120 0 0 0 0 2
3130 0 0 0 0 2
