0 0 0 0 0 0
10 0 0 0 0 0
20 0 0 0 0 0
30 0 0 0 0 0
40 0 0 0 0 0
50 0 0 0 0 0
60 3 0 3 0 0
70 3 0 3 0 0
80 3 0 3 0 0
90 3 0 3 0 0
100 3 0 3 0 0
110 3 0 2 0 0
120 3 0 3 0 0
130 3 0 3 0 0
140 3 0 3 0 0
150 3 0 3 0 0
160 3 0 3 0 0
170 0 3 3 0 0
180 0 3 3 0 0
190 0 0 2 0 1
200 0 0 3 0 0
210 0 0 3 0 0
220 0 0 3 0 0
230 0 0 0 0 0
240 0 0 0 0 0
250 0 0 0 0 0
260 0 0 0 0 0
270 0 0 0 0 0
280 0 0 3 0 0
290 0 2 0 0 0
300 0 2 0 0 0
310 0 2 0 0 0
320 0 2 3 0 0
330 0 2 3 0 0
340 0 0 2 0 0
350 0 0 0 0 0
360 0 0 0 0 0
370 0 0 0 0 0
380 0 2 0 0 0
390 0 2 0 0 0
400 0 2 0 0 0
410 0 2 2 0 0
420 0 2 2 0 0
430 0 2 2 0 0
440 0 2 2 0 0
450 0 2 2 0 0
460 2 0 0 0 0
470 2 0 0 0 0
480 2 0 0 0 0
490 0 0 2 0 0
500 0 0 0 0 0
510 0 0 0 0 0
520 0 0 0 0 0
530 0 0 0 0 0
540 0 0 0 0 0
550 0 0 0 0 0
560 0 0 0 0 0
570 0 0 0 0 0
580 0 0 0 0 0
590 0 0 0 0 0
600 0 0 0 0 0
610 0 0 0 0 0
620 0 0 0 0 0
630 0 0 0 0 0
640 0 0 0 0 0
650 0 0 0 0 0
660 0 0 0 0 0
670 0 0 0 0 0
680 0 0 0 0 0
690 0 0 0 0 0
700 0 0 0 0 0
710 0 2 0 0 1
720 0 2 0 0 1
730 0 2 0 0 2
740 0 2 0 0 2
750 0 2 0 0 2
760 0 2 2 0 2
770 0 2 2 0 2
780 0 2 2 0 2
790 0 2 3 0 0
800 0 2 0 0 1
810 0 2 0 0 1
820 0 2 3 0 2
830 0 2 0 0 2
840 0 2 0 0 2
850 0 2 0 0 0
860 0 2 3 0 1
870 0 2 3 0 1
880 0 2 0 0 1
890 0 2 0 0 1
900 0 2 0 0 1
910 0 2 0 0 2
920 0 2 0 0 2
930 0 2 0 0 2
940 0 2 2 0 2
950 0 2 2 0 2
960 0 2 2 0 2
970 2 0 2 0 2
980 2 0 2 0 2
990 2 0 2 0 2
1000 2 0 2 0 2
1010 0 0 2 0 2
1020 0 0 0 0 2
1030 0 0 0 0 2
1040 0 0 2 0 2
1050 0 0 2 0 2
1060 0 0 2 0 2
1070 3 0 3 0 2
1080 2 0 3 0 2
1090 2 0 3 0 2
1100 2 0 2 0 2
1110 2 0 2 0 2
1120 2 0 2 0 2
1130 2 0 2 0 2
1140 2 0 2 0 2
1150 2 0 2 0 2
1160 2 0 2 0 2
1170 2 0 2 0 0
1180 2 0 2 0 1
1190 2 0 2 0 1
1200 2 0 2 0 1
1210 2 0 2 0 1
1220 2 0 2 0 0
1230 2 0 2 0 0
1240 2 0 2 0 0
1250 2 0 2 0 1
1260 2 0 2 0 0
1270 2 0 2 0 0
1280 2 0 2 0 1
1290 2 0 2 0 0
1300 2 0 2 0 0
1310 2 0 2 0 2
1320 2 0 2 0 2
1330 2 0 2 0 2
1340 2 0 2 0 2
1350 0 2 2 0 2
1360 0 2 2 0 2
1370 0 2 2 0 2
1380 0 2 2 0 2
1390 0 2 2 0 2
1400 0 2 2 0 0
1410 0 2 2 0 1
1420 0 2 2 0 1
1430 0 2 2 0 2
1440 0 2 2 0 2
1450 0 2 2 0 2
1460 0 3 2 0 0
1470 0 2 2 0 2
1480 0 2 2 0 2
1490 0 0 2 0 2
1500 0 2 2 0 2
1510 0 2 2 0 2
1520 0 2 2 0 2
1530 0 2 2 0 2
1540 0 2 2 0 0
1550 0 2 0 0 2
1560 0 2 2 0 2
1570 0 2 2 0 2
1580 0 2 2 0 2
1590 0 2 2 0 2
1600 0 2 2 0 2
1610 0 2 2 0 2
1620 0 2 2 0 2
1630 0 2 0 0 0
1640 2 0 2 0 2
1650 2 0 2 0 2
1660 0 0 2 0 2
1670 0 0 2 0 2
1680 2 0 2 0 2
1690 2 0 3 0 2
1700 2 0 3 0 2
1710 2 0 3 0 2
1720 0 0 2 0 2
1730 0 0 2 0 2
1740 0 0 2 0 2
1750 0 0 2 0 2
1760 2 0 2 0 1
1770 3 0 2 0 0
1780 0 0 2 0 0
1790 0 0 2 0 0
1800 0 0 2 0 0
1810 0 2 2 0 0
1820 0 2 2 0 0
1830 0 2 2 0 0
1840 0 2 0 0 1
1850 2 0 3 0 1
1860 2 0 3 0 1
1870 0 2 0 0 1
1880 0 2 0 0 1
1890 0 2 0 0 1
1900 2 0 3 0 1
1910 2 0 2 0 1
1920 2 0 2 0 1
1930 2 0 2 0 0
1940 2 0 2 0 1
1950 2 0 2 0 1
1960 2 0 3 0 1
1970 2 0 0 0 2
1980 2 0 0 0 2
1990 2 0 0 0 2
2000 2 0 3 0 2
2010 2 0 3 0 1
2020 2 0 3 0 1
2030 2 0 3 0 1
2040 2 0 3 0 1
2050 2 0 0 0 1
2060 2 0 0 0 0
2070 2 0 0 0 2
2080 2 0 2 0 2
2090 2 0 2 0 2
2100 0 0 2 0 0
2110 0 0 2 0 0
2120 0 0 2 0 0
2130 0 0 2 0 2
2140 0 2 2 0 2
2150 0 2 2 0 2
2160 2 0 2 0 2
2170 2 0 2 0 0
2180 2 0 2 0 0
2190 2 0 2 0 0
2200 2 0 0 0 0
2210 2 0 2 0 0
2220 2 0 2 0 0
2230 0 0 2 0 0
2240 0 0 2 0 0
2250 2 0 2 0 0
2260 2 0 2 0 0
2270 2 0 2 0 1
2280 2 0 2 0 0
2290 2 0 2 0 0
2300 2 0 2 0 0
2310 2 0 2 0 0
2320 0 0 2 0 0
2330 0 0 2 0 0
2340 0 0 2 0 0
2350 0 0 3 0 2
2360 0 0 2 0 2
2370 0 0 2 0 2
2380 0 0 0 0 0
2390 0 0 2 0 1
2400 0 0 2 0 1
2410 0 0 2 0 1
2420 0 0 2 0 0
2430 0 0 2 0 0
2440 2 0 2 0 0
2450 2 0 2 0 0
2460 2 0 2 0 0
2470 2 0 2 0 0
2480 2 0 0 0 0
2490 2 0 0 0 0
2500 0 0 0 0 0
2510 0 0 0 0 0
2520 0 2 3 0 0
2530 0 0 0 0 0
2540 0 0 0 0 0
2550 0 0 0 0 0
2560 0 0 3 0 1
2570 0 0 3 0 1
2580 0 0 0 0 0
2590 0 2 0 0 2
2600 0 2 0 0 2
2610 0 0 0 0 2
2620 0 2 0 0 2
2630 0 2 0 0 0
2640 0 0 0 0 1
2650 0 0 0 0 1
2660 0 0 0 0 1
2670 0 0 0 0 1
2680 0 0 0 0 2
2690 0 0 0 0 2
2700 0 0 0 0 2
2710 0 0 0 0 2
2720 0 0 0 0 2
2730 0 0 0 0 2
2740 0 0 0 0 2
2750 0 0 0 0 0
2760 0 0 0 0 1
2770 0 0 0 0 1
2780 0 0 0 0 1
2790 0 0 0 0 1
2800 0 2 2 0 0
2810 0 2 2 0 0
2820 2 0 0 0 0
2830 2 0 2 0 1
2840 2 0 2 0 1
2850 2 0 2 0 1
2860 2 0 2 0 0
2870 2 0 2 0 0
2880 3 0 2 0 0
2890 0 0 2 0 1
2900 0 0 2 0 1
2910 0 0 0 0 0
2920 0 0 3 0 0
2930 0 0 3 0 0
2940 2 0 3 0 2
2950 0 0 2 0 2
2960 0 0 2 0 2
2970 0 0 2 0 2
2980 0 0 0 0 2
2990 0 0 0 0 2
3000 2 0 3 0 0
3010 2 0 0 0 0
3020 2 0 0 0 0
3030 2 0 2 0 1
3040 0 0 2 0 1
3050 0 0 2 0 1
3060 0 0 2 0 0
3070 2 0 3 0 0
3080 0 2 3 0 0
3090 0 2 3 0 0
3100 0 0 3 0 1
3110 0 0 0 0 0
3120 0 0 0 0 0
3130 0 0 2 0 1
3140 0 0 3 0 0
3150 0 0 3 0 0
3160 0 0 0 0 2
3170 0 0 3 0 2
3180 0 0 3 0 2
3190 0 0 2 0 2
3200 0 0 2 0 2
3210 0 0 2 0 2
3220 0 0 2 0 2
3230 0 0 2 0 2
3240 0 0 2 0 2
3250 0 0 2 0 0
3260 0 0 2 0 0
3270 0 0 2 0 0
3280 0 0 2 0 0
3290 0 0 2 0 0
3300 0 0 2 0 0
3310 0 0 2 0 0
3320 0 0 2 0 0
3330 0 0 2 0 0
3340 0 0 2 0 0
3350 0 0 2 0 0
3360 0 0 2 0 0
3370 0 0 0 0 0
3380 0 0 0 0 1
3390 0 0 0 0 1
3400 0 0 0 0 2
3410 0 0 0 0 2
3420 0 0 0 0 2
3430 0 0 2 0 0
3440 0 0 2 0 1
3450 0 0 2 0 1
3460 0 0 3 0 2
3470 0 0 0 2 2
3480 0 0 0 2 2
3490 0 0 2 0 2
3500 0 0 2 0 2
3510 0 0 0 0 2
3520 0 0 2 0 2
3530 0 0 2 0 2
3540 2 0 2 0 2
3550 2 0 0 0 2
3560 2 0 0 0 2
3570 0 0 0 0 2
3580 2 0 0 0 2
3590 2 0 0 0 2
3600 2 0 2 0 2
3610 2 0 0 0 2
3620 2 0 0 0 2
3630 2 0 2 0 2
3640 2 0 2 0 2
3650 2 0 2 0 2
3660 0 0 2 0 2
3670 0 0 3 0 2
3680 0 0 3 0 2
3690 2 0 3 0 2
3700 2 0 3 0 2
3710 2 0 0 0 0
3720 2 0 2 0 0
3730 2 0 2 0 0
3740 2 0 2 0 0
3750 2 0 0 0 0
3760 2 0 0 3 0
3770 2 0 0 3 2
3780 0 2 2 0 2
3790 0 2 2 0 2
3800 0 2 3 0 2
3810 0 2 3 0 2
3820 0 2 3 0 2
3830 0 2 3 0 0
3840 0 2 3 0 2
3850 0 2 3 0 2
3860 0 2 2 0 2
3870 0 2 2 0 2
3880 0 2 2 0 2
3890 0 0 2 0 2
3900 0 0 2 0 2
3910 0 2 0 0 0
3920 0 0 2 0 0
3930 0 0 2 0 0
3940 0 0 2 0 0
3950 0 0 2 0 1
3960 0 3 2 0 0
3970 0 3 2 0 0
3980 0 0 2 0 0
3990 0 0 2 0 0
4000 0 0 2 0 0
4010 0 3 2 0 0
4020 0 3 2 0 0
4030 0 3 2 0 0
4040 0 3 2 0 0
4050 0 3 2 0 0
4060 0 3 2 0 0
4070 0 0 3 0 0
4080 0 0 3 0 0
4090 0 0 0 0 2
4100 0 0 3 0 2
4110 0 0 3 0 2
4120 0 0 3 0 0
4130 0 0 3 0 1
4140 0 0 3 0 1
4150 0 0 3 0 1
4160 0 0 3 0 2
4170 0 0 3 0 2
4180 0 0 3 0 2
4190 0 0 3 0 2
4200 0 0 3 0 2
4210 0 0 0 0 2
4220 0 0 2 0 2
4230 0 0 2 0 2
4240 2 0 2 0 0
4250 2 0 2 0 0
4260 2 0 2 0 0
4270 0 0 2 0 0
4280 2 0 2 0 0
4290 2 0 2 0 0
4300 0 0 2 0 0
4310 0 0 2 0 0
4320 0 0 2 0 0
4330 0 0 2 0 0
4340 0 0 2 0 0
4350 0 0 2 0 0
4360 0 0 2 0 2
4370 0 0 2 0 2
4380 0 0 2 0 2
4390 2 0 0 0 2
4400 0 0 2 0 2
4410 0 0 2 0 2
4420 0 0 2 0 2
4430 0 0 2 0 2
4440 0 0 2 0 0
4450 0 0 2 0 1
4460 0 0 2 0 2
4470 0 0 2 0 2
4480 0 3 0 0 2
4490 0 3 0 0 2
4500 0 3 0 0 2
4510 0 3 0 0 2
4520 0 0 0 0 2
4530 0 0 0 0 0
4540 0 0 0 0 0
4550 0 0 0 0 1
4560 0 0 0 0 1
4570 0 0 0 0 1
4580 0 0 0 0 1
4590 0 0 0 0 1
4600 0 0 0 0 2
4610 0 0 0 0 2
4620 0 0 0 0 2
4630 0 0 0 0 0
4640 0 0 0 0 0
