0 0 0 0 0 0
1 0 0 0 0 0
2 0 0 0 0 0
3 0 0 0 0 0
4 0 0 0 0 0
5 0 0 0 0 0
6 0 0 0 0 0
7 0 0 0 0 0
8 0 0 0 0 0
9 0 0 0 0 0
10 0 0 0 0 0
11 0 0 0 0 0
12 0 0 0 0 0
13 0 0 0 0 0
14 0 0 0 0 0
15 0 0 0 0 0
16 0 0 0 0 0
17 0 0 0 0 0
18 0 0 0 0 0
19 0 0 0 0 0
20 0 0 0 0 0
21 0 0 0 0 0
22 0 0 0 0 0
23 0 0 0 0 0
24 0 0 0 0 0
25 0 0 0 0 0
26 0 0 0 0 0
27 0 0 0 0 0
28 0 0 0 0 0
29 0 0 0 0 0
30 0 0 0 0 0
31 0 0 0 0 0
32 0 0 0 0 0
33 0 0 0 0 0
34 0 0 0 0 0
35 0 0 3 0 0
36 0 0 3 0 0
37 0 0 3 0 0
38 0 0 3 0 0
39 0 0 3 0 0
40 0 0 3 0 0
41 0 0 3 0 0
42 0 0 3 0 0
43 0 0 3 0 0
44 0 0 3 0 0
45 0 0 3 0 0
46 0 0 3 0 0
47 0 0 3 0 0
48 0 0 3 0 0
49 0 0 3 0 0
50 0 0 0 0 0
51 0 0 0 0 0
52 0 0 0 0 0
53 0 0 0 0 0
54 0 0 0 0 0
55 0 0 0 0 0
56 0 0 0 0 0
57 0 0 0 0 0
58 0 0 0 0 0
59 0 0 0 0 0
60 0 0 0 0 0
61 0 0 0 0 0
62 0 0 0 0 0
63 0 0 0 0 0
64 0 0 0 0 0
65 0 0 3 0 0
66 0 0 3 0 0
67 0 0 3 0 0
68 0 0 3 0 0
69 0 0 3 0 0
70 0 0 3 0 0
71 0 0 3 0 0
72 0 0 3 0 0
73 0 0 3 0 0
74 0 0 3 0 0
75 0 0 3 0 0
76 0 0 3 0 0
77 0 0 3 0 0
78 0 0 3 0 0
79 0 0 3 0 0
80 0 0 3 0 0
81 0 0 3 0 0
82 0 0 3 0 0
83 0 0 3 0 0
84 0 0 3 0 0
85 0 0 3 0 0
86 0 0 3 0 0
87 0 0 3 0 0
88 0 0 3 0 0
89 0 0 3 0 0
90 0 0 3 0 0
91 0 0 3 0 0
92 0 0 3 0 0
93 0 0 3 0 0
94 0 0 3 0 0
95 0 0 3 0 0
96 0 0 3 0 0
97 0 0 3 0 0
98 0 0 3 0 0
99 0 0 3 0 0
100 0 0 3 0 0
101 0 0 3 0 0
102 0 0 3 0 0
103 0 0 3 0 0
104 0 0 3 0 0
105 0 0 3 0 0
106 0 0 3 0 0
107 0 0 3 0 0
108 0 0 0 0 0
109 0 0 0 0 0
110 0 0 0 0 0
111 0 0 0 0 0
112 0 0 0 0 0
113 0 0 0 0 0
114 0 0 0 0 0
115 0 0 0 0 0
116 0 0 0 0 0
117 0 0 0 0 0
118 0 0 0 0 0
119 0 0 0 0 0
120 0 0 0 0 0
121 0 0 0 0 0
122 0 0 0 0 0
123 0 0 0 0 1
124 0 0 0 0 1
125 0 0 0 0 1
126 0 0 0 0 1
127 0 0 0 0 1
128 0 0 0 0 1
129 0 0 0 0 1
130 0 0 0 0 1
131 0 0 0 0 1
132 0 0 0 0 1
133 0 0 0 0 1
134 0 0 0 0 1
135 0 0 0 0 1
136 0 0 0 0 1
137 0 0 0 0 1
138 0 0 0 0 1
139 0 0 0 0 1
140 0 0 0 0 1
141 0 0 0 0 1
142 0 0 0 0 1
143 0 0 0 0 1
144 0 0 0 0 1
145 0 0 0 0 1
146 0 0 0 0 1
147 0 0 0 0 1
148 0 0 0 0 1
149 0 0 0 0 1
150 0 0 0 0 1
151 0 0 0 0 1
152 0 0 0 0 1
153 0 0 0 0 1
154 0 0 0 0 1
155 0 0 0 0 1
156 0 0 0 0 1
157 0 0 0 0 1
158 0 0 0 0 1
159 0 0 0 0 1
160 0 0 0 0 1
161 0 0 0 0 1
162 0 0 0 0 1
163 0 0 0 0 1
164 0 0 0 0 1
165 0 0 0 0 1
166 0 0 0 0 1
167 0 0 0 0 1
168 3 0 3 0 1
169 3 0 3 0 1
170 3 0 3 0 1
171 3 0 3 0 1
172 3 0 3 0 1
173 3 0 3 0 1
174 3 0 3 0 1
175 3 0 3 0 1
176 3 0 3 0 1
177 3 0 3 0 1
178 3 0 3 0 1
179 3 0 3 0 1
180 3 0 3 0 1
181 3 0 3 0 1
182 3 0 3 0 1
183 3 0 0 0 2
184 3 0 0 0 2
185 3 0 0 0 2
186 3 0 0 0 2
187 3 0 0 0 2
188 3 0 0 0 2
189 3 0 0 0 2
190 3 0 0 0 2
191 3 0 0 0 2
192 3 0 0 0 2
193 3 0 0 0 2
194 3 0 0 0 2
195 3 0 0 0 2
196 3 0 0 0 2
197 3 0 0 0 2
198 3 0 0 0 2
199 3 0 0 0 2
200 3 0 0 0 2
201 3 0 0 0 2
202 3 0 0 0 2
203 3 0 0 0 2
204 3 0 0 0 2
205 3 0 0 0 2
206 3 0 0 0 2
207 3 0 0 0 2
208 3 0 0 0 2
209 3 0 0 0 2
210 3 0 0 0 2
211 3 0 0 0 2
212 3 0 0 0 2
213 3 0 0 0 2
214 3 0 0 0 2
215 3 0 0 0 2
216 3 0 0 0 2
217 3 0 3 0 2
218 3 0 3 0 2
219 3 0 3 0 2
220 3 0 3 0 2
221 3 0 3 0 2
222 3 0 3 0 2
223 3 0 3 0 2
224 3 0 3 0 2
225 3 0 3 0 2
226 3 0 3 0 2
227 3 0 3 0 2
228 3 0 3 0 2
229 3 0 3 0 2
230 3 0 3 0 2
231 3 0 3 0 2
232 3 0 3 0 2
233 3 0 3 0 2
234 3 0 3 0 2
235 3 0 3 0 2
236 3 0 3 0 2
237 3 0 3 0 2
238 3 0 3 0 2
239 3 0 3 0 2
240 3 0 3 0 2
241 3 0 3 0 2
242 3 0 3 0 2
243 3 0 3 0 2
244 3 0 3 0 2
245 3 0 3 0 2
246 3 0 3 0 2
247 3 0 3 0 2
248 3 0 3 0 2
249 3 0 3 0 2
250 3 0 3 0 2
251 3 0 3 0 2
252 3 0 3 0 2
253 3 0 3 0 2
254 3 0 3 0 2
255 3 0 3 0 2
256 3 0 3 0 2
257 3 0 3 0 2
258 3 0 3 0 2
259 3 0 3 0 2
260 3 0 3 0 2
261 3 0 3 0 2
262 3 0 3 0 2
263 3 0 3 0 2
264 3 0 3 0 2
265 3 0 3 0 2
266 3 0 3 0 2
267 3 0 3 0 2
268 3 0 3 0 2
269 3 0 3 0 2
270 3 0 3 0 2
271 3 0 3 0 2
272 3 0 3 0 2
273 3 0 3 0 2
274 3 0 3 0 2
275 3 0 3 0 2
276 3 0 3 0 2
277 3 0 3 0 2
278 3 0 3 0 2
279 3 0 3 0 2
280 3 0 3 0 2
281 3 0 3 0 2
282 3 0 3 0 2
283 3 0 3 0 2
284 3 0 3 0 2
285 3 0 3 0 2
286 3 0 3 0 2
287 3 0 3 0 2
288 3 0 3 0 2
289 3 0 3 0 2
290 3 0 3 0 2
291 3 0 3 0 2
292 3 0 3 0 2
293 3 0 3 0 2
294 3 0 3 0 2
295 3 0 3 0 2
296 3 0 3 0 2
297 3 0 3 0 2
298 3 0 3 0 2
299 3 0 3 0 2
300 3 0 3 0 2
301 3 0 3 0 2
302 3 0 3 0 2
303 3 0 3 0 2
304 3 0 3 0 2
305 3 0 3 0 2
306 3 0 3 0 2
307 3 0 3 0 2
308 3 0 3 0 2
309 3 0 3 0 2
310 3 0 3 0 2
311 3 0 3 0 2
312 3 0 3 0 2
313 3 0 3 0 2
314 3 0 3 0 2
315 3 0 3 0 2
316 3 0 3 0 2
317 3 0 3 0 2
318 3 0 3 0 2
319 3 0 3 0 2
320 3 0 0 0 2
321 3 0 0 0 2
322 3 0 0 0 2
323 3 0 0 0 2
324 3 0 0 0 2
325 3 0 0 0 2
326 3 0 0 0 2
327 3 0 0 0 2
328 3 0 0 0 2
329 3 0 0 0 2
330 3 0 0 0 2
331 3 0 0 0 2
332 3 0 0 0 2
333 3 0 0 0 2
334 3 0 0 0 2
335 3 0 3 0 2
336 3 0 3 0 2
337 3 0 3 0 2
338 3 0 3 0 2
339 3 0 3 0 2
340 3 0 3 0 2
341 3 0 3 0 2
342 3 0 3 0 2
343 3 0 3 0 2
344 3 0 3 0 2
345 3 0 3 0 2
346 3 0 3 0 2
347 3 0 3 0 2
348 3 0 3 0 2
349 3 0 3 0 2
350 3 0 3 0 2
351 3 0 3 0 2
352 3 0 3 0 2
353 3 0 3 0 2
354 3 0 3 0 2
355 3 0 3 0 2
356 3 0 3 0 2
357 3 0 3 0 2
358 3 0 3 0 2
359 3 0 3 0 2
360 3 0 3 0 2
361 3 0 3 0 2
362 3 0 3 0 2
363 3 0 3 0 2
364 3 0 3 0 2
365 3 0 3 0 2
366 3 0 3 0 2
367 3 0 3 0 2
368 3 0 3 0 2
369 3 0 3 0 2
370 3 0 3 0 2
371 3 0 3 0 2
372 3 0 3 0 2
373 3 0 3 0 2
374 3 0 3 0 2
375 3 0 3 0 2
376 3 0 3 0 2
377 3 0 3 0 2
378 3 0 3 0 2
379 3 0 3 0 2
380 3 0 3 0 2
381 3 0 3 0 2
382 3 0 3 0 2
383 3 0 3 0 2
384 3 0 3 0 2
385 3 0 3 0 2
386 3 0 3 0 2
387 3 0 3 0 2
388 3 0 3 0 2
389 3 0 3 0 2
390 3 0 3 0 2
391 3 0 3 0 2
392 3 0 3 0 2
393 3 0 3 0 2
394 3 0 3 0 2
395 3 0 3 0 2
396 3 0 3 0 2
397 3 0 3 0 2
398 3 0 3 0 2
399 3 0 3 0 2
400 3 0 3 0 2
401 3 0 3 0 2
402 3 0 3 0 2
403 3 0 3 0 2
404 3 0 3 0 2
405 3 0 3 0 2
406 3 0 3 0 2
407 3 0 3 0 2
408 3 0 3 0 2
409 3 0 3 0 2
410 3 0 3 0 2
411 3 0 3 0 2
412 3 0 3 0 2
413 3 0 3 0 2
414 3 0 3 0 2
415 3 0 3 0 2
416 3 0 3 0 2
417 3 0 3 0 2
418 3 0 3 0 2
419 3 0 3 0 2
420 3 0 3 0 2
421 3 0 3 0 2
422 3 0 3 0 2
423 3 0 3 0 2
424 3 0 3 0 2
425 3 0 3 0 2
426 3 0 3 0 2
427 3 0 3 0 2
428 3 0 3 0 2
429 3 0 3 0 2
430 3 0 3 0 2
431 3 0 3 0 2
432 3 0 3 0 2
433 3 0 3 0 2
434 3 0 3 0 2
435 3 0 3 0 2
436 3 0 3 0 2
437 3 0 3 0 2
438 3 0 3 0 2
439 3 0 3 0 2
440 3 0 3 0 2
441 3 0 3 0 2
442 3 0 3 0 2
443 3 0 3 0 2
444 3 0 3 0 2
445 3 0 3 0 2
446 3 0 3 0 2
447 3 0 3 0 2
448 3 0 3 0 2
449 3 0 3 0 2
450 3 0 3 0 2
451 3 0 3 0 2
452 3 0 3 0 2
453 3 0 3 0 2
454 3 0 3 0 2
455 3 0 3 0 2
456 3 0 3 0 2
457 3 0 3 0 2
458 3 0 3 0 2
459 3 0 3 0 2
460 3 0 3 0 2
461 3 0 3 0 2
462 3 0 3 0 2
463 3 0 3 0 2
464 3 0 3 0 2
465 3 0 3 0 2
466 3 0 3 0 2
467 3 0 3 0 2
468 3 0 3 0 2
469 3 0 3 0 2
470 3 0 3 0 2
471 3 0 3 0 2
472 3 0 3 0 2
473 3 0 3 0 2
474 3 0 3 0 2
475 3 0 3 0 2
476 3 0 3 0 2
477 3 0 3 0 2
478 3 0 3 0 2
479 3 0 3 0 2
480 3 0 3 0 2
481 3 0 3 0 2
482 3 0 3 0 2
483 3 0 3 0 2
484 3 0 3 0 2
485 3 0 3 0 3
486 3 0 3 0 3
487 3 0 3 0 3
488 3 0 3 0 3
489 3 0 3 0 3
490 3 0 3 0 3
491 3 0 3 0 3
492 3 0 3 0 3
493 3 0 3 0 3
494 3 0 3 0 3
495 3 0 3 0 3
496 3 0 3 0 3
497 3 0 3 0 3
498 3 0 3 0 3
499 3 0 3 0 3
500 0 0 3 0 3
501 0 0 3 0 3
502 0 0 3 0 3
503 0 0 3 0 3
504 0 0 3 0 3
505 0 0 3 0 3
506 0 0 3 0 3
507 0 0 3 0 3
508 0 0 3 0 3
509 0 0 3 0 3
510 0 0 3 0 3
511 0 0 3 0 3
512 0 0 3 0 3
513 0 0 3 0 3
514 0 0 3 0 3
515 0 0 3 0 3
516 0 0 3 0 3
517 0 0 3 0 3
518 0 0 3 0 3
519 0 0 3 0 3
520 0 0 3 0 3
521 0 0 3 0 3
522 0 0 3 0 3
523 0 0 3 0 3
524 0 0 3 0 3
525 0 0 3 0 3
526 0 0 3 0 3
527 0 0 3 0 3
528 0 0 3 0 3
529 0 0 3 0 3
530 0 0 3 0 3
531 0 0 3 0 3
532 0 0 3 0 3
533 0 0 3 0 3
534 0 0 3 0 3
535 0 0 3 0 3
536 0 0 3 0 3
537 0 0 3 0 3
538 0 0 3 0 3
539 0 0 3 0 3
540 0 0 3 0 3
541 0 0 3 0 3
542 0 0 3 0 3
543 0 0 3 0 3
544 0 0 3 0 3
545 0 0 3 0 3
546 0 0 3 0 3
547 0 0 3 0 3
548 0 0 3 0 3
549 0 0 3 0 3
550 0 0 3 0 3
551 0 0 3 0 3
552 0 0 3 0 3
553 0 0 3 0 3
554 0 0 3 0 3
555 0 0 3 0 3
556 0 0 3 0 3
557 0 0 3 0 3
558 0 0 3 0 3
559 0 0 3 0 3
560 0 0 3 0 3
561 0 0 3 0 3
562 0 0 3 0 3
563 0 0 3 0 3
564 0 0 3 0 3
565 0 0 3 0 3
566 0 0 3 0 3
567 0 0 3 0 3
568 0 0 3 0 3
569 0 0 3 0 3
570 0 0 3 0 3
571 0 0 3 0 3
572 0 0 3 0 3
573 0 0 3 0 3
574 0 0 3 0 3
575 0 0 0 0 3
576 0 0 0 0 3
577 0 0 0 0 3
578 0 0 0 0 3
579 0 0 0 0 3
580 0 0 0 0 3
581 0 0 0 0 3
582 0 0 0 0 3
583 0 0 0 0 3
584 0 0 0 0 3
585 0 0 0 0 3
586 0 0 0 0 3
587 0 0 0 0 3
588 0 0 0 0 3
589 0 0 0 0 3
590 3 0 0 0 3
591 3 0 0 0 3
592 3 0 0 0 3
593 3 0 0 0 3
594 3 0 0 0 3
595 3 0 0 0 3
596 3 0 0 0 3
597 3 0 0 0 3
598 3 0 0 0 3
599 0 0 0 0 0
600 0 0 0 0 0
601 0 0 0 0 0
602 0 0 0 0 0
603 0 0 0 0 0
604 0 0 0 0 0
605 0 0 0 0 0
606 0 0 0 0 0
607 0 0 0 0 0
608 0 0 0 0 0
609 0 0 0 0 0
610 0 0 0 0 0
611 0 0 0 0 0
612 0 0 0 0 0
613 0 0 0 0 0
614 0 0 0 3 0
615 0 0 0 3 0
616 0 0 0 3 0
617 0 0 0 3 0
618 0 0 0 3 0
619 0 0 0 3 0
620 0 0 0 3 0
621 0 0 0 3 0
622 0 0 0 3 0
623 0 0 0 3 0
624 0 0 0 3 0
625 0 0 0 3 0
626 0 0 0 3 0
627 0 0 0 3 0
628 0 0 0 3 0
629 0 0 0 3 0
630 0 0 0 3 0
631 0 0 0 3 0
632 0 0 0 3 0
633 0 0 0 3 0
634 0 0 0 3 0
635 0 0 0 3 0
636 0 0 3 0 0
637 0 0 3 0 0
638 0 0 3 0 0
639 0 0 3 0 0
640 0 0 3 0 0
641 0 0 3 0 0
642 0 0 3 0 0
643 0 0 3 0 0
644 0 0 3 0 0
645 0 0 3 0 0
646 0 0 3 0 0
647 0 0 3 0 0
648 0 0 3 0 0
649 0 0 3 0 0
650 0 0 3 0 0
651 0 0 3 0 0
652 0 0 3 0 0
653 0 0 3 0 0
654 0 3 3 0 0
655 0 3 3 0 0
656 0 3 3 0 0
657 0 3 3 0 0
658 0 3 3 0 0
659 0 3 3 0 0
660 0 3 3 0 0
661 0 3 3 0 0
662 0 3 3 0 0
663 0 3 3 0 0
664 0 3 3 0 0
665 0 3 3 0 0
666 0 3 3 0 0
667 0 3 3 0 0
668 0 3 3 0 0
669 3 0 3 0 0
670 3 0 3 0 0
671 3 0 3 0 0
672 3 0 3 0 0
673 3 0 3 0 0
674 3 0 3 0 0
675 3 0 3 0 0
676 3 0 3 0 0
677 3 0 3 0 0
678 3 0 3 0 0
679 3 0 3 0 0
680 3 0 3 0 0
681 3 0 3 0 0
682 3 0 3 0 0
683 3 0 3 0 0
684 3 0 3 0 0
685 3 0 3 0 0
686 3 0 3 0 0
687 3 0 3 0 0
688 3 0 3 0 0
689 3 0 3 0 0
690 3 0 3 0 0
691 3 0 3 0 0
692 3 0 3 0 0
693 3 0 3 0 0
694 3 0 3 0 0
695 3 0 3 0 0
696 3 0 3 0 0
697 3 0 3 0 0
698 3 0 3 0 0
699 3 0 3 0 0
700 3 0 3 0 0
701 3 0 3 0 0
702 3 0 3 0 0
703 3 0 3 0 0
704 3 0 3 0 0
705 3 0 3 0 0
706 3 0 3 0 0
707 3 0 3 0 0
708 3 0 3 0 0
709 3 0 3 0 0
710 3 0 3 0 0
711 3 0 3 0 0
712 3 0 3 0 0
713 3 0 3 0 0
714 3 0 3 0 0
715 3 0 3 0 0
716 3 0 3 0 0
717 3 0 3 0 0
718 3 0 3 0 0
719 3 0 3 0 0
720 3 0 3 0 0
721 3 0 3 0 0
722 3 0 3 0 0
723 3 0 3 0 0
724 3 0 3 0 0
725 3 0 3 0 0
726 3 0 3 0 0
727 3 0 3 0 0
728 3 0 3 0 0
729 3 0 3 0 0
730 3 0 3 0 0
731 3 0 3 0 0
732 3 0 3 0 0
733 3 0 3 0 0
734 3 0 3 0 0
735 3 0 3 0 0
736 3 0 3 0 0
737 3 0 3 0 0
738 3 0 3 0 0
739 3 0 3 0 0
740 3 0 3 0 0
741 3 0 3 0 0
742 3 0 3 0 0
743 3 0 3 0 0
744 3 0 3 0 0
745 3 0 3 0 0
746 3 0 3 0 0
747 3 0 3 0 0
748 3 0 3 0 0
749 3 0 3 0 0
750 3 0 3 0 0
751 3 0 3 0 0
752 3 0 3 0 0
753 3 0 3 0 0
754 3 0 3 0 0
755 3 0 3 0 0
756 3 0 3 0 0
757 3 0 3 0 0
758 3 0 3 0 0
759 3 0 0 3 0
760 3 0 0 3 0
761 3 0 0 3 0
762 3 0 0 3 0
763 3 0 0 3 0
764 3 0 0 3 0
765 3 0 0 3 0
766 3 0 0 3 0
767 3 0 0 3 0
768 3 0 0 3 0
769 3 0 0 3 0
770 3 0 0 3 0
771 3 0 0 3 0
772 3 0 0 3 0
773 3 0 0 3 0
774 3 0 0 0 0
775 3 0 0 0 0
776 3 0 0 0 0
777 3 0 0 0 0
778 3 0 0 0 0
779 3 0 0 0 0
780 3 0 0 0 0
781 3 0 0 0 0
782 3 0 0 0 0
783 3 0 0 0 1
784 3 0 0 0 1
785 3 0 0 0 1
786 3 0 0 0 1
787 3 0 0 0 1
788 3 0 0 0 1
789 3 0 0 0 1
790 3 0 0 0 1
791 3 0 0 0 1
792 3 0 0 0 1
793 3 0 0 0 1
794 3 0 0 0 1
795 3 0 0 0 1
796 3 0 0 0 1
797 3 0 0 0 1
798 3 0 0 0 1
799 3 0 0 0 1
800 3 0 0 0 1
801 3 0 3 0 1
802 3 0 3 0 1
803 3 0 3 0 1
804 3 0 3 0 1
805 3 0 3 0 1
806 3 0 3 0 1
807 3 0 3 0 1
808 3 0 3 0 1
809 3 0 3 0 1
810 3 0 3 0 1
811 3 0 3 0 1
812 3 0 3 0 1
813 3 0 3 0 1
814 3 0 3 0 1
815 3 0 3 0 1
816 3 0 3 0 1
817 3 0 3 0 1
818 3 0 3 0 1
819 3 0 3 0 1
820 3 0 3 0 1
821 3 0 3 0 1
822 3 0 3 0 1
823 3 0 3 0 1
824 3 0 3 0 1
825 3 0 3 0 1
826 3 0 3 0 1
827 3 0 3 0 1
828 3 0 3 0 1
829 3 0 3 0 1
830 3 0 3 0 1
831 3 0 3 0 1
832 3 0 3 0 1
833 3 0 3 0 1
834 3 0 3 0 1
835 3 0 3 0 1
836 3 0 3 0 1
837 3 0 3 0 1
838 3 0 3 0 1
839 3 0 3 0 1
840 3 0 3 0 1
841 3 0 3 0 1
842 3 0 3 0 1
843 3 0 3 0 1
844 3 0 3 0 1
845 3 0 3 0 1
846 3 0 3 0 1
847 3 0 3 0 1
848 3 0 3 0 1
849 3 0 3 0 1
850 3 0 3 0 1
851 3 0 3 0 1
852 3 0 3 0 1
853 3 0 3 0 1
854 3 0 3 0 1
855 3 0 3 0 1
856 3 0 3 0 1
857 3 0 3 0 1
858 3 0 3 0 1
859 3 0 3 0 1
860 3 0 3 0 1
861 3 0 3 0 1
862 3 0 3 0 1
863 3 0 3 0 1
864 3 0 3 0 1
865 3 0 3 0 1
866 3 0 3 0 1
867 3 0 3 0 1
868 3 0 3 0 1
869 3 0 3 0 1
870 3 0 3 0 1
871 3 0 3 0 1
872 3 0 3 0 1
873 3 0 3 0 1
874 3 0 3 0 1
875 3 0 3 0 1
876 3 0 3 0 1
877 3 0 3 0 1
878 3 0 3 0 1
879 3 0 3 0 1
880 3 0 3 0 1
881 3 0 3 0 1
882 3 0 3 0 1
883 3 0 3 0 1
884 3 0 3 0 1
885 3 0 3 0 1
886 3 0 3 0 1
887 3 0 3 0 1
888 3 0 3 0 1
889 3 0 3 0 1
890 3 0 3 0 1
891 3 0 3 0 1
892 3 0 3 0 1
893 3 0 3 0 1
894 3 0 3 0 1
895 3 0 3 0 1
896 3 0 3 0 1
897 3 0 3 0 1
898 3 0 3 0 1
899 3 0 3 0 1
900 3 0 3 0 1
901 3 0 3 0 2
902 3 0 3 0 2
903 3 0 3 0 2
904 3 0 3 0 2
905 3 0 3 0 2
906 3 0 3 0 2
907 3 0 3 0 2
908 3 0 3 0 2
909 3 0 3 0 2
910 3 0 3 0 2
911 3 0 3 0 2
912 3 0 3 0 2
913 3 0 3 0 2
914 3 0 3 0 2
915 3 0 3 0 2
916 0 0 0 0 3
917 0 0 0 0 3
918 0 0 0 0 3
919 0 0 0 0 3
920 0 0 0 0 3
921 0 0 0 0 3
922 0 0 0 0 3
923 0 0 0 0 3
924 0 0 0 0 3
925 0 0 0 0 3
926 0 0 0 0 3
927 0 0 0 0 3
928 0 0 0 0 3
929 0 0 0 0 3
930 0 0 0 0 3
931 0 0 3 0 3
932 0 0 3 0 3
933 0 0 3 0 3
934 0 0 3 0 3
935 0 0 3 0 3
936 0 0 3 0 3
937 0 0 3 0 3
938 0 0 3 0 3
939 0 0 3 0 3
940 0 0 3 0 3
941 0 0 3 0 3
942 0 0 3 0 3
943 0 0 3 0 3
944 0 0 3 0 3
945 0 0 3 0 3
946 0 0 3 0 3
947 0 0 3 0 3
948 0 0 3 0 3
949 0 0 3 0 3
950 0 0 3 0 3
951 0 0 3 0 3
952 0 0 3 0 3
953 0 0 3 0 3
954 0 0 3 0 3
955 0 0 3 0 3
956 0 0 3 0 3
957 0 0 3 0 3
958 0 0 3 0 3
959 0 0 3 0 3
960 0 0 3 0 3
961 0 0 3 0 3
962 0 0 3 0 3
963 0 0 3 0 3
964 0 0 3 0 3
965 0 0 3 0 3
966 0 0 3 0 3
967 0 0 3 0 3
968 0 0 3 0 3
969 0 0 3 0 3
970 0 0 3 0 3
971 0 0 3 0 3
972 0 0 3 0 3
973 0 0 3 0 3
974 0 0 3 0 3
975 0 0 3 0 3
976 0 0 3 0 3
977 0 0 3 0 3
978 0 0 3 0 3
979 0 0 3 0 3
980 0 0 3 0 3
981 0 0 3 0 3
982 0 0 3 0 3
983 0 0 0 0 3
984 0 0 0 0 3
985 0 0 0 0 3
986 0 0 0 0 3
987 0 0 0 0 3
988 0 0 0 0 3
989 0 0 0 0 3
990 0 0 0 0 3
991 0 0 0 0 3
992 0 0 0 0 3
993 0 0 0 0 3
994 0 0 0 0 3
995 0 0 0 0 3
996 0 0 0 0 3
997 0 0 0 0 3
998 0 0 0 0 3
999 0 0 0 0 3
1000 0 0 0 0 3
1001 0 0 0 0 3
1002 0 0 0 0 3
1003 0 0 0 0 3
1004 0 0 0 0 3
1005 0 0 0 0 3
1006 0 0 0 0 3
1007 0 0 0 0 3
1008 0 0 0 0 3
1009 0 0 0 0 3
1010 0 0 0 0 3
1011 0 0 0 0 3
1012 0 0 0 0 3
1013 3 0 0 0 3
1014 3 0 0 0 3
1015 3 0 0 0 3
1016 3 0 0 0 3
1017 3 0 0 0 3
1018 3 0 0 0 3
1019 3 0 0 0 3
1020 3 0 0 0 3
1021 3 0 0 0 3
1022 3 0 0 0 3
1023 3 0 0 0 3
1024 3 0 0 0 3
1025 3 0 0 0 3
1026 3 0 0 0 3
1027 3 0 0 0 3
1028 3 0 0 0 3
1029 3 0 0 0 3
1030 3 0 0 0 3
1031 3 0 0 0 3
1032 3 0 0 0 3
1033 3 0 0 0 3
1034 3 0 0 0 3
1035 3 0 0 0 3
