0 0 0 0 2 0
10 0 0 0 2 0
20 0 0 0 2 0
30 0 0 0 2 0
40 0 0 0 2 0
50 0 0 0 0 0
60 0 0 0 0 0
70 0 0 0 0 0
80 0 0 2 0 0
90 0 0 2 0 0
100 0 0 2 0 0
110 0 0 2 0 0
120 0 0 2 0 0
130 0 0 2 0 0
140 0 0 2 0 0
150 0 0 2 0 0
160 0 0 2 0 0
170 0 0 2 0 0
180 0 0 2 0 0
190 0 0 2 0 0
200 0 0 2 0 0
210 0 0 2 0 1
220 0 0 2 0 0
230 0 0 2 0 1
240 0 0 2 0 1
250 0 0 2 0 1
260 0 0 2 0 1
270 0 0 2 0 1
280 0 0 2 0 1
290 0 0 2 0 1
300 0 0 2 0 1
310 0 0 2 0 1
320 0 0 2 0 1
330 0 0 2 0 1
340 0 0 2 0 1
350 0 0 2 0 1
360 0 0 2 0 1
370 0 0 2 0 1
380 0 0 2 0 1
390 0 0 2 0 1
400 2 0 2 0 2
410 2 0 2 0 2
420 2 0 2 0 2
430 2 0 2 0 2
440 0 2 2 0 1
450 2 0 2 0 1
460 2 0 2 0 1
470 2 0 2 0 2
480 2 0 3 0 1
490 2 0 0 2 1
500 2 0 0 2 1
510 2 0 0 0 1
520 2 0 0 0 0
530 2 0 0 0 0
540 2 0 0 0 0
550 2 0 0 0 0
560 0 0 0 0 0
570 0 0 0 0 0
580 0 0 0 0 0
590 2 0 0 0 0
600 2 0 0 0 1
610 2 0 0 0 1
620 2 0 0 0 1
630 3 0 0 2 0
640 2 0 0 0 1
650 2 0 2 0 1
660 2 0 2 0 1
670 2 0 2 0 1
680 3 0 2 0 1
690 3 0 2 0 1
700 3 0 2 0 1
710 0 3 2 0 0
720 0 3 2 0 0
730 0 3 2 0 1
740 3 0 2 0 1
750 3 0 2 0 1
760 3 0 2 0 1
770 3 0 2 0 1
780 3 0 2 0 1
790 3 0 2 0 1
800 3 0 2 0 1
810 3 0 2 0 1
820 3 0 2 0 1
830 3 0 2 0 1
840 3 0 2 0 0
850 3 0 2 0 1
860 3 0 2 0 1
870 0 0 2 0 1
880 0 0 2 0 1
890 0 0 2 0 1
900 3 0 2 0 1
910 0 0 2 0 2
920 0 2 2 0 1
930 2 0 2 0 2
940 2 0 2 0 2
950 2 0 2 0 0
960 2 0 2 0 0
970 2 0 2 0 1
980 3 0 2 0 1
990 2 0 3 0 1
1000 2 0 0 0 1
1010 2 0 2 0 2
1020 2 0 2 0 2
1030 2 0 2 0 0
1040 2 0 2 0 0
1050 2 0 2 0 0
1060 2 0 0 0 0
1070 2 0 0 0 0
1080 2 0 0 0 0
1090 2 0 0 0 0
1100 2 0 0 0 0
1110 2 0 0 0 0
1120 2 0 0 0 0
1130 2 0 0 0 1
1140 2 0 3 0 1
1150 0 0 2 0 1
1160 0 0 2 0 1
1170 2 0 2 0 1
1180 2 0 2 0 1
1190 2 0 2 0 1
1200 2 0 2 0 1
1210 2 0 2 0 0
1220 2 0 2 0 0
1230 2 0 2 0 0
1240 2 0 2 0 1
1250 2 0 2 0 0
1260 2 0 2 0 0
1270 2 0 2 0 0
1280 2 0 2 0 1
1290 0 0 2 0 1
1300 0 0 2 0 1
1310 0 0 2 0 1
1320 0 0 2 0 1
1330 0 0 2 0 1
1340 0 0 2 0 1
1350 0 0 2 0 1
1360 0 0 2 0 1
1370 0 0 2 0 1
1380 0 0 2 0 1
1390 0 0 2 0 1
1400 0 0 2 0 1
1410 0 0 2 0 1
1420 0 0 2 0 1
1430 0 0 2 0 1
1440 0 0 2 0 1
1450 0 2 2 0 1
1460 0 2 2 0 1
1470 0 2 2 0 1
1480 0 2 2 0 1
1490 0 2 2 0 1
1500 0 2 2 0 1
1510 2 0 2 0 1
1520 2 0 2 0 1
1530 2 0 2 0 1
1540 2 0 3 0 1
1550 2 0 3 0 2
1560 2 0 0 0 1
1570 2 0 0 0 0
1580 2 0 0 0 0
1590 2 0 0 0 0
1600 2 0 0 0 0
1610 2 0 0 0 0
1620 2 0 0 0 0
1630 2 0 0 0 0
1640 2 0 0 0 0
1650 2 0 0 0 0
1660 2 0 0 0 0
1670 2 0 0 0 0
1680 2 0 0 0 0
1690 2 0 0 0 0
1700 2 0 0 2 1
1710 2 0 0 2 1
1720 2 0 0 2 1
1730 2 0 0 2 1
1740 2 0 0 2 1
1750 2 0 0 2 1
1760 2 0 2 0 1
1770 2 0 2 0 1
1780 2 0 2 0 1
1790 2 0 2 0 1
1800 0 3 2 0 1
1810 0 3 2 0 1
1820 0 0 2 0 1
1830 0 0 2 0 1
1840 0 0 2 0 1
1850 0 0 2 0 1
1860 0 0 2 0 1
1870 0 0 2 0 1
1880 0 0 2 0 1
1890 0 0 2 0 1
1900 0 0 2 0 1
1910 0 0 2 0 1
1920 0 0 2 0 1
1930 0 0 3 0 0
1940 0 0 2 0 1
1950 0 0 2 0 1
1960 0 0 2 0 1
1970 0 0 2 0 1
1980 0 0 2 0 1
1990 0 0 2 0 1
2000 0 0 2 0 1
2010 0 2 2 0 1
2020 0 2 2 0 1
2030 0 2 2 0 1
2040 0 2 2 0 1
2050 2 0 2 0 1
2060 2 0 2 0 1
2070 2 0 2 0 1
2080 2 0 0 0 1
2090 2 0 0 0 0
2100 2 0 0 0 0
2110 2 0 0 0 0
2120 2 0 0 0 0
2130 2 0 0 0 0
2140 2 0 0 0 0
2150 2 0 2 0 0
2160 2 0 2 0 0
2170 2 0 0 2 0
2180 2 0 2 0 0
2190 2 0 2 0 0
2200 2 0 2 0 0
2210 0 2 2 0 0
2220 0 2 2 0 0
2230 0 2 2 0 0
2240 0 2 2 0 0
2250 0 2 2 0 0
2260 0 2 2 0 0
2270 0 2 2 0 0
2280 0 2 2 0 0
2290 2 0 2 0 2
2300 2 0 2 0 1
2310 2 0 2 0 2
2320 2 0 2 0 2
2330 2 0 2 0 2
2340 2 0 2 0 2
2350 2 0 2 0 2
2360 2 0 2 0 2
2370 2 0 2 0 2
2380 2 0 2 0 1
2390 2 0 2 0 1
2400 2 0 2 0 0
2410 2 0 2 0 0
2420 0 0 2 0 0
2430 2 0 2 0 0
2440 0 3 2 0 0
2450 0 0 0 0 0
2460 0 0 0 0 0
2470 0 0 0 0 0
2480 0 0 0 0 0
2490 0 0 0 0 0
2500 2 0 0 0 0
2510 2 0 0 0 0
2520 2 0 0 0 0
2530 2 0 0 0 0
2540 3 0 0 0 0
2550 2 0 0 0 0
2560 2 0 0 0 0
2570 3 0 0 0 0
2580 3 0 0 0 0
2590 3 0 0 0 0
2600 3 0 0 0 0
