0 0 0 2 0 0
10 0 0 0 0 0
20 0 0 0 0 0
30 0 0 0 0 0
40 0 0 0 0 0
50 0 0 2 0 0
60 0 0 2 0 0
70 0 0 2 0 0
80 0 0 2 0 0
90 0 0 2 0 0
100 0 0 0 2 0
110 0 0 0 2 0
120 0 0 0 0 0
130 0 0 0 0 0
140 0 0 2 0 0
150 0 0 2 0 0
160 0 0 0 2 0
170 0 0 0 2 0
180 0 0 0 2 0
190 0 0 0 2 0
200 0 0 0 2 0
210 0 0 0 2 0
220 0 0 2 0 0
230 0 0 2 0 0
240 0 0 2 0 0
250 0 0 2 0 0
260 0 0 2 0 0
270 0 0 2 0 0
280 0 0 2 0 0
290 0 0 2 0 0
300 0 0 2 0 0
310 0 0 2 0 0
320 0 0 2 0 0
330 0 0 2 0 0
340 0 0 2 0 0
350 0 2 2 0 1
360 0 2 2 0 1
370 0 2 2 0 1
380 0 2 2 0 1
390 2 0 2 0 1
400 2 0 2 0 1
410 0 2 2 0 0
420 0 2 2 0 1
430 0 2 2 0 1
440 0 2 2 0 1
450 0 2 2 0 0
460 0 2 2 0 1
470 2 0 2 0 1
480 2 0 2 0 1
490 2 0 3 0 1
500 3 0 2 0 0
510 2 0 0 2 0
520 3 0 0 2 0
530 2 0 0 2 1
540 2 0 0 2 1
550 0 0 0 2 0
560 2 0 0 2 1
570 2 0 0 2 1
580 2 0 0 2 1
590 2 0 2 0 1
600 2 0 2 0 1
610 0 0 2 0 1
620 0 0 2 0 1
630 0 0 2 0 0
640 0 0 2 0 1
650 0 0 2 0 1
660 0 0 2 0 1
670 0 0 2 0 1
680 0 0 2 0 1
690 0 0 2 0 0
700 0 0 2 0 0
710 0 0 3 0 0
720 0 0 2 0 1
730 0 0 2 0 1
740 0 0 2 0 1
750 0 0 2 0 1
760 0 0 2 0 1
770 0 0 2 0 1
780 0 0 2 0 1
790 0 0 2 0 1
800 0 0 2 0 1
810 0 0 2 0 1
820 0 0 2 0 1
830 0 0 2 0 1
840 0 0 2 0 1
850 0 0 2 0 1
860 0 0 2 0 1
870 0 0 2 0 1
880 0 0 2 0 0
890 0 0 3 0 0
900 0 0 3 0 0
910 0 0 3 0 0
920 0 0 2 0 1
930 0 0 2 0 1
940 0 0 2 0 1
950 0 3 2 0 1
960 0 3 2 0 0
970 0 3 2 0 0
980 0 3 2 0 0
990 0 2 2 0 0
1000 0 2 2 0 1
1010 0 2 2 0 1
1020 0 2 2 0 1
1030 0 2 2 0 1
1040 0 2 2 0 1
1050 2 0 2 0 2
1060 2 0 2 0 2
1070 2 0 2 0 1
1080 2 0 2 0 1
1090 3 0 2 0 1
1100 2 0 2 0 1
1110 0 0 2 0 1
1120 0 0 2 0 1
1130 0 0 2 0 1
1140 0 0 2 0 1
1150 0 0 2 0 1
1160 0 0 2 0 1
1170 0 0 2 0 1
1180 0 0 2 0 1
1190 0 0 2 0 1
1200 0 0 2 0 1
1210 0 0 2 0 1
1220 0 0 2 0 1
1230 0 0 2 0 1
1240 0 0 2 0 0
1250 0 0 2 0 0
1260 0 0 2 0 1
1270 0 0 2 0 1
1280 0 0 2 0 1
1290 0 0 2 0 1
1300 0 0 2 0 1
1310 0 0 2 0 1
1320 0 0 2 0 1
1330 0 0 2 0 1
1340 0 0 2 0 1
1350 0 0 2 0 1
1360 0 0 2 0 1
1370 0 0 2 0 1
1380 0 0 2 0 1
1390 0 0 2 0 1
1400 0 0 2 0 0
1410 0 0 2 0 1
1420 0 0 2 0 1
1430 0 3 2 0 2
1440 0 2 2 0 1
1450 0 2 2 0 1
1460 0 2 2 0 1
1470 0 2 2 0 1
1480 0 2 2 0 1
1490 0 2 2 0 1
1500 0 2 2 0 1
1510 0 2 2 0 1
1520 0 2 2 0 1
1530 0 2 2 0 1
1540 0 2 2 0 1
1550 2 0 2 0 1
1560 2 0 2 0 1
1570 2 0 2 0 1
1580 2 0 2 0 1
1590 2 0 2 0 1
1600 2 0 2 0 1
1610 2 0 2 0 1
1620 2 0 2 0 1
1630 2 0 2 0 1
1640 2 0 2 0 1
1650 2 0 2 0 1
1660 2 0 2 0 1
1670 2 0 2 0 1
1680 2 0 2 0 1
1690 2 0 2 0 1
1700 2 0 2 0 1
1710 0 0 2 0 1
1720 0 0 2 0 1
1730 0 0 2 0 1
1740 0 0 2 0 0
1750 0 0 2 0 0
1760 0 0 2 0 1
1770 0 0 3 0 0
1780 0 0 2 0 0
1790 0 0 2 0 0
1800 0 0 3 0 0
1810 0 0 3 0 0
1820 0 0 2 0 0
1830 0 0 2 0 1
1840 0 0 2 0 1
1850 0 0 2 0 1
1860 0 0 2 0 1
1870 0 0 2 0 1
1880 0 0 2 0 1
1890 0 0 2 0 1
1900 0 0 2 0 1
1910 0 0 2 0 1
1920 0 0 2 0 1
1930 0 0 2 0 1
1940 0 0 2 0 1
1950 0 0 2 0 1
1960 3 0 2 0 1
1970 3 0 2 0 1
1980 3 0 2 0 1
1990 0 0 2 0 0
2000 0 0 2 0 1
2010 0 0 2 0 1
2020 0 0 2 0 0
2030 0 0 2 0 0
2040 0 0 2 0 1
2050 0 0 2 0 1
2060 0 0 2 0 0
2070 0 0 2 0 1
2080 0 0 2 0 0
2090 0 0 2 0 1
2100 0 0 2 0 1
2110 0 0 2 0 1
2120 0 0 2 0 1
2130 0 0 2 0 0
2140 0 0 2 0 1
2150 0 0 2 0 2
2160 2 0 2 0 2
2170 2 0 2 0 2
2180 0 2 2 0 1
2190 0 0 2 0 2
2200 0 0 2 0 2
2210 0 0 2 0 2
2220 2 0 2 0 2
2230 2 0 2 0 0
2240 2 0 2 0 2
2250 2 0 2 0 2
2260 2 0 2 0 1
2270 2 0 3 0 1
2280 2 0 3 0 1
2290 0 0 3 0 2
2300 2 0 0 0 0
2310 2 0 0 0 1
2320 0 0 0 0 0
2330 0 0 0 0 0
2340 3 0 0 0 0
2350 2 0 0 0 0
2360 0 0 0 0 0
2370 0 0 0 0 0
2380 0 0 0 0 0
2390 0 0 0 0 0
2400 0 0 0 0 0
2410 0 0 0 0 0
2420 0 0 0 0 0
2430 0 0 0 0 0
2440 0 0 0 0 0
2450 0 0 0 0 0
2460 0 0 0 0 0
2470 0 0 0 0 0
2480 0 0 0 0 0
2490 0 0 0 0 0
2500 0 0 0 0 0
2510 0 0 0 0 0
2520 0 0 0 0 0
2530 2 0 3 0 0
2540 2 0 3 0 0
2550 2 0 3 0 1
2560 2 0 3 0 1
2570 0 0 3 0 0
2580 2 0 3 0 0
2590 2 0 0 0 0
2600 2 0 0 0 0
2610 2 0 0 2 1
2620 2 0 0 2 1
2630 2 0 0 2 1
2640 2 0 2 0 1
2650 2 0 2 0 1
2660 2 0 2 0 1
2670 2 0 2 0 1
2680 2 0 2 0 1
2690 0 0 2 0 1
2700 0 0 2 0 0
2710 0 0 2 0 0
2720 0 0 2 0 0
2730 0 0 2 0 0
2740 0 0 2 0 0
2750 0 0 2 0 1
2760 0 0 2 0 1
2770 0 0 2 0 1
2780 0 0 2 0 0
2790 0 0 2 0 0
2800 0 0 2 0 1
2810 0 0 2 0 1
2820 0 0 2 0 1
2830 0 0 2 0 1
2840 0 0 2 0 1
2850 0 0 2 0 1
2860 0 0 2 0 1
2870 0 0 2 0 1
2880 0 0 2 0 1
2890 0 0 2 0 1
2900 0 0 2 0 1
2910 0 0 2 0 1
2920 0 0 2 0 1
2930 0 0 2 0 2
2940 2 0 2 0 2
2950 0 2 2 0 2
2960 0 2 2 0 1
2970 2 0 2 0 2
2980 2 0 2 0 1
2990 2 0 2 0 1
3000 2 0 2 0 2
3010 2 0 3 0 2
3020 2 0 3 0 1
3030 2 0 3 0 1
3040 2 0 3 0 1
3050 2 0 3 0 1
3060 2 0 3 0 1
3070 2 0 3 0 1
3080 3 0 3 0 0
3090 3 0 3 0 0
3100 0 0 0 0 0
3110 0 0 0 0 0
3120 0 0 0 0 0
3130 0 0 0 0 0
3140 0 0 0 0 0
3150 0 0 0 0 0
3160 0 0 0 0 0
3170 0 0 0 0 0
3180 0 0 0 0 0
3190 2 0 0 0 0
3200 2 0 0 0 1
3210 2 0 0 0 1
3220 2 0 0 0 1
3230 2 0 3 0 0
3240 2 0 0 0 0
3250 0 0 3 0 0
3260 3 0 3 0 0
3270 3 0 2 0 0
3280 2 0 2 0 0
3290 2 0 2 0 0
3300 2 0 2 0 0
3310 2 0 2 0 0
3320 2 0 2 0 0
3330 2 0 2 0 0
3340 3 0 2 0 1
3350 3 0 3 0 0
3360 3 0 2 0 1
3370 3 0 2 0 1
3380 3 0 2 0 1
3390 3 0 2 0 0
3400 3 0 2 0 1
3410 3 0 2 0 1
3420 3 0 2 0 1
3430 3 0 2 0 1
3440 3 0 2 0 0
3450 2 0 3 0 0
3460 2 0 2 0 1
3470 2 0 2 0 1
3480 3 0 0 0 1
3490 3 0 0 0 0
3500 3 0 0 0 0
3510 3 0 0 0 0
3520 3 0 0 0 0
3530 0 0 2 0 0
3540 3 0 2 0 0
3550 3 0 0 0 0
3560 3 0 0 0 0
3570 3 0 2 0 1
3580 3 0 2 0 0
3590 3 0 2 0 0
3600 3 0 2 0 0
3610 3 0 3 0 0
3620 3 0 3 0 0
3630 3 0 2 0 0
3640 3 0 2 0 0
3650 3 0 2 0 1
3660 3 0 0 0 0
3670 3 0 0 0 0
3680 3 0 0 0 0
3690 3 0 0 0 0
3700 3 0 0 0 0
3710 3 0 0 0 0
3720 3 0 0 0 0
3730 3 0 0 0 0
3740 3 0 0 0 0
3750 3 0 2 0 1
3760 3 0 2 0 1
3770 3 0 2 0 1
3780 3 0 2 0 1
3790 3 0 2 0 1
3800 3 0 2 0 1
3810 3 0 2 0 1
3820 3 0 2 0 1
3830 3 0 2 0 1
3840 3 0 2 0 2
3850 3 0 2 0 1
3860 3 0 2 0 1
3870 0 0 2 0 1
3880 0 0 2 0 1
3890 0 0 2 0 1
3900 0 0 2 0 1
3910 0 0 2 0 1
3920 0 0 2 0 1
3930 0 0 2 0 1
3940 3 0 2 0 1
3950 0 0 2 0 1
3960 0 0 2 0 1
3970 0 0 2 0 1
3980 0 0 2 0 1
3990 3 0 2 0 1
4000 3 0 2 0 1
4010 3 0 2 0 1
4020 0 0 2 0 1
4030 0 0 2 0 1
4040 0 0 2 0 1
4050 3 0 2 0 1
4060 3 0 2 0 1
4070 3 0 2 0 1
4080 0 2 2 0 1
4090 0 3 2 0 1
4100 0 2 2 0 1
4110 2 0 2 0 1
4120 2 0 2 0 2
4130 2 0 2 0 1
4140 2 0 2 0 1
4150 2 0 2 0 1
4160 2 0 2 0 0
4170 2 0 2 0 0
4180 2 0 2 0 0
4190 2 0 2 0 0
4200 2 0 2 0 1
4210 2 0 2 0 1
4220 2 0 2 0 1
4230 2 0 2 0 0
4240 2 0 2 0 1
4250 2 0 2 0 1
4260 2 0 2 0 1
4270 2 0 2 0 1
4280 2 0 2 0 1
4290 2 0 2 0 1
4300 2 0 2 0 1
4310 2 0 2 0 1
4320 0 2 2 0 1
4330 0 0 2 0 1
4340 0 0 2 0 1
4350 0 0 2 0 1
4360 0 0 0 0 0
4370 0 0 0 0 0
4380 0 0 0 0 0
4390 0 0 0 0 0
4400 0 0 0 0 0
4410 0 0 0 0 0
4420 0 0 0 0 0
4430 0 0 0 0 0
4440 0 0 0 0 0
4450 0 0 2 0 0
4460 0 0 2 0 1
4470 0 0 2 0 1
4480 0 0 2 0 1
4490 0 0 2 0 1
4500 0 0 2 0 1
4510 0 0 2 0 1
4520 0 0 2 0 1
4530 0 0 2 0 1
4540 0 0 2 0 1
4550 0 0 2 0 1
4560 0 0 2 0 1
4570 0 0 2 0 1
4580 0 0 2 0 1
4590 0 0 2 0 1
4600 0 0 2 0 1
4610 0 0 2 0 1
4620 0 0 2 0 1
4630 0 0 2 0 1
4640 2 0 2 0 1
4650 2 0 2 0 2
4660 2 0 2 0 2
4670 0 2 2 0 1
4680 2 0 2 0 2
4690 2 0 2 0 2
4700 2 0 2 0 2
4710 2 0 2 0 2
4720 2 0 3 0 2
4730 2 0 3 0 1
4740 0 0 0 0 0
4750 0 0 3 0 0
4760 0 0 3 0 0
4770 2 0 3 0 1
4780 0 0 3 0 0
4790 0 0 3 0 0
4800 2 0 3 0 0
4810 2 0 0 0 0
4820 0 0 0 0 0
4830 0 0 0 0 0
4840 0 0 0 0 0
4850 0 0 0 0 0
4860 2 0 0 0 0
4870 2 0 0 0 0
4880 2 0 0 0 1
4890 2 0 2 0 1
4900 2 0 0 0 0
4910 2 0 0 0 0
4920 0 0 0 0 0
4930 0 0 0 0 0
4940 2 0 2 0 0
4950 2 0 2 0 1
4960 2 0 2 0 0
4970 2 0 0 0 0
4980 3 0 2 0 0
4990 2 0 3 0 0
5000 2 0 3 0 0
5010 2 0 3 0 0
5020 0 0 2 0 0
5030 0 0 2 0 1
5040 2 0 2 0 1
5050 2 0 2 0 1
5060 2 0 2 0 0
5070 0 0 2 0 0
5080 2 0 0 0 0
5090 2 0 0 0 0
5100 2 0 0 0 0
5110 2 0 2 0 0
5120 2 0 2 0 1
5130 0 0 2 0 1
5140 2 0 2 0 2
5150 2 0 2 0 2
5160 2 0 2 0 1
5170 0 0 2 0 2
5180 0 0 2 0 0
5190 0 0 2 0 0
5200 2 0 0 0 0
5210 2 0 2 0 2
5220 2 0 2 0 0
5230 2 0 3 0 1
5240 2 0 3 0 1
5250 2 0 2 0 2
5260 0 0 3 0 0
5270 0 0 3 0 0
5280 2 0 3 0 0
5290 2 0 3 0 1
5300 2 0 3 0 1
5310 2 0 2 0 1
5320 2 0 2 0 1
5330 2 0 2 0 1
5340 2 0 2 0 1
5350 2 0 2 0 1
5360 2 0 0 0 1
5370 2 0 0 0 1
5380 2 0 0 0 1
5390 2 0 0 0 1
5400 0 0 0 0 0
5410 0 0 0 0 0
5420 0 0 0 0 0
5430 0 0 0 0 0
5440 0 0 0 0 0
5450 0 0 0 0 0
5460 0 0 0 0 0
5470 2 0 0 0 0
5480 0 0 0 0 0
5490 2 0 0 0 0
5500 0 2 0 0 0
5510 2 0 0 0 1
5520 0 0 0 0 0
5530 0 0 0 0 0
5540 0 0 0 0 0
5550 0 0 3 0 0
5560 2 0 0 0 1
5570 2 0 0 0 0
5580 2 0 0 0 1
5590 2 0 0 0 1
5600 2 0 0 0 0
5610 0 0 0 0 0
5620 3 0 0 0 0
5630 0 0 0 0 0
