0 0 0 0 2 0
10 0 0 0 2 0
20 0 0 0 2 0
30 0 0 0 2 0
40 0 0 0 2 0
50 0 0 0 2 0
60 0 0 0 2 0
70 0 0 0 2 0
80 0 0 2 0 0
90 0 0 2 0 0
100 0 2 2 0 0
110 0 2 2 0 1
120 0 2 2 0 1
130 0 2 2 0 1
140 2 0 2 0 0
150 2 0 2 0 1
160 2 0 3 0 1
170 2 0 2 0 0
180 2 0 2 0 0
190 2 0 2 0 0
200 2 0 2 0 0
210 2 0 2 0 0
220 2 0 2 0 0
230 0 0 2 0 0
240 0 0 2 0 1
250 0 0 2 0 1
260 0 0 2 0 1
270 0 0 2 0 1
280 0 0 2 0 1
290 0 0 2 0 1
300 0 3 0 0 0
310 0 0 2 0 1
320 0 0 2 0 1
330 0 0 2 0 1
340 0 0 2 0 1
350 0 2 2 0 1
360 0 2 2 0 1
370 0 2 2 0 1
380 0 0 2 0 1
390 0 0 2 0 1
400 2 0 2 0 2
410 2 0 2 0 2
420 3 0 2 0 2
430 3 0 2 0 0
440 0 0 0 0 0
450 0 0 0 0 0
460 0 0 0 0 0
470 0 0 0 0 0
480 0 0 0 0 0
490 0 0 0 0 0
500 0 0 0 0 0
510 0 0 0 0 0
520 0 0 0 0 0
530 3 0 3 0 0
540 2 0 0 2 1
550 2 0 0 2 1
560 2 0 0 2 1
570 2 0 0 0 2
580 3 0 2 0 0
590 0 0 2 0 0
600 3 0 2 0 0
610 3 0 2 0 0
620 3 0 2 0 1
630 3 0 2 0 1
640 3 0 2 0 1
650 3 0 2 0 1
660 3 0 2 0 0
670 3 0 2 0 0
680 3 0 2 0 1
690 3 0 2 0 1
700 3 0 2 0 1
710 3 0 2 0 1
720 3 0 2 0 1
730 3 0 2 0 1
740 3 0 2 0 1
750 3 0 2 0 0
760 0 0 2 0 1
770 0 0 2 0 0
780 0 0 2 0 1
790 0 0 2 0 1
800 0 0 2 0 1
810 0 0 2 0 1
820 0 0 2 0 1
830 0 2 2 0 1
840 0 2 2 0 1
850 0 2 2 0 1
860 0 0 2 0 1
870 2 0 2 0 1
880 0 0 2 0 0
890 0 0 2 0 2
900 2 0 2 0 2
910 0 0 2 0 2
920 2 0 2 0 2
930 0 0 3 0 0
940 0 0 3 0 0
950 0 0 0 0 0
960 0 0 0 0 0
970 0 0 0 0 0
980 0 0 0 0 0
990 0 0 0 0 0
1000 0 0 0 0 0
1010 0 0 0 0 0
1020 0 0 0 0 0
1030 0 0 0 0 0
1040 0 0 0 0 0
1050 0 0 0 0 0
1060 0 0 0 0 0
1070 0 0 0 0 0
1080 0 0 0 0 0
1090 2 0 0 0 0
1100 2 0 0 0 0
1110 2 0 0 0 0
1120 2 0 0 2 1
1130 2 0 0 2 1
1140 2 0 0 2 1
1150 2 0 0 2 1
1160 2 0 2 0 2
1170 2 0 2 0 0
1180 2 0 2 0 0
1190 2 0 3 0 0
1200 2 0 2 0 0
1210 2 0 2 0 0
1220 2 0 2 0 0
1230 2 0 0 0 0
1240 2 0 3 0 0
1250 2 0 2 0 0
1260 2 0 2 0 0
1270 2 0 2 0 0
1280 2 0 2 0 2
1290 2 0 2 0 0
1300 3 0 2 0 0
1310 3 0 2 0 0
1320 3 0 3 0 0
1330 3 0 0 0 0
1340 3 0 0 0 0
1350 3 0 2 0 0
1360 3 0 2 0 0
1370 3 0 2 0 0
1380 3 0 2 0 0
1390 3 0 2 0 0
1400 3 0 2 0 0
1410 3 0 2 0 0
1420 3 0 2 0 0
1430 3 0 2 0 2
1440 3 0 2 0 1
1450 0 0 2 0 1
1460 0 0 2 0 1
1470 0 2 2 0 1
1480 0 2 2 0 2
1490 2 0 2 0 2
1500 2 0 2 0 2
1510 2 0 2 0 2
1520 2 0 3 0 0
1530 0 0 0 3 0
1540 0 0 0 3 0
1550 0 0 0 0 0
1560 0 0 0 0 0
1570 0 0 0 0 0
1580 0 0 0 0 0
1590 0 0 0 0 0
1600 0 0 0 0 0
1610 0 0 0 0 0
1620 2 0 0 0 0
1630 2 0 3 0 0
1640 2 0 0 2 0
1650 3 0 0 2 0
1660 3 0 0 2 0
1670 2 0 0 2 0
1680 3 0 0 2 0
1690 3 0 2 0 0
1700 0 0 2 0 1
1710 0 0 2 0 0
1720 3 0 2 0 0
1730 3 0 2 0 0
1740 3 0 2 0 0
1750 3 0 3 0 0
1760 3 0 2 0 0
1770 3 0 2 0 0
1780 3 0 2 0 0
1790 3 0 2 0 0
1800 3 0 2 0 1
1810 3 0 2 0 1
1820 3 0 2 0 1
1830 3 0 2 0 1
1840 3 0 2 0 1
1850 3 0 2 0 1
1860 3 0 2 0 1
1870 3 0 2 0 0
1880 3 0 2 0 0
1890 3 0 2 0 1
1900 3 0 2 0 1
1910 3 0 2 0 1
1920 3 0 2 0 1
1930 3 0 2 0 1
1940 3 0 2 0 1
1950 3 0 2 0 1
1960 3 0 2 0 1
1970 0 3 2 0 1
1980 0 0 2 0 1
1990 0 0 2 0 1
2000 0 0 2 0 1
2010 0 0 2 0 1
2020 0 0 2 0 1
2030 3 0 2 0 1
2040 0 0 2 0 1
2050 3 0 2 0 1
2060 3 0 2 0 0
2070 3 0 2 0 1
2080 3 0 2 0 1
2090 0 0 2 0 1
2100 0 0 2 0 1
2110 0 0 2 0 1
2120 0 0 2 0 1
2130 0 0 2 0 1
2140 0 0 2 0 2
2150 0 2 2 0 1
2160 0 2 2 0 1
2170 0 2 2 0 1
2180 0 2 2 0 1
2190 2 0 2 0 2
2200 2 0 2 0 2
2210 2 0 0 3 0
2220 0 0 0 3 0
2230 0 0 0 3 0
2240 0 0 0 0 0
2250 0 0 0 0 0
2260 0 0 0 0 0
2270 0 0 0 0 0
2280 0 0 0 0 0
2290 0 0 0 0 0
2300 2 0 3 0 0
2310 2 0 3 0 2
2320 2 0 0 2 2
2330 2 0 0 2 0
2340 2 0 0 2 0
2350 0 0 2 0 0
2360 0 0 2 0 0
2370 0 0 2 0 0
2380 0 0 2 0 0
2390 0 0 2 0 0
2400 0 0 2 0 0
2410 0 0 2 0 0
2420 0 0 0 0 0
2430 0 0 2 0 0
2440 0 0 2 0 0
2450 0 0 2 0 0
2460 2 0 2 0 0
2470 2 0 2 0 2
2480 2 0 3 0 1
2490 2 0 0 0 0
2500 2 0 0 0 0
2510 2 0 0 0 0
2520 2 0 0 0 1
2530 2 0 0 0 0
2540 2 0 0 0 1
2550 2 0 0 0 0
2560 2 0 0 0 1
2570 2 0 0 0 0
2580 2 0 0 0 0
