0 0 0 0 0 0
10 0 0 0 0 0
20 0 0 0 0 0
30 0 0 0 0 0
40 0 0 0 0 0
50 0 0 0 0 0
60 0 0 0 0 0
70 0 0 0 0 0
80 0 0 0 0 0
90 0 0 0 0 0
100 0 0 0 0 0
110 0 0 0 0 0
120 0 0 0 0 0
130 0 0 0 0 0
140 0 0 0 0 0
150 0 0 0 0 0
160 0 0 0 0 0
170 0 0 0 0 0
180 0 0 0 0 0
190 0 0 0 0 0
200 0 0 0 0 0
210 0 0 0 0 0
220 0 0 0 0 0
230 0 0 0 0 0
240 0 0 0 0 0
250 0 0 0 0 0
260 0 0 0 0 0
270 0 0 0 0 0
280 0 0 0 0 0
290 0 0 0 0 1
300 0 0 0 0 1
310 0 0 0 0 1
320 0 3 0 0 1
330 0 3 0 0 1
340 0 0 2 0 1
350 0 0 2 0 1
360 0 0 2 0 1
370 2 0 2 0 1
380 2 0 2 0 1
390 2 0 0 0 0
400 2 0 0 0 0
410 2 0 0 0 0
420 0 0 0 0 1
430 0 0 0 0 1
440 0 0 0 0 1
450 0 0 0 0 0
460 2 0 0 0 1
470 2 0 0 0 1
480 2 0 0 0 1
490 2 0 0 0 0
500 2 0 0 0 0
510 0 0 0 0 0
520 0 0 0 0 1
530 0 0 0 0 1
540 0 0 0 0 1
550 0 0 0 0 1
560 0 0 0 0 1
570 0 0 0 0 0
580 0 0 0 0 0
590 0 0 0 0 0
600 0 0 0 0 1
610 0 0 0 0 1
620 0 0 0 0 0
630 0 0 3 0 1
640 0 0 3 0 1
650 0 0 0 0 0
660 0 0 3 0 0
670 0 0 3 0 0
680 0 0 3 0 1
690 0 0 3 0 1
700 0 0 3 0 1
710 0 0 3 0 1
720 0 0 3 0 1
730 0 0 3 0 1
740 0 0 3 0 1
750 0 0 3 0 1
760 0 0 3 0 1
770 0 0 2 0 1
780 0 0 2 0 0
790 0 0 2 0 0
800 2 0 2 0 1
810 2 0 2 0 1
820 2 0 2 0 1
830 2 0 2 0 0
840 2 0 2 0 0
850 2 0 2 0 1
860 2 0 2 0 1
870 2 0 0 0 1
880 2 0 2 0 2
890 2 0 2 0 2
900 2 0 0 0 0
910 2 0 0 0 1
920 2 0 0 0 2
930 0 0 0 0 2
940 0 0 0 0 0
950 0 0 0 0 0
960 0 0 0 0 0
970 0 0 0 0 0
980 0 0 0 0 0
990 0 0 3 0 0
1000 0 0 3 0 0
1010 0 0 0 0 0
1020 0 0 0 2 1
1030 0 0 0 2 1
1040 3 0 0 3 1
1050 3 0 2 0 1
1060 3 0 2 0 2
1070 3 0 3 0 2
1080 3 0 2 0 2
1090 3 0 2 0 2
1100 3 0 2 0 1
1110 3 0 2 0 1
1120 3 0 2 0 2
1130 3 0 2 0 1
1140 3 0 2 0 1
1150 3 0 2 0 1
1160 0 0 2 0 1
1170 0 0 2 0 1
1180 0 0 0 0 1
1190 0 0 2 0 1
1200 0 0 2 0 1
1210 0 0 2 0 1
1220 0 0 2 0 1
1230 0 0 2 0 1
1240 0 0 2 0 1
1250 0 0 2 0 1
1260 0 0 2 0 1
1270 0 0 2 0 1
1280 3 0 2 0 1
1290 3 0 2 0 1
1300 0 0 3 0 1
1310 3 0 2 0 1
1320 3 0 2 0 1
1330 0 0 2 0 1
1340 0 0 2 0 1
1350 0 0 2 0 1
1360 0 0 2 0 1
1370 0 0 2 0 1
1380 0 0 2 0 1
1390 0 0 2 0 1
1400 0 0 2 0 1
1410 0 0 2 0 1
1420 2 0 2 0 1
1430 2 0 2 0 1
1440 2 0 2 0 1
1450 2 0 2 0 1
1460 2 0 2 0 1
1470 2 0 2 0 1
1480 2 0 2 0 1
1490 2 0 0 2 1
1500 2 0 0 2 1
1510 0 0 0 0 1
1520 0 0 0 0 1
1530 0 0 0 0 1
1540 0 0 0 0 1
1550 0 0 0 0 1
1560 0 0 0 0 1
1570 0 0 0 0 1
1580 0 0 3 0 1
1590 0 0 3 0 1
1600 0 0 0 3 0
1610 0 0 0 3 0
1620 0 0 0 0 0
1630 0 0 0 0 0
1640 0 0 0 0 0
1650 0 0 0 0 1
1660 0 0 0 0 1
1670 0 0 0 0 1
1680 0 0 0 0 2
1690 0 0 0 0 2
1700 0 0 3 0 2
1710 0 0 3 0 2
1720 0 0 3 0 2
1730 0 0 3 0 1
1740 0 0 3 0 2
1750 0 0 3 0 0
1760 0 3 3 0 1
1770 0 2 3 0 1
1780 0 2 3 0 1
1790 0 2 3 0 1
1800 0 2 3 0 1
1810 0 2 3 0 1
1820 0 2 0 0 1
1830 0 2 3 0 1
1840 0 2 3 0 1
1850 0 2 0 0 1
1860 0 2 3 0 2
1870 0 2 3 0 2
1880 0 2 3 0 0
1890 0 2 2 0 1
1900 0 2 2 0 1
1910 2 0 2 0 2
1920 2 0 2 0 2
1930 0 0 2 0 2
1940 0 0 2 0 0
1950 0 0 2 0 1
1960 0 0 2 0 2
1970 0 0 2 0 2
1980 0 0 2 0 0
1990 0 0 2 0 0
2000 0 0 2 0 0
2010 0 0 2 0 1
2020 0 0 2 0 2
2030 0 0 2 0 2
2040 0 0 2 0 0
2050 0 0 2 0 1
2060 0 0 2 0 2
2070 2 0 2 0 2
2080 0 0 2 0 2
2090 0 0 2 0 0
2100 0 0 2 0 1
2110 0 0 2 0 2
2120 0 0 2 0 2
2130 0 0 2 0 0
2140 0 0 2 0 1
2150 0 0 2 0 1
2160 0 0 0 0 0
2170 0 0 2 0 0
2180 0 0 2 0 0
2190 0 0 2 0 0
2200 0 0 0 0 0
2210 0 0 0 0 0
2220 0 0 0 0 0
2230 0 0 3 0 0
2240 0 0 3 0 0
2250 0 0 3 0 0
2260 0 0 0 3 0
2270 0 0 0 3 0
2280 0 0 0 3 0
2290 0 0 2 0 0
2300 0 0 2 0 0
2310 0 0 2 0 0
2320 0 0 2 0 0
2330 0 0 2 0 0
2340 0 0 2 0 0
2350 2 0 2 0 0
2360 2 0 2 0 0
2370 2 0 2 0 0
2380 2 0 2 0 0
2390 2 0 2 0 0
2400 2 0 2 0 0
2410 2 0 0 0 0
2420 2 0 0 0 0
2430 2 0 2 0 0
2440 2 0 2 0 0
2450 2 0 0 0 1
2460 0 0 0 0 2
2470 0 0 0 0 2
2480 0 0 0 0 0
2490 0 0 0 0 0
2500 0 0 0 0 0
2510 0 0 0 0 0
2520 0 0 0 0 0
2530 0 0 0 0 0
2540 2 0 0 0 1
2550 0 0 0 0 1
2560 0 0 0 0 1
2570 2 0 0 0 0
2580 0 0 0 0 0
2590 0 0 0 0 0
2600 0 0 0 0 0
2610 0 0 0 0 0
2620 0 0 0 0 0
2630 0 0 0 0 0
2640 0 0 0 0 0
2650 0 0 2 0 1
2660 0 0 0 0 0
2670 0 0 0 0 0
2680 0 0 3 0 1
2690 0 0 0 0 0
2700 0 0 0 0 0
2710 0 0 0 0 1
2720 0 0 0 0 1
2730 0 0 0 0 1
2740 0 0 0 0 1
2750 0 0 0 0 1
2760 0 0 0 0 1
2770 0 0 0 0 1
2780 0 0 0 0 1
2790 0 0 0 0 1
2800 0 0 2 0 1
2810 0 0 0 0 0
2820 0 0 0 0 0
2830 0 0 0 0 1
2840 0 0 0 0 1
2850 0 0 0 0 1
2860 0 0 0 0 0
2870 0 0 0 0 0
2880 0 0 0 0 0
2890 0 0 0 0 0
2900 0 0 0 0 1
2910 0 0 0 0 1
2920 0 0 0 0 1
2930 0 0 0 0 1
2940 0 0 0 0 1
2950 0 0 0 0 1
2960 0 0 0 0 1
2970 0 0 0 0 1
2980 0 0 0 0 0
2990 0 0 0 0 0
3000 0 0 0 0 0
3010 0 0 0 0 0
3020 0 0 0 0 0
3030 0 0 0 0 0
3040 0 0 0 0 0
3050 0 0 0 0 0
3060 0 0 0 0 0
3070 0 0 0 0 0
3080 0 0 0 0 0
3090 0 0 2 0 1
3100 0 0 2 0 2
3110 0 0 2 0 2
3120 0 0 0 0 0
