0 0 0 0 0 0
10 0 0 0 0 0
20 0 0 0 0 0
30 0 0 0 0 0
40 0 0 0 0 0
50 0 0 0 0 0
60 0 0 0 0 0
70 0 0 0 0 0
80 0 0 0 0 0
90 0 0 0 0 0
100 0 0 0 0 0
110 0 0 0 0 0
120 0 0 0 0 0
130 0 0 0 0 0
140 0 0 0 0 0
150 0 0 0 0 0
160 0 0 0 0 0
170 0 0 0 0 0
180 0 0 0 0 0
190 0 0 0 0 0
200 0 0 0 0 0
210 3 0 3 0 1
220 3 0 3 0 1
230 0 0 2 0 0
240 0 0 0 0 1
250 0 0 0 0 1
260 0 0 0 0 1
270 0 0 0 0 1
280 0 0 0 0 1
290 0 0 0 0 1
300 0 0 0 0 0
310 0 0 0 0 0
320 0 0 0 0 0
330 0 0 0 0 0
340 0 0 0 0 0
350 0 0 0 0 0
360 0 0 0 0 0
370 0 0 0 0 0
380 2 0 3 0 1
390 2 0 0 0 1
400 2 0 0 0 1
410 2 0 0 0 0
420 2 0 0 0 0
430 2 0 0 0 0
440 3 0 3 0 0
450 2 0 3 0 1
460 2 0 3 0 1
470 2 0 0 0 1
480 2 0 0 0 1
490 2 0 0 0 1
500 2 0 0 0 0
510 2 0 0 0 1
520 2 0 0 0 1
530 0 2 0 0 0
540 3 0 0 0 0
550 3 0 0 0 0
560 2 0 0 0 0
570 2 0 3 0 1
580 2 0 3 0 1
590 2 0 3 0 1
600 2 0 0 0 1
610 2 0 0 0 1
620 2 0 3 0 1
630 2 0 0 0 1
640 2 0 0 0 1
650 2 0 0 0 1
660 2 0 0 0 1
670 2 0 0 0 1
680 2 0 3 0 1
690 2 0 0 0 1
700 2 0 0 0 1
710 2 0 0 0 1
720 3 0 3 0 1
730 3 0 3 0 1
740 2 0 3 0 1
750 3 0 2 0 2
760 3 0 2 0 2
770 2 0 2 0 2
780 2 0 2 0 2
790 3 0 2 0 0
800 0 0 2 0 0
810 0 0 2 0 0
820 0 0 2 0 0
830 0 0 2 0 0
840 3 0 2 0 0
850 3 0 0 0 0
860 3 0 0 0 0
870 3 0 0 0 1
880 0 0 0 0 1
890 0 0 0 0 1
900 0 0 0 0 0
910 0 0 0 0 1
920 0 0 0 0 1
930 0 0 0 0 1
940 0 0 0 0 0
950 0 0 0 0 0
960 0 0 0 0 0
970 0 0 0 0 0
980 0 0 0 3 0
990 0 0 0 3 0
1000 0 0 0 3 0
1010 3 0 0 2 1
1020 0 0 2 0 0
1030 0 0 0 0 1
1040 0 0 0 0 1
1050 0 0 2 0 0
1060 0 0 2 0 0
1070 0 0 2 0 0
1080 0 0 2 0 1
1090 0 0 2 0 1
1100 0 0 2 0 1
1110 0 0 0 0 1
1120 0 0 0 0 1
1130 0 0 0 0 1
1140 0 0 2 0 1
1150 0 0 2 0 1
1160 0 0 2 0 1
1170 0 0 2 0 1
1180 2 0 2 0 1
1190 2 0 2 0 1
1200 0 2 2 0 1
1210 0 0 2 0 1
1220 0 0 2 0 1
1230 0 0 2 0 1
1240 0 0 2 0 1
1250 0 0 2 0 1
1260 0 0 2 0 1
1270 0 0 2 0 1
1280 0 0 2 0 1
1290 0 0 2 0 1
1300 0 0 2 0 1
1310 0 0 2 0 1
1320 0 0 2 0 0
1330 0 0 2 0 0
1340 0 0 2 0 1
1350 0 0 0 0 1
1360 0 0 0 0 1
1370 0 0 0 0 1
1380 0 0 0 0 1
1390 0 0 0 0 1
1400 0 0 0 0 0
1410 0 0 0 0 1
1420 0 0 0 0 1
1430 0 0 0 3 0
1440 0 0 0 3 0
1450 0 0 0 3 0
1460 0 0 0 3 0
1470 0 0 0 3 0
1480 0 0 0 3 0
1490 3 0 0 3 0
1500 3 0 0 3 0
1510 2 0 0 0 0
1520 2 0 0 0 0
1530 2 0 0 0 0
1540 0 0 0 0 0
1550 0 0 0 0 0
1560 0 0 0 0 0
1570 0 0 0 0 0
1580 0 0 0 0 0
1590 0 0 0 0 0
1600 0 0 0 0 0
1610 2 0 0 0 0
1620 2 0 0 0 0
1630 2 0 0 0 0
1640 0 2 0 0 1
1650 0 2 0 0 1
1660 0 2 0 0 1
1670 0 2 3 0 1
1680 0 2 3 0 1
1690 0 2 0 0 1
1700 0 2 0 0 1
1710 0 2 0 0 1
1720 0 0 0 0 1
1730 0 2 0 0 1
1740 0 2 0 0 1
1750 0 2 0 0 1
1760 0 2 2 0 1
1770 0 2 2 0 1
1780 0 2 2 0 1
1790 0 0 3 0 0
1800 0 0 3 0 0
1810 0 0 0 0 1
1820 0 0 3 0 1
1830 0 0 3 0 1
1840 0 0 3 0 1
1850 0 0 3 0 1
1860 0 0 3 0 1
1870 0 0 3 0 1
1880 0 0 3 0 1
1890 0 0 3 0 1
1900 0 0 3 0 1
1910 0 0 3 0 1
1920 0 0 3 0 1
1930 0 0 3 0 1
1940 0 0 3 0 1
1950 0 0 3 0 1
1960 0 0 3 0 1
1970 0 0 3 0 1
1980 0 0 3 0 1
1990 0 0 3 0 1
2000 0 0 2 0 0
2010 0 0 2 0 0
2020 2 0 3 0 1
2030 2 0 0 0 0
2040 2 0 0 0 0
2050 0 0 0 0 0
2060 0 0 0 0 0
2070 0 0 0 0 0
2080 0 0 0 0 0
2090 0 0 0 0 0
2100 0 0 0 0 0
2110 0 0 0 0 0
2120 0 0 0 0 0
2130 0 0 0 0 0
2140 0 0 0 0 0
2150 0 0 3 0 0
2160 0 0 3 0 0
2170 0 0 0 0 0
2180 0 0 0 0 0
2190 0 0 0 0 0
2200 0 0 0 0 0
2210 0 0 0 0 0
2220 0 0 0 0 0
2230 0 0 0 0 0
2240 0 0 0 0 0
2250 0 0 0 0 0
2260 0 0 0 0 0
2270 0 0 0 0 0
2280 0 0 0 0 0
2290 0 0 0 0 0
2300 2 0 0 0 0
2310 2 0 0 0 0
2320 0 0 0 0 1
2330 0 0 0 0 2
2340 0 0 0 0 2
2350 0 0 0 0 0
2360 0 0 0 0 0
2370 0 0 0 0 0
2380 0 0 0 0 2
2390 0 0 0 0 0
2400 0 0 0 0 1
2410 0 0 0 0 1
2420 2 0 3 0 0
2430 2 0 0 3 0
2440 2 0 0 3 0
2450 2 0 0 0 0
2460 0 0 0 0 1
2470 0 0 0 0 1
2480 2 0 0 0 0
2490 2 0 0 0 1
2500 2 0 0 0 2
2510 2 0 0 0 2
2520 2 0 0 0 2
2530 2 0 0 0 0
2540 2 0 0 0 1
2550 2 0 0 0 2
2560 2 0 0 0 2
2570 2 0 0 0 1
2580 0 0 0 0 2
2590 0 0 0 0 2
2600 2 0 0 0 0
2610 2 0 0 0 1
2620 2 0 0 0 1
2630 0 0 0 0 0
2640 0 0 0 0 1
2650 0 0 0 0 1
2660 0 0 2 0 0
2670 0 0 2 0 0
2680 0 0 2 0 0
2690 0 0 2 0 0
2700 0 0 2 0 0
2710 0 0 2 0 0
2720 0 0 3 0 0
2730 0 0 3 0 1
2740 0 0 3 0 1
2750 0 0 3 0 1
2760 0 0 0 0 1
2770 0 0 0 0 2
2780 0 0 2 0 2
2790 0 0 3 0 2
2800 0 0 3 0 0
2810 0 0 3 0 1
2820 0 0 2 0 1
2830 0 0 2 0 1
2840 0 0 3 0 1
2850 0 0 3 0 1
2860 0 0 3 0 1
2870 0 0 3 0 1
2880 0 0 3 0 1
2890 0 0 3 0 1
2900 0 0 3 0 1
2910 0 0 3 0 1
2920 0 0 3 0 2
2930 0 0 2 0 2
2940 0 0 2 0 2
2950 0 0 0 0 0
2960 0 0 0 0 0
2970 0 0 0 0 0
2980 0 0 0 0 0
2990 0 0 0 0 0
3000 0 0 0 0 0
3010 0 0 0 0 0
3020 0 0 0 0 0
3030 0 0 0 0 0
3040 0 0 0 0 0
3050 0 0 0 0 0
3060 0 0 3 0 0
3070 0 0 0 0 0
3080 0 0 0 0 0
3090 0 0 0 0 0
3100 0 0 0 0 0
3110 0 0 0 0 0
3120 0 0 0 0 0
3130 0 0 0 0 0
