46 3 0 3 0 0
61 3 0 3 0 0
76 3 0 3 0 0
91 3 0 2 0 0
106 3 0 3 0 0
111 3 0 3 0 0
114 3 0 3 0 0
129 3 0 3 0 0
144 3 0 3 0 0
159 0 3 3 0 0
174 0 0 2 0 0
189 0 0 0 3 0
204 0 0 0 3 0
219 0 0 0 0 0
234 0 0 0 0 0
249 0 0 0 0 0
264 0 0 0 3 0
279 0 2 0 0 0
294 0 2 0 0 0
309 0 2 3 0 0
324 0 0 2 0 0
339 0 0 0 0 0
354 0 0 0 0 0
369 0 2 0 0 0
384 0 2 0 0 0
399 0 2 2 0 0
414 0 2 2 0 0
425 0 2 2 0 0
428 0 2 2 0 0
443 2 0 0 0 0
458 2 0 0 0 0
473 0 0 0 2 0
488 0 0 0 0 0
503 0 0 0 0 0
518 0 0 0 0 0
533 0 0 0 0 0
548 0 0 0 0 0
563 0 0 0 0 0
578 0 0 0 0 0
593 0 0 0 0 0
604 0 0 0 0 0
607 0 0 0 0 0
622 0 0 0 0 0
637 0 0 0 0 0
652 0 0 0 0 0
667 0 0 0 0 0
682 0 0 0 0 0
697 0 0 0 0 0
712 0 2 0 0 0
727 0 2 0 0 2
742 0 2 2 0 2
757 0 0 2 0 2
772 0 0 3 0 2
787 0 2 0 0 0
802 0 2 3 0 0
817 0 2 0 0 0
832 0 2 0 0 0
847 0 2 3 0 0
862 0 2 0 0 0
877 0 2 0 0 0
892 0 2 0 0 0
907 0 2 0 0 2
922 0 2 2 0 2
934 0 2 2 0 2
937 0 2 2 0 2
952 0 2 2 0 2
967 2 0 2 0 2
976 2 0 2 0 2
979 2 0 2 0 2
994 0 0 2 0 2
1009 0 0 0 0 2
1024 0 0 2 0 2
1039 0 0 2 0 2
1054 3 0 3 0 2
1069 0 0 3 0 2
1084 0 0 2 0 2
1099 0 0 2 0 2
1114 0 0 2 0 2
1120 3 0 2 0 2
1123 3 0 2 0 2
1138 3 0 2 0 2
1153 3 0 2 0 2
1168 0 3 2 0 2
1186 0 0 2 0 2
1189 2 0 2 0 2
1204 3 0 2 0 2
1219 2 0 2 0 2
1234 2 0 2 0 2
1249 0 2 2 0 2
1264 2 0 2 0 2
1279 2 0 2 0 2
1294 2 0 2 0 2
1309 2 0 2 0 2
1324 2 0 2 0 2
1339 0 2 2 0 2
1354 0 2 2 0 2
1369 0 2 2 0 2
1384 0 2 2 0 2
1399 0 2 2 0 2
1414 0 2 2 0 2
1429 0 2 2 0 2
1444 0 3 3 0 2
1459 0 0 0 0 2
1474 0 0 2 0 2
1489 0 3 2 0 2
1504 0 2 2 0 2
1519 0 3 2 0 2
1534 0 2 0 0 2
1549 0 2 2 0 2
1564 0 2 2 0 2
1579 0 2 2 0 2
1594 0 2 2 0 2
1597 0 2 2 0 2
1612 0 2 0 0 2
1627 0 0 3 0 2
1642 0 0 2 0 2
1657 0 0 2 0 2
1667 0 0 3 0 2
1670 0 0 3 0 2
1685 0 2 3 0 2
1700 0 0 2 0 2
1708 0 0 2 0 2
1711 0 0 3 0 2
1726 0 0 2 0 2
1741 2 0 2 0 2
1756 3 0 3 0 2
1761 2 0 2 0 2
1764 0 0 2 0 2
1779 0 0 2 0 2
1794 0 2 2 0 2
1809 0 2 3 0 2
1824 0 2 0 0 2
1839 2 0 3 0 2
1854 0 2 0 0 2
1869 0 2 0 0 2
1884 0 2 3 0 2
1899 0 2 2 0 2
1914 0 2 2 0 2
1929 0 2 2 0 2
1944 0 2 3 0 2
1959 2 0 0 0 2
1974 0 2 0 0 2
1989 0 2 3 0 2
2004 0 2 3 0 2
2019 0 2 3 0 2
2034 2 0 0 0 2
2049 0 0 0 0 2
2066 0 0 2 0 2
2069 2 0 2 0 2
2084 0 0 3 0 2
2099 0 0 3 0 2
2114 0 0 2 0 2
2129 0 2 2 0 2
2144 0 2 2 0 2
2151 0 0 0 2 2
2154 2 0 2 0 2
2169 2 0 2 0 2
2184 2 0 0 0 2
2199 2 0 0 0 2
2214 0 0 2 0 2
2232 2 0 2 0 2
2235 2 0 2 0 2
2250 2 0 2 0 2
2265 2 0 2 0 2
2280 2 0 2 0 2
2295 2 0 2 0 2
2301 2 0 2 0 2
2304 0 0 2 0 2
2319 0 0 2 0 2
2334 0 0 3 0 2
2349 0 0 2 0 2
2364 0 0 0 0 2
2379 0 0 2 0 2
2394 0 0 2 0 2
2406 0 0 2 0 2
2409 0 0 2 0 2
2424 2 0 2 0 2
2439 2 0 2 0 2
2454 2 0 2 0 2
2469 2 0 0 0 2
2485 0 0 3 0 2
2488 0 0 0 0 2
2503 0 2 3 0 2
2518 0 0 0 0 2
2533 0 0 0 0 2
2548 0 0 3 0 2
2563 0 0 0 0 2
2578 0 2 0 0 2
2593 0 0 0 0 2
2608 0 0 0 0 2
2623 0 0 0 0 2
2638 0 0 0 0 2
2653 0 0 0 0 2
2668 0 0 0 0 2
2683 0 0 0 0 2
2698 0 0 0 0 2
2713 0 0 0 0 2
2728 0 0 0 0 2
2743 0 0 0 0 2
2758 0 0 0 0 2
2773 0 0 0 0 2
2788 0 2 2 0 2
2803 0 2 0 0 2
2818 0 2 2 0 2
2833 0 0 0 0 2
2848 2 0 2 0 2
2863 0 3 2 0 2
2878 0 0 2 0 2
2893 0 0 0 0 2
2908 0 0 3 0 2
2923 0 0 3 0 2
2938 0 0 2 0 2
2953 0 0 0 0 2
2968 0 0 0 0 2
2983 2 0 3 0 2
2998 0 0 0 0 2
3013 2 0 3 0 2
3028 0 0 2 0 2
3047 0 0 0 0 2
3050 0 0 3 0 2
3065 0 2 3 0 2
3080 0 0 3 0 2
3095 0 0 0 0 2
3110 0 0 3 0 2
3125 0 0 3 0 2
3140 0 0 0 0 2
3155 0 0 3 0 2
3170 0 0 2 0 2
3185 0 0 2 0 2
3200 0 0 2 0 2
3215 0 0 0 2 2
3226 0 0 2 0 2
3229 0 0 0 2 2
3244 0 0 0 2 2
3259 0 0 0 2 2
3274 0 0 2 0 2
3289 0 0 2 0 2
3306 0 0 2 0 2
3309 0 0 2 0 2
3324 0 0 2 0 2
3339 0 0 2 0 2
3354 0 0 0 0 2
3369 0 0 0 0 2
3384 0 0 0 0 2
3399 0 0 0 0 2
3414 0 0 0 0 2
3429 0 0 3 0 2
3444 0 0 3 0 2
3459 0 0 0 2 2
3472 0 0 0 0 2
3475 0 0 0 0 2
3490 0 0 0 0 2
3505 0 0 2 0 2
3520 0 0 0 0 2
3535 0 0 0 0 2
3550 0 0 0 0 2
3565 0 0 0 0 2
3580 0 0 0 0 2
3595 0 0 0 0 2
3612 0 0 0 0 2
3615 0 0 0 0 2
3630 0 0 0 0 2
3645 0 0 2 0 2
3657 0 0 0 0 2
3660 0 0 3 0 2
3675 0 0 3 0 2
3690 2 0 0 0 2
3705 2 0 2 0 2
3720 2 0 2 0 2
3735 2 0 0 0 2
3748 2 0 0 2 2
3751 2 0 0 3 2
3766 0 2 0 2 2
3781 0 0 0 3 2
3796 0 0 0 3 2
3811 0 0 0 3 2
3826 0 0 0 3 2
3841 0 0 3 0 2
3856 0 0 0 0 2
3861 0 0 0 0 2
3864 0 0 3 0 2
3879 0 0 3 0 2
3894 0 0 0 0 2
3900 0 0 0 0 2
3903 0 2 2 0 2
3918 0 0 0 2 2
3933 0 0 2 0 2
3948 0 3 2 0 2
3963 0 0 2 0 2
3978 0 0 2 0 2
3993 0 3 2 0 2
4008 0 3 2 0 2
4024 0 3 2 0 2
4027 0 3 2 0 2
4042 0 3 2 0 2
4057 0 0 0 3 2
4072 0 0 0 0 0
4087 0 0 3 0 2
4102 0 0 3 0 2
4117 0 0 3 0 2
4132 0 0 3 0 2
4147 0 0 3 0 2
4162 0 0 3 0 2
4177 0 0 3 0 2
4192 0 0 0 0 2
4207 0 0 0 0 2
4222 0 0 0 0 2
4237 0 0 0 0 2
4252 0 0 0 0 2
4267 0 0 0 0 2
4282 0 0 0 0 2
4297 0 0 0 0 2
4312 0 0 0 0 2
4327 0 0 0 0 2
4342 0 0 0 0 2
4357 0 0 0 0 2
4372 0 0 0 0 2
4387 0 0 0 0 2
4402 0 0 0 0 2
4417 0 0 0 0 2
4432 0 0 0 0 2
4447 0 0 0 0 2
4462 0 3 0 0 2
4477 0 3 0 0 2
4492 0 3 0 0 2
4507 0 0 0 0 2
4522 0 0 0 0 2
4537 0 0 0 0 2
4552 0 0 0 0 2
4567 0 0 0 0 2
4582 0 0 0 0 2
4597 0 0 0 0 0
4612 0 0 0 0 0
4627 0 0 0 0 0
4642 0 0 3 0 0
4649 0 0 3 0 0
