46 3 0 3 0 0
61 3 0 3 0 0
76 3 0 3 0 0
91 3 0 2 0 0
106 3 0 3 0 0
111 3 0 3 0 0
114 3 0 3 0 0
129 3 0 3 0 0
144 3 0 3 0 0
159 3 0 3 0 0
174 0 0 2 0 1
189 0 0 3 0 0
204 0 0 3 0 0
219 0 0 0 0 0
234 0 0 0 0 0
249 0 0 0 0 0
264 0 0 0 0 0
279 2 0 0 0 0
294 2 0 0 0 0
309 0 2 3 0 0
324 0 0 0 0 0
339 0 0 0 0 0
354 0 0 0 0 0
369 0 2 0 0 0
384 0 2 0 0 0
399 2 0 2 0 0
414 2 0 2 0 0
425 2 0 2 0 0
428 2 0 2 0 0
443 2 0 0 0 0
458 2 0 0 0 0
473 0 0 2 0 0
488 0 0 0 0 0
503 0 0 0 0 0
518 0 0 0 0 0
533 0 0 0 0 0
548 0 0 0 0 0
563 0 0 0 0 0
578 0 0 0 0 0
593 0 0 0 0 0
604 0 0 0 0 0
607 0 0 0 0 0
622 0 0 0 0 0
637 0 0 0 0 0
652 0 0 0 0 0
667 0 0 0 0 0
682 0 0 0 0 0
697 0 2 0 0 1
712 2 0 0 0 1
727 0 2 0 0 2
742 0 2 2 0 2
757 2 0 2 0 2
772 0 2 3 0 0
787 0 2 0 0 1
802 2 0 0 0 1
817 2 0 0 0 2
832 2 0 0 0 1
847 2 0 3 0 1
862 2 0 0 0 1
877 2 0 0 0 1
892 2 0 0 0 1
907 2 0 0 0 2
922 2 0 2 0 2
934 2 0 2 0 2
937 2 0 2 0 2
952 2 0 2 0 2
967 2 0 2 0 2
976 2 0 2 0 2
979 2 0 2 0 2
994 0 0 2 0 2
1009 0 0 0 0 2
1024 0 0 2 0 2
1039 0 0 2 0 2
1054 0 0 3 0 2
1069 2 0 3 0 2
1084 2 0 2 0 2
1099 2 0 2 0 0
1114 2 0 2 0 2
1120 2 0 2 0 2
1123 2 0 2 0 2
1138 2 0 2 0 2
1153 2 0 2 0 0
1168 2 0 2 0 1
1186 2 0 2 0 0
1189 2 0 2 0 1
1204 2 0 2 0 0
1219 2 0 2 0 0
1234 2 0 2 0 1
1249 2 0 2 0 0
1264 2 0 2 0 1
1279 2 0 2 0 0
1294 2 0 2 0 1
1309 2 0 2 0 2
1324 2 0 2 0 2
1339 2 0 2 0 2
1354 2 0 2 0 2
1369 2 0 2 0 2
1384 2 0 2 0 0
1399 2 0 2 0 1
1414 2 0 2 0 1
1429 0 2 2 0 2
1444 0 3 2 0 0
1459 0 2 2 0 0
1474 0 0 2 0 2
1489 0 2 2 0 0
1504 0 2 2 0 2
1519 0 2 0 0 0
1534 0 2 0 0 1
1549 0 2 2 0 2
1564 0 2 2 0 2
1579 0 2 2 0 0
1594 0 2 2 0 1
1597 0 2 2 0 2
1612 0 2 0 0 0
1627 2 0 2 0 1
1642 0 0 2 0 2
1657 0 0 2 0 2
1667 0 0 2 0 2
1670 2 0 3 0 2
1685 2 0 3 0 1
1700 0 0 2 0 2
1708 0 0 2 0 1
1711 0 0 2 0 2
1726 0 0 2 0 2
1741 2 0 2 0 1
1756 3 0 3 0 0
1761 2 0 2 0 1
1764 0 0 2 0 0
1779 0 0 2 0 0
1794 0 2 2 0 0
1809 0 2 2 0 0
1824 0 2 0 0 1
1839 2 0 0 0 1
1854 0 2 0 0 1
1869 2 0 0 0 1
1884 2 0 0 0 1
1899 2 0 2 0 1
1914 2 0 2 0 0
1929 2 0 2 0 1
1944 2 0 3 0 1
1959 2 0 0 0 1
1974 2 0 0 0 2
1989 2 0 0 0 0
2004 2 0 0 0 1
2019 2 0 0 0 1
2034 2 0 0 0 1
2049 2 0 0 0 0
2066 0 0 2 0 1
2069 2 0 2 0 2
2084 0 0 2 0 0
2099 0 0 2 0 0
2114 0 0 2 0 1
2129 2 0 2 0 2
2144 2 0 2 0 2
2151 0 0 2 0 0
2154 2 0 2 0 0
2169 2 0 2 0 0
2184 2 0 0 0 0
2199 2 0 2 0 0
2214 0 0 2 0 0
2232 2 0 2 0 0
2235 2 0 2 0 0
2250 2 0 2 0 1
2265 2 0 2 0 0
2280 2 0 2 0 0
2295 2 0 2 0 0
2301 2 0 2 0 0
2304 0 0 2 0 0
2319 0 0 2 0 0
2334 0 0 3 0 0
2349 0 0 2 0 2
2364 0 0 0 0 0
2379 0 0 2 0 1
2394 0 0 2 0 1
2406 0 0 2 0 0
2409 0 0 2 0 0
2424 2 0 2 0 0
2439 2 0 2 0 0
2454 2 0 2 0 0
2469 2 0 0 0 0
2485 0 0 0 0 0
2488 0 0 0 0 0
2503 2 0 3 0 0
2518 0 0 0 0 0
2533 0 0 0 0 0
2548 0 0 3 0 1
2563 0 0 0 0 0
2578 0 0 0 0 0
2593 0 0 0 0 2
2608 2 0 0 0 0
2623 0 0 0 0 1
2638 0 0 0 0 1
2653 0 0 0 0 1
2668 0 0 0 0 1
2683 0 0 0 0 2
2698 0 0 0 0 2
2713 0 0 0 0 2
2728 0 0 0 0 0
2743 0 0 0 0 1
2758 0 0 0 0 1
2773 0 0 0 0 1
2788 0 0 0 0 0
2803 0 0 0 0 0
2818 2 0 2 0 1
2833 2 0 2 0 1
2848 2 0 2 0 0
2863 3 0 2 0 0
2878 0 0 2 0 1
2893 0 0 0 0 0
2908 0 0 0 0 0
2923 0 0 3 0 0
2938 0 0 2 0 2
2953 0 0 2 0 0
2968 0 0 0 0 2
2983 2 0 0 0 0
2998 2 0 0 0 0
3013 0 0 2 0 1
3028 0 0 2 0 1
3047 0 0 2 0 0
3050 2 0 3 0 0
3065 0 2 3 0 0
3080 0 0 3 0 1
3095 0 0 0 0 0
3110 0 0 3 0 1
3125 0 0 3 0 0
3140 0 0 0 0 0
3155 0 0 3 0 2
3170 0 0 2 0 2
3185 0 0 2 0 2
3200 0 0 2 0 2
3215 0 0 2 0 2
3226 0 0 2 0 2
3229 0 0 2 0 0
3244 0 0 2 0 0
3259 0 0 2 0 0
3274 0 0 2 0 0
3289 0 0 2 0 0
3306 0 0 2 0 0
3309 0 0 2 0 0
3324 0 0 2 0 0
3339 0 0 2 0 0
3354 0 0 0 0 0
3369 0 0 0 0 1
3384 0 0 0 0 1
3399 0 0 0 0 2
3414 0 0 2 0 2
3429 0 0 2 0 2
3444 0 0 3 0 0
3459 0 0 2 0 2
3472 0 0 0 0 1
3475 0 0 2 0 2
3490 0 0 0 0 2
3505 0 0 2 0 2
3520 2 0 2 0 2
3535 2 0 0 0 2
3550 0 0 0 0 2
3565 2 0 0 0 1
3580 2 0 0 0 2
3595 2 0 0 0 2
3612 2 0 0 0 1
3615 2 0 2 0 2
3630 2 0 2 0 2
3645 0 0 2 0 2
3657 0 0 0 0 2
3660 0 0 3 0 0
3675 2 0 3 0 2
3690 2 0 0 0 0
3705 2 0 2 0 0
3720 2 0 2 0 0
3735 2 0 0 0 0
3748 2 0 2 0 0
3751 2 0 3 0 0
3766 0 2 2 0 2
3781 2 0 3 0 2
3796 2 0 3 0 2
3811 2 0 3 0 2
3826 2 0 3 0 2
3841 2 0 2 0 2
3856 2 0 2 0 0
3861 2 0 2 0 0
3864 2 0 2 0 2
3879 0 0 2 0 2
3894 2 0 0 0 0
3900 2 0 2 0 0
3903 0 0 2 0 0
3918 0 0 2 0 0
3933 0 0 2 0 1
3948 3 0 2 0 0
3963 0 0 2 0 0
3978 0 0 2 0 0
3993 0 3 2 0 0
4008 0 3 2 0 0
4024 0 3 2 0 0
4027 0 3 2 0 0
4042 3 0 2 0 0
4057 0 0 3 0 0
4072 0 0 0 0 1
4087 0 0 3 0 2
4102 0 0 3 0 2
4117 0 0 3 0 0
4132 0 0 3 0 1
4147 0 0 3 0 1
4162 0 0 0 0 2
4177 0 0 0 0 2
4192 0 0 0 0 2
4207 0 0 0 0 2
4222 2 0 2 0 0
4237 2 0 2 0 0
4252 0 0 2 0 0
4267 2 0 2 0 0
4282 0 0 2 0 0
4297 0 0 2 0 0
4312 0 0 2 0 0
4327 0 0 2 0 0
4342 0 0 2 0 1
4357 0 0 2 0 2
4372 2 0 0 0 2
4387 0 0 2 0 2
4402 0 0 2 0 2
4417 0 0 2 0 0
4432 0 0 2 0 1
4447 0 0 2 0 1
4462 0 3 0 0 2
4477 0 3 0 0 2
4492 0 3 0 0 2
4507 0 0 0 0 0
4522 0 0 0 0 0
4537 0 0 0 0 1
4552 0 0 0 0 1
4567 0 0 0 0 1
4582 0 0 0 0 1
4597 0 0 0 0 2
4612 0 0 0 0 1
4627 0 0 0 0 1
4642 0 0 3 0 0
4649 0 0 3 0 0
