1 0 0 0 2 0
16 0 0 0 2 0
31 0 0 2 0 0
44 0 0 2 0 0
47 0 0 2 0 0
62 0 0 2 0 0
77 0 0 2 0 0
92 0 0 2 0 0
101 0 0 2 0 0
104 0 0 2 0 0
116 0 0 0 2 0
126 0 0 0 2 0
129 0 0 2 0 0
144 0 0 0 2 0
159 0 0 0 2 0
174 0 0 2 0 1
189 0 0 0 2 0
204 0 0 2 0 0
219 0 0 0 2 0
234 0 0 0 2 0
249 0 0 2 0 0
264 0 0 2 0 1
279 0 0 0 2 0
294 0 0 2 0 1
309 0 0 0 2 0
324 0 0 0 2 0
339 0 0 2 0 0
354 0 0 2 0 0
369 2 0 2 0 0
384 0 2 2 0 0
399 0 0 0 2 0
414 0 0 0 2 0
429 0 0 2 0 0
444 0 2 0 2 0
459 0 0 0 2 0
474 0 0 0 2 0
489 0 0 2 0 1
504 0 2 2 0 0
519 0 0 2 0 0
534 2 0 2 0 0
549 2 0 3 0 0
564 2 0 3 0 0
579 0 2 3 0 0
594 2 0 3 0 0
609 2 0 3 0 0
624 2 0 2 0 0
639 2 0 3 0 0
654 2 0 3 0 0
669 0 0 2 0 0
684 2 0 3 0 0
694 2 0 3 0 0
697 2 0 3 0 0
712 0 0 2 0 1
727 2 0 2 0 1
742 2 0 0 0 0
757 2 0 0 0 0
772 2 0 0 0 0
787 2 0 0 0 0
802 2 0 2 0 0
817 2 0 2 0 0
832 2 0 2 0 0
847 2 0 2 0 0
862 2 0 2 0 0
874 2 0 2 0 0
877 2 0 2 0 0
892 2 0 2 0 0
907 2 0 2 0 0
922 2 0 2 0 0
937 2 0 0 0 0
952 2 0 2 0 0
967 0 0 3 0 0
982 0 0 2 0 1
997 0 0 2 0 1
1013 0 0 3 0 0
1016 0 0 3 0 0
1031 0 0 2 0 1
1046 0 0 2 0 0
1061 0 0 2 0 0
1076 3 0 2 0 0
1091 3 0 2 0 0
1106 3 0 2 0 1
1121 2 0 2 0 1
1136 2 0 2 0 0
1151 2 0 2 0 0
1166 2 0 2 0 0
1181 2 0 2 0 0
1196 0 0 2 0 0
1211 0 0 2 0 0
1226 0 0 2 0 1
1241 0 0 2 0 1
1256 2 0 2 0 0
1271 0 0 2 0 1
1286 0 0 2 0 1
1301 0 0 2 0 1
1316 0 0 2 0 1
1331 2 0 3 0 1
1346 0 0 2 0 1
1361 0 0 2 0 1
1376 0 0 2 0 1
1391 0 0 2 0 1
1406 0 0 2 0 0
1415 0 0 2 0 1
1418 2 0 3 0 1
1433 2 0 3 0 1
1448 2 0 2 0 1
1463 2 0 3 0 0
1478 2 0 3 0 0
1493 2 0 2 0 0
1508 2 0 2 0 0
1523 2 0 0 2 0
1538 2 0 0 2 0
1553 2 0 0 2 0
1568 2 0 0 2 0
1583 2 0 0 2 0
1601 2 0 0 2 0
1604 2 0 0 2 0
1619 2 0 0 2 0
1634 2 0 0 2 0
1649 2 0 2 0 1
1664 2 0 3 0 1
1679 2 0 2 0 0
1694 3 0 3 0 0
1709 3 0 2 0 0
1720 3 0 3 0 0
1723 3 0 3 0 0
1738 0 0 2 0 1
1753 2 0 2 0 1
1768 2 0 2 0 0
1783 0 0 2 0 1
1797 0 0 2 0 1
1800 3 0 2 0 1
1815 2 0 2 0 2
1830 2 0 2 0 0
1845 2 0 2 0 1
1860 0 0 2 0 1
1875 2 0 2 0 2
1890 0 0 2 0 1
1905 0 0 2 0 1
1920 0 0 2 0 1
1935 0 0 2 0 0
1950 3 0 2 0 1
1965 2 0 3 0 0
1980 3 0 2 0 1
1995 2 0 3 0 0
2010 3 0 2 0 1
2025 3 0 2 0 1
2040 2 0 2 0 0
2055 2 0 3 0 0
2070 2 0 3 0 1
2085 2 0 3 0 0
2100 2 0 3 0 0
2115 2 0 2 0 2
2130 2 0 2 0 2
2145 2 0 3 0 0
2160 3 0 2 0 1
2175 2 0 3 0 1
2184 3 0 2 0 1
2187 2 0 3 0 0
2202 2 0 3 0 1
2217 2 0 2 0 2
2232 2 0 0 3 0
2247 2 0 2 0 2
2262 0 2 2 0 0
2277 0 2 2 0 0
2292 0 2 2 0 0
2307 0 2 2 0 0
2324 0 2 2 0 0
2327 0 2 2 0 0
2342 0 2 2 0 0
2357 2 0 0 0 0
2372 2 0 2 0 1
2387 2 0 0 0 0
2402 3 0 0 0 0
2417 3 0 3 0 0
2427 3 0 2 0 0
2430 0 3 2 0 1
2445 0 0 2 0 0
2460 0 0 2 0 0
2475 0 2 2 0 1
2490 0 2 2 0 0
2505 0 0 2 0 0
2520 3 0 3 0 0
2535 0 3 3 0 0
2550 3 0 3 0 0
2562 3 0 3 0 0
2565 3 0 3 0 0
2580 3 0 3 0 0
2595 2 0 0 3 0
2610 3 0 0 2 0
2625 2 0 2 0 2
2640 2 0 2 0 1
2655 2 0 2 0 1
2670 2 0 2 0 0
2685 0 0 2 0 0
2700 2 0 2 0 2
2715 0 0 2 0 0
2730 0 2 2 0 0
2745 0 0 2 0 1
2760 0 0 2 0 1
2775 0 0 2 0 0
2790 0 0 2 0 1
2805 0 0 2 0 1
2820 2 0 3 0 0
2835 2 0 3 0 1
2850 2 0 3 0 1
2858 2 0 3 0 1
2861 2 0 3 0 1
2876 2 0 3 0 0
2891 0 3 2 0 1
2906 2 0 3 0 1
2921 2 0 3 0 0
2936 0 3 2 0 1
2951 2 0 3 0 1
2966 2 0 0 3 1
2981 2 0 2 0 2
2996 2 0 2 0 0
3011 2 0 2 0 0
3026 2 0 2 0 0
3041 2 0 2 0 0
3056 2 0 2 0 0
3067 2 0 2 0 0
3070 2 0 2 0 0
3085 2 0 2 0 0
3100 2 0 0 2 0
3115 0 0 0 2 0
3130 0 0 3 0 0
3145 2 0 2 0 1
3160 0 0 0 2 0
3175 3 0 0 2 0
3190 0 2 2 0 1
3205 2 0 2 0 0
3220 2 0 2 0 0
3235 2 0 2 0 0
3250 2 0 2 0 0
3255 2 0 2 0 0
