2 0 0 2 0 0
14 0 0 0 2 0
28 0 0 0 2 0
31 0 0 0 2 0
46 0 0 2 0 0
61 0 0 2 0 0
76 0 0 2 0 0
91 0 0 3 0 0
106 0 0 3 0 0
121 0 0 3 0 0
139 0 2 2 0 0
142 0 2 2 0 0
157 0 0 0 3 0
172 0 2 0 0 0
187 0 2 3 0 0
202 0 2 0 3 0
217 0 0 0 3 0
232 0 0 0 0 0
247 0 0 0 3 0
255 0 0 3 0 0
258 0 0 3 0 0
273 0 3 0 2 0
288 0 0 2 0 1
303 2 0 2 0 2
311 0 2 2 0 0
314 0 0 2 0 1
329 0 2 2 0 1
344 0 2 2 0 1
359 0 2 2 0 0
374 0 0 2 0 0
389 0 0 2 0 0
404 0 0 2 0 0
419 0 0 2 0 1
434 0 0 2 0 1
449 0 0 2 0 1
456 0 0 2 0 1
459 0 0 2 0 0
474 2 0 0 0 0
489 2 0 3 0 1
504 2 0 2 0 0
519 2 0 2 0 0
534 2 0 2 0 0
549 2 0 2 0 0
564 2 0 2 0 0
581 2 0 2 0 0
584 2 0 2 0 0
599 2 0 2 0 0
614 2 0 3 0 1
629 2 0 0 2 0
644 3 0 0 2 0
659 3 0 0 3 0
674 2 0 0 3 0
689 2 0 0 2 0
708 2 0 0 0 1
711 2 0 2 0 2
726 3 0 2 0 1
741 3 0 2 0 0
756 2 0 2 0 0
771 3 0 2 0 1
786 3 0 2 0 0
801 3 0 2 0 0
816 3 0 2 0 0
831 2 0 2 0 0
841 3 0 2 0 0
844 2 0 2 0 0
859 2 0 2 0 0
874 2 0 2 0 0
889 2 0 2 0 0
904 3 0 2 0 1
919 3 0 2 0 0
934 3 0 2 0 1
949 3 0 2 0 0
964 3 0 2 0 1
979 3 0 2 0 1
994 3 0 2 0 1
1009 0 0 2 0 1
1024 0 0 2 0 1
1039 0 2 0 0 0
1054 0 0 2 0 0
1071 0 0 2 0 1
1074 0 0 2 0 0
1089 0 0 2 0 0
1104 2 0 3 0 0
1119 2 0 3 0 0
1134 2 0 2 0 0
1149 2 0 2 0 0
1164 2 0 2 0 0
1179 2 0 2 0 0
1197 2 0 2 0 0
1200 2 0 2 0 0
1215 2 0 2 0 0
1230 2 0 2 0 0
1245 2 0 0 0 1
1260 2 0 0 0 1
1275 3 0 0 3 0
1290 3 0 0 2 0
1305 3 0 0 3 0
1320 3 0 0 2 0
1323 3 0 3 0 0
1338 3 0 2 0 0
1353 3 0 2 0 0
1368 3 0 0 2 0
1383 3 0 2 0 0
1398 2 0 2 0 2
1409 2 0 2 0 0
1412 2 0 2 0 2
1427 3 0 2 0 1
1442 2 0 2 0 2
1457 3 0 0 2 0
1472 3 0 2 0 1
1487 3 0 2 0 0
1502 3 0 2 0 0
1517 3 0 2 0 0
1532 3 0 2 0 1
1547 0 2 0 0 0
1562 0 3 2 0 1
1577 0 3 2 0 1
1592 0 3 2 0 1
1600 3 0 2 0 1
1603 3 0 2 0 1
1618 2 0 2 0 0
1633 2 0 2 0 0
1648 2 0 2 0 0
1663 2 0 2 0 0
1678 2 0 2 0 0
1693 2 0 2 0 0
1700 2 0 2 0 0
1703 2 0 2 0 0
1718 2 0 2 0 0
1733 2 0 3 0 0
1748 2 0 0 3 1
1763 3 0 0 2 0
1773 2 0 3 0 0
1776 3 0 3 0 0
1791 0 3 2 0 0
1806 0 2 2 0 0
1821 3 0 2 0 0
1836 3 0 2 0 1
1851 2 0 2 0 2
1866 2 0 2 0 2
1874 2 0 2 0 2
1877 2 0 2 0 2
1892 2 0 2 0 2
1907 0 2 2 0 1
1922 3 0 2 0 1
1937 3 0 2 0 0
1952 3 0 2 0 0
1967 3 0 2 0 0
1982 3 0 2 0 0
1997 3 0 2 0 0
2012 0 0 2 0 0
2027 0 0 0 2 0
2042 0 0 2 0 1
2048 0 0 2 0 1
2051 0 0 2 0 1
2066 2 0 0 3 0
2081 2 0 3 0 0
2096 2 0 0 2 0
2111 2 0 0 2 0
2126 2 0 0 2 0
2141 2 0 0 2 0
2156 2 0 0 2 0
2171 2 0 0 2 0
2186 2 0 0 2 0
2201 2 0 2 0 0
2216 2 0 0 2 0
2231 2 0 0 3 0
2248 2 0 0 3 0
2251 2 0 0 3 0
2266 0 0 0 2 0
2281 0 0 2 0 0
2296 0 0 2 0 0
2311 0 0 2 0 0
2326 0 2 2 0 0
2341 0 0 2 0 0
2356 2 0 2 0 0
2371 2 0 3 0 0
2386 2 0 2 0 0
2401 2 0 0 0 0
2416 2 0 0 0 0
2431 2 0 0 0 0
2448 2 0 0 0 0
