24 3 0 0 2 0
36 0 0 0 2 0
48 0 0 0 2 0
54 0 0 0 2 0
57 0 0 2 0 0
72 0 0 2 0 0
87 0 0 2 0 0
102 0 0 2 0 0
117 0 2 2 0 1
132 0 2 2 0 2
137 2 0 2 0 2
140 2 0 2 0 2
155 2 0 3 0 2
170 2 0 2 0 2
185 2 0 2 0 2
200 2 0 2 0 2
212 2 0 2 0 2
215 2 0 2 0 2
230 3 0 2 0 2
245 0 0 2 0 2
260 0 0 2 0 2
275 0 0 2 0 2
290 0 0 2 0 2
297 0 3 0 0 2
300 0 0 0 0 2
315 0 0 2 0 2
330 0 0 2 0 2
345 0 0 2 0 2
360 0 0 2 0 2
375 0 0 2 0 2
389 0 0 2 0 2
392 0 0 2 0 2
407 2 0 2 0 2
422 3 0 2 0 2
437 0 0 0 0 2
452 0 0 0 0 0
467 0 0 0 0 0
482 0 0 0 0 0
490 0 0 0 0 0
493 0 0 0 0 0
508 0 0 0 0 0
523 0 0 2 0 0
538 2 0 0 3 0
553 2 0 0 2 0
568 2 0 2 0 1
571 2 0 0 0 1
586 3 0 2 0 2
601 0 0 2 0 2
616 3 0 2 0 2
631 3 0 2 0 2
646 3 0 2 0 2
661 3 0 2 0 2
674 3 0 2 0 2
677 3 0 2 0 2
692 3 0 2 0 2
707 3 0 2 0 2
722 3 0 2 0 2
737 3 0 2 0 2
752 3 0 2 0 2
767 0 0 2 0 2
782 0 0 2 0 2
797 0 0 2 0 2
812 0 0 2 0 2
827 0 0 2 0 2
842 0 2 2 0 2
856 0 0 2 0 2
859 0 0 2 0 2
874 0 0 2 0 2
889 0 0 2 0 0
904 2 0 2 0 1
919 2 0 2 0 1
934 2 0 3 0 1
949 2 0 3 0 0
964 2 0 3 0 0
979 2 0 3 0 0
994 2 0 3 0 0
1009 2 0 3 0 0
1024 2 0 3 0 0
1039 2 0 3 0 0
1054 2 0 3 0 0
1057 2 0 3 0 0
1072 2 0 3 0 0
1087 0 0 0 0 0
1102 2 0 0 0 0
1117 2 0 0 0 0
1132 2 0 0 2 1
1147 2 0 0 2 1
1158 0 0 2 0 1
1161 2 0 2 0 1
1176 3 0 2 0 2
1191 2 0 2 0 2
1206 2 0 2 0 2
1221 2 0 2 0 2
1236 2 0 0 0 2
1251 2 0 2 0 2
1266 2 0 2 0 2
1280 2 0 2 0 2
1283 2 0 2 0 2
1298 0 0 2 0 2
1313 3 0 2 0 2
1328 3 0 3 0 2
1343 3 0 0 0 2
1358 3 0 0 0 2
1361 3 0 0 0 2
1376 3 0 0 0 2
1391 3 0 2 0 2
1406 3 0 2 0 2
1421 3 0 2 0 2
1436 3 0 2 0 2
1451 0 2 2 0 2
1466 0 2 2 0 2
1481 2 0 2 0 2
1489 2 0 2 0 2
1492 2 0 2 0 2
1507 2 0 2 0 2
1522 2 0 0 3 0
1537 2 0 0 3 0
1552 2 0 0 3 0
1567 2 0 0 3 0
1586 2 0 0 3 0
1589 2 0 0 3 0
1604 2 0 0 3 0
1619 2 0 0 0 0
1634 3 0 0 2 1
1649 3 0 0 2 0
1664 2 0 0 0 0
1679 3 0 2 0 1
1682 2 0 3 0 1
1697 0 0 3 0 2
1712 3 0 2 0 2
1727 3 0 2 0 2
1742 3 0 2 0 2
1748 3 0 3 0 2
1751 3 0 3 0 2
1766 3 0 2 0 2
1781 3 0 2 0 2
1796 3 0 2 0 2
1811 3 0 2 0 2
1826 3 0 2 0 2
1841 3 0 2 0 2
1856 3 0 2 0 2
1871 3 0 2 0 2
1886 3 0 3 0 2
1901 3 0 2 0 2
1916 3 0 3 0 2
1931 3 0 2 0 2
1946 3 0 2 0 2
1961 3 0 2 0 2
1976 0 0 2 0 2
1991 0 0 2 0 2
2006 0 0 2 0 2
2021 3 0 2 0 2
2036 3 0 2 0 2
2051 3 0 2 0 2
2066 0 0 2 0 2
2081 3 0 2 0 2
2096 3 0 2 0 2
2111 0 0 2 0 2
2126 0 0 2 0 2
2141 2 0 2 0 2
2156 2 0 2 0 2
2171 2 0 2 0 2
2186 2 0 2 0 2
2189 2 0 2 0 2
2204 0 0 0 3 0
2219 0 0 0 3 0
2234 2 0 0 0 0
2249 2 0 0 0 0
2264 2 0 0 0 0
2269 2 0 0 0 0
2272 2 0 0 0 0
2287 2 0 0 0 0
2302 2 0 3 0 0
2317 2 0 0 2 0
2332 2 0 0 2 0
2347 0 0 2 0 0
2362 0 0 2 0 0
2377 0 0 2 0 0
2392 0 0 2 0 0
2407 0 0 2 0 0
2422 0 0 2 0 0
2437 0 0 2 0 0
2452 0 0 2 0 0
2467 0 0 2 0 0
2482 2 0 0 0 0
2497 3 0 0 0 0
2512 3 0 0 0 0
2527 3 0 0 0 0
2542 3 0 0 0 0
2548 3 0 0 0 0
