80 0 0 2 0 2
95 0 0 0 2 2
110 0 0 0 0 2
125 0 0 0 0 2
140 0 0 2 0 2
155 0 0 0 2 2
170 0 0 0 2 2
185 0 0 2 0 2
200 0 0 0 2 2
217 0 0 2 0 2
220 0 0 2 0 2
235 0 0 2 0 2
250 0 0 2 0 2
265 0 0 2 0 2
280 0 0 2 0 2
295 0 0 2 0 2
310 0 0 2 0 2
325 0 0 2 0 2
340 0 0 2 0 2
355 0 2 2 0 2
368 0 2 3 0 2
371 0 2 2 0 2
386 2 0 2 0 2
401 0 2 2 0 2
416 0 2 2 0 2
431 0 2 2 0 2
446 0 2 2 0 2
461 2 0 2 0 2
476 2 0 2 0 2
491 2 0 0 0 2
506 2 0 2 0 2
521 3 0 2 0 2
536 2 0 0 2 0
551 0 0 2 0 0
566 2 0 2 0 0
581 0 0 2 0 0
588 2 0 2 0 0
591 2 0 2 0 0
606 0 0 2 0 1
621 0 0 2 0 1
636 0 0 2 0 2
651 0 0 2 0 2
658 0 0 2 0 2
661 0 0 2 0 2
676 0 0 2 0 2
691 0 0 2 0 2
706 0 0 2 0 2
721 0 0 2 0 2
736 0 0 2 0 2
751 0 0 2 0 2
766 0 0 2 0 2
781 0 0 2 0 2
796 0 0 2 0 2
811 0 0 2 0 2
826 0 0 2 0 2
841 0 0 2 0 2
856 0 0 2 0 2
871 0 0 2 0 0
886 0 0 2 0 0
901 0 0 3 0 0
916 0 0 2 0 0
931 0 0 2 0 0
946 0 0 2 0 1
952 0 3 2 0 1
955 0 3 2 0 1
970 0 3 2 0 2
985 0 2 2 0 2
1000 0 3 2 0 2
1015 0 2 2 0 2
1030 0 2 2 0 2
1045 0 0 2 0 2
1060 2 0 2 0 2
1075 2 0 2 0 2
1090 2 0 2 0 0
1095 2 0 2 0 0
1098 0 0 3 0 1
1110 0 2 2 0 1
1122 0 0 2 0 1
1125 0 0 2 0 1
1140 0 0 2 0 1
1155 0 0 2 0 1
1170 0 0 3 0 2
1185 0 0 2 0 2
1200 0 0 2 0 2
1215 0 0 2 0 2
1230 0 0 2 0 2
1245 0 0 2 0 2
1260 0 0 2 0 2
1275 0 0 2 0 2
1290 0 0 2 0 2
1305 0 0 2 0 2
1320 0 0 2 0 2
1335 0 0 2 0 2
1350 0 0 2 0 2
1365 0 0 2 0 2
1380 0 0 2 0 2
1399 0 0 2 0 2
1402 0 0 2 0 2
1417 0 0 2 0 2
1432 3 0 2 0 2
1437 3 0 2 0 0
1440 0 2 2 0 0
1455 0 2 2 0 0
1470 2 0 2 0 0
1485 0 3 2 0 0
1500 0 2 2 0 0
1515 0 2 2 0 0
1530 0 2 2 0 0
1545 2 0 2 0 0
1560 2 0 2 0 0
1575 2 0 2 0 0
1590 2 0 2 0 0
1605 2 0 2 0 0
1620 2 0 2 0 0
1635 2 0 2 0 0
1650 2 0 2 0 0
1665 2 0 2 0 1
1680 2 0 2 0 1
1696 2 0 2 0 1
1699 2 0 2 0 1
1714 0 0 2 0 2
1729 0 0 2 0 2
1744 0 0 2 0 2
1759 0 0 3 0 2
1774 0 0 3 0 0
1781 0 0 2 0 0
1784 0 0 3 0 0
1799 0 0 0 0 0
1814 0 0 3 0 0
1829 0 0 2 0 0
1844 0 0 2 0 1
1859 0 0 2 0 2
1874 0 0 2 0 2
1889 0 0 2 0 2
1904 0 0 2 0 2
1919 0 0 2 0 0
1934 0 0 2 0 1
1949 0 0 2 0 1
1964 3 0 2 0 1
1979 3 0 2 0 1
1994 3 0 2 0 0
2009 0 0 2 0 1
2024 0 0 2 0 2
2039 0 0 2 0 2
2054 0 0 2 0 2
2069 0 0 2 0 2
2084 0 0 2 0 2
2099 0 0 2 0 2
2114 0 0 2 0 2
2129 0 0 2 0 2
2144 0 0 2 0 2
2159 2 0 2 0 2
2174 2 0 2 0 2
2189 0 0 2 0 2
2204 0 0 2 0 2
2219 2 0 2 0 2
2234 2 0 2 0 2
2249 0 0 2 0 2
2264 2 0 3 0 2
2283 2 0 2 0 2
2286 2 0 2 0 0
2301 2 0 0 0 0
2316 0 0 0 0 0
2331 2 0 0 0 0
2346 2 0 0 0 0
2361 2 0 0 0 0
2376 0 0 0 0 0
2391 2 0 0 0 0
2406 2 0 0 0 0
2421 2 0 0 0 0
2436 2 0 0 0 0
2451 2 0 0 0 0
2466 2 0 0 0 0
2481 2 0 0 0 0
2493 2 0 0 0 0
2496 2 0 0 0 0
2511 2 0 0 0 0
2526 2 0 0 0 0
2541 2 0 3 0 0
2556 2 0 3 0 0
2571 0 0 3 0 0
2586 2 0 2 0 0
2601 2 0 2 0 0
2616 2 0 2 0 0
2631 2 0 2 0 0
2646 2 0 2 0 0
2661 2 0 2 0 0
2677 2 0 2 0 0
2680 2 0 3 0 0
2695 0 0 2 0 0
2710 0 0 2 0 0
2725 0 0 2 0 0
2740 0 0 2 0 1
2748 0 0 3 0 1
2751 0 0 2 0 1
2766 0 0 2 0 1
2781 0 0 2 0 2
2796 0 0 2 0 0
2811 0 0 2 0 1
2826 0 0 2 0 1
2841 0 0 2 0 1
2856 0 0 2 0 1
2871 0 0 2 0 1
2886 0 0 2 0 1
2901 0 0 2 0 1
2916 0 0 2 0 1
2931 0 0 2 0 1
2946 0 2 2 0 1
2961 2 0 2 0 1
2974 2 0 2 0 1
2977 2 0 2 0 1
2992 2 0 3 0 1
3007 2 0 3 0 1
3022 2 0 3 0 1
3037 2 0 3 0 1
3052 2 0 3 0 1
3067 2 0 3 0 1
3082 0 0 3 0 0
3097 0 0 3 0 0
3112 0 0 3 0 0
3127 0 0 3 0 0
3142 0 0 3 0 0
3153 0 0 3 0 0
3156 0 0 3 0 0
3171 0 0 3 0 0
3186 2 0 0 0 0
3201 2 0 0 0 0
3216 2 0 0 0 0
3231 2 0 3 0 0
3246 3 0 2 0 0
3261 3 0 0 0 0
3276 2 0 2 0 0
3291 2 0 2 0 0
3306 2 0 2 0 0
3309 2 0 2 0 1
3324 2 0 0 0 2
3339 3 0 2 0 2
3354 2 0 2 0 2
3369 3 0 2 0 2
3384 3 0 0 0 2
3399 3 0 0 0 2
3414 3 0 2 0 2
3429 3 0 3 0 2
3444 0 0 2 0 2
3459 2 0 3 0 2
3474 2 0 3 0 2
3489 3 0 0 0 2
3504 3 0 0 0 0
3519 3 0 3 0 0
3534 0 0 0 0 0
3549 3 0 0 0 1
3564 3 0 2 0 1
3579 3 0 2 0 2
3594 3 0 2 0 2
3609 3 0 0 0 2
3624 3 0 2 0 2
3639 3 0 2 0 2
3657 3 0 0 0 0
3660 3 0 2 0 1
3675 3 0 0 0 1
3690 3 0 0 0 1
3705 3 0 2 0 1
3720 3 0 2 0 1
3735 3 0 2 0 1
3750 3 0 2 0 1
3765 3 0 2 0 1
3780 3 0 2 0 1
3795 3 0 2 0 1
3810 3 0 2 0 1
3825 3 0 2 0 1
3840 3 0 2 0 1
3855 3 0 2 0 1
3870 0 0 2 0 1
3885 0 0 2 0 1
3900 0 0 2 0 1
3915 0 0 2 0 1
3930 0 0 2 0 1
3945 0 0 2 0 1
3960 0 0 2 0 1
3975 0 0 2 0 1
3990 3 0 2 0 1
4009 3 0 2 0 1
4012 0 0 2 0 1
4027 0 0 2 0 1
4042 0 0 2 0 1
4057 3 0 2 0 2
4072 3 0 2 0 2
4087 3 0 2 0 2
4102 2 0 2 0 2
4117 2 0 2 0 2
4132 3 0 2 0 2
4147 2 0 2 0 2
4162 2 0 2 0 2
4177 3 0 2 0 2
4192 2 0 2 0 2
4207 2 0 2 0 2
4222 2 0 0 0 2
4237 2 0 2 0 2
4252 2 0 2 0 2
4267 2 0 2 0 2
4282 2 0 2 0 2
4297 2 0 2 0 2
4312 2 0 2 0 2
4319 0 3 2 0 2
4322 0 3 2 0 2
4337 0 0 2 0 2
4352 0 0 3 0 2
4367 0 0 0 0 2
4372 0 0 0 0 0
4375 0 0 0 0 0
4390 0 0 0 0 1
4405 0 0 0 0 2
4420 0 0 2 0 2
4435 0 0 2 0 2
4450 0 0 2 0 2
4465 0 0 2 0 2
4480 0 0 2 0 2
4495 0 0 2 0 2
4510 0 0 2 0 2
4525 0 0 2 0 2
4540 0 0 2 0 2
4555 0 0 2 0 2
4570 0 0 2 0 2
4585 0 0 2 0 2
4600 0 0 2 0 2
4615 0 0 2 0 2
4630 0 0 2 0 2
4645 2 0 2 0 2
4660 0 2 2 0 2
4675 2 0 2 0 2
4690 2 0 2 0 2
4702 2 0 2 0 2
4705 2 0 2 0 2
4720 2 0 3 0 2
4735 3 0 0 0 0
4750 3 0 0 0 0
4765 0 0 0 0 0
4780 0 0 0 0 0
4795 0 0 0 0 0
4810 0 0 0 0 0
4825 0 0 0 0 0
4844 0 0 0 0 0
4847 0 0 0 0 0
4862 2 0 0 0 0
4877 2 0 0 0 0
4892 2 0 3 0 1
4907 2 0 0 0 0
4922 2 0 3 0 0
4937 2 0 3 0 0
4952 3 0 2 0 1
4967 3 0 3 0 2
4981 2 0 2 0 2
4984 2 0 2 0 2
4999 2 0 3 0 2
5014 2 0 2 0 2
5029 2 0 2 0 2
5044 2 0 2 0 2
5057 2 0 2 0 2
5060 0 0 0 0 2
5075 0 0 2 0 2
5090 0 0 2 0 2
5105 2 0 2 0 2
5120 0 0 0 0 2
5135 0 0 3 0 2
5150 0 0 2 0 2
5165 0 0 2 0 2
5180 0 0 0 0 2
5195 2 0 2 0 2
5210 2 0 0 0 2
5225 2 0 0 0 0
5240 2 0 0 0 0
5255 0 0 2 0 1
5270 2 0 3 0 0
5285 0 0 3 0 0
5300 2 0 3 0 0
5315 2 0 2 0 0
5330 2 0 2 0 0
5345 2 0 2 0 0
5352 2 0 3 0 0
5355 2 0 0 0 0
5370 2 0 0 0 0
5385 0 0 0 0 1
5400 3 0 0 0 1
5415 2 0 0 0 1
5430 2 0 0 0 0
5445 0 0 0 0 0
5448 0 0 0 0 0
5463 0 0 0 0 0
5478 0 0 0 0 0
5493 0 3 0 0 0
5508 2 0 0 0 0
5523 0 0 0 0 0
5538 0 0 0 0 0
5553 3 0 0 0 0
5568 2 0 0 0 0
5583 3 0 0 0 0
5598 3 0 0 0 0
5613 3 0 0 0 0
5628 2 0 0 0 0
5633 3 0 0 0 0
