60 0 2 0 2 0
75 0 2 0 2 0
90 0 0 2 0 0
105 0 0 0 2 0
120 0 0 2 0 0
135 0 0 2 0 0
140 0 0 2 0 0
143 0 0 2 0 0
158 0 0 2 0 0
173 0 0 2 0 0
188 0 0 0 2 0
193 0 0 0 2 0
196 0 0 2 0 0
211 0 0 2 0 0
226 0 0 2 0 0
241 0 0 2 0 1
251 0 0 2 0 1
254 0 0 2 0 1
269 0 0 2 0 1
284 0 0 2 0 1
299 0 0 2 0 0
314 0 0 2 0 1
329 0 0 2 0 0
344 0 0 2 0 0
359 0 2 2 0 1
374 0 0 2 0 0
389 0 0 2 0 1
404 0 0 2 0 0
419 0 0 2 0 0
434 0 0 2 0 1
447 0 0 2 0 1
450 0 0 2 0 1
465 2 0 0 3 1
480 2 0 0 2 1
495 2 0 0 2 0
510 2 0 0 0 1
525 2 0 0 0 0
540 2 0 0 0 0
555 2 0 0 0 0
570 2 0 0 2 0
577 2 0 0 2 0
580 2 0 0 2 0
595 2 0 0 2 0
610 2 0 0 0 0
625 3 0 0 3 0
640 2 0 3 0 1
655 3 0 0 0 0
670 3 0 2 0 1
687 3 0 2 0 1
690 3 0 2 0 1
705 0 3 2 0 0
720 0 3 2 0 0
735 3 0 2 0 1
742 3 0 2 0 1
745 3 0 2 0 1
760 3 0 2 0 1
775 3 0 2 0 0
790 3 0 2 0 1
805 3 0 2 0 0
820 3 0 2 0 0
835 3 0 2 0 0
850 3 0 2 0 0
865 0 0 2 0 0
880 0 3 2 0 0
895 0 3 2 0 0
910 0 3 2 0 0
925 0 3 2 0 0
940 0 2 0 0 0
955 0 3 2 0 0
966 3 0 2 0 0
969 3 0 2 0 0
984 2 0 2 0 2
999 2 0 2 0 2
1014 2 0 3 0 0
1029 2 0 3 0 0
1044 2 0 3 0 0
1059 2 0 0 0 0
1074 2 0 0 0 0
1092 2 0 2 0 0
1095 2 0 2 0 0
1110 2 0 0 0 0
1125 2 0 0 0 1
1140 2 0 0 3 1
1155 2 0 0 2 1
1170 0 0 0 2 0
1185 0 0 2 0 0
1200 3 0 3 0 0
1215 3 0 3 0 0
1230 3 0 3 0 0
1245 3 0 3 0 0
1260 3 0 3 0 0
1265 3 0 2 0 0
1268 3 0 3 0 0
1283 0 0 2 0 1
1298 0 0 2 0 0
1313 0 0 2 0 0
1330 0 0 2 0 0
1333 0 0 2 0 0
1348 0 0 2 0 1
1363 0 0 2 0 1
1378 0 0 2 0 1
1393 0 3 2 0 1
1408 0 0 2 0 1
1423 0 0 2 0 1
1438 0 0 2 0 1
1453 0 3 2 0 0
1468 0 3 2 0 0
1483 0 3 2 0 0
1498 0 3 2 0 0
1505 2 0 3 0 0
1508 3 0 2 0 1
1523 2 0 2 0 2
1538 2 0 3 0 1
1553 2 0 2 0 2
1568 2 0 0 0 0
1583 2 0 0 0 0
1598 2 0 2 0 0
1613 2 0 2 0 0
1628 2 0 2 0 0
1643 2 0 2 0 0
1660 2 0 2 0 0
1663 2 0 2 0 0
1678 2 0 0 0 0
1693 2 0 0 2 0
1708 0 3 0 2 0
1723 3 0 0 3 0
1738 0 3 0 2 0
1753 3 0 0 3 0
1768 3 0 2 0 0
1775 3 0 3 0 0
1778 3 0 3 0 0
1793 0 3 2 0 0
1808 0 2 2 0 0
1823 0 0 2 0 1
1838 0 2 2 0 1
1848 0 2 2 0 1
1851 0 2 2 0 1
1866 0 0 2 0 1
1881 0 2 2 0 1
1896 0 0 2 0 1
1911 0 0 2 0 1
1926 0 2 2 0 1
1941 0 0 2 0 0
1956 0 2 2 0 0
1971 0 0 2 0 0
1986 0 0 2 0 0
2001 0 0 2 0 0
2016 0 3 2 0 0
2031 0 3 2 0 0
2046 0 0 2 0 0
2053 0 0 2 0 0
2056 0 0 2 0 0
2071 0 0 2 0 0
2086 2 0 2 0 2
2101 2 0 2 0 0
2116 2 0 0 0 0
2128 2 0 0 0 0
2131 2 0 0 0 0
2146 0 2 0 3 0
2161 2 0 0 3 0
2176 0 0 0 3 0
2191 0 0 0 3 0
2206 0 0 3 0 0
2221 0 0 2 0 0
2236 0 0 3 0 0
2251 0 0 3 0 0
2266 0 0 3 0 0
2281 0 0 3 0 0
2296 0 0 2 0 0
2311 2 0 3 0 0
2326 2 0 3 0 0
2341 0 0 2 0 0
2356 2 0 2 0 0
2371 0 0 2 0 0
2386 0 0 2 0 0
2401 3 0 2 0 0
2416 0 0 2 0 0
2431 0 3 2 0 0
2446 0 2 2 0 0
2461 2 0 2 0 0
2476 2 0 2 0 0
2491 2 0 2 0 0
2506 2 0 0 0 0
2521 2 0 0 0 0
2536 2 0 0 0 0
2551 2 0 0 0 0
2566 2 0 0 0 0
2573 2 0 0 0 0
