24 0 0 0 0 2
36 0 0 0 0 0
48 0 3 0 2 0
54 0 3 0 2 0
57 0 3 2 0 0
72 0 0 2 0 0
87 0 0 2 0 0
102 0 0 2 0 0
117 0 0 2 0 1
132 0 2 2 0 2
137 2 0 2 0 2
140 2 0 2 0 2
155 2 0 3 0 2
170 2 0 2 0 2
185 2 0 2 0 2
200 2 0 2 0 2
212 2 0 2 0 2
215 2 0 2 0 2
230 0 0 2 0 2
245 0 0 2 0 2
260 0 0 2 0 2
275 0 0 2 0 2
290 0 0 2 0 2
297 0 0 2 0 2
300 0 0 2 0 2
315 0 0 2 0 0
330 0 0 2 0 1
345 0 0 2 0 1
360 0 2 2 0 1
375 0 2 2 0 1
389 2 0 2 0 1
392 2 0 2 0 1
407 2 0 3 0 1
422 2 0 3 0 1
437 2 0 3 0 0
452 2 0 3 0 0
467 2 0 3 0 0
482 2 0 3 0 0
490 2 0 3 0 0
493 2 0 3 0 0
508 2 0 3 0 0
523 2 0 3 0 0
538 2 0 0 0 0
553 2 0 0 2 0
568 2 0 2 0 1
571 2 0 2 0 1
586 0 0 2 0 2
601 3 0 2 0 2
616 3 0 2 0 2
631 3 0 2 0 2
646 3 0 2 0 2
661 3 0 2 0 2
674 3 0 2 0 2
677 3 0 2 0 2
692 3 0 2 0 2
707 3 0 2 0 2
722 3 0 2 0 2
737 3 0 2 0 2
752 3 0 2 0 2
767 0 0 2 0 2
782 0 0 2 0 2
797 0 0 2 0 2
812 0 0 2 0 2
827 0 0 2 0 2
842 0 2 2 0 2
856 2 0 2 0 2
859 2 0 2 0 2
874 0 0 2 0 2
889 0 0 2 0 0
904 2 0 3 0 0
919 2 0 3 0 0
934 2 0 3 0 0
949 2 0 3 0 0
964 2 0 3 0 0
979 2 0 3 0 0
994 2 0 3 0 0
1009 2 0 3 0 0
1024 2 0 3 0 0
1039 2 0 3 0 0
1054 2 0 3 0 0
1057 2 0 3 0 0
1072 2 0 3 0 0
1087 2 0 3 0 0
1102 2 0 0 0 0
1117 2 0 0 0 0
1132 2 0 0 2 1
1147 2 0 0 2 1
1158 2 0 2 0 1
1161 2 0 2 0 1
1176 0 0 2 0 2
1191 3 0 2 0 2
1206 2 0 2 0 2
1221 2 0 2 0 2
1236 2 0 0 0 0
1251 2 0 2 0 0
1266 2 0 2 0 0
1280 2 0 2 0 0
1283 2 0 2 0 0
1298 0 0 2 0 0
1313 3 0 2 0 0
1328 3 0 2 0 0
1343 3 0 2 0 0
1358 3 0 2 0 0
1361 0 0 2 0 0
1376 3 0 2 0 1
1391 3 0 2 0 2
1406 0 0 2 0 2
1421 0 0 2 0 2
1436 0 0 2 0 2
1451 0 0 2 0 2
1466 0 2 2 0 2
1481 0 0 2 0 2
1489 2 0 2 0 2
1492 2 0 2 0 2
1507 2 0 2 0 2
1522 2 0 0 3 0
1537 2 0 0 3 0
1552 2 0 0 3 0
1567 2 0 0 3 0
1586 2 0 0 3 0
1589 2 0 0 3 0
1604 2 0 0 3 0
1619 2 0 0 0 0
1634 2 0 0 0 0
1649 2 0 0 3 0
1664 2 0 0 2 0
1679 2 0 2 0 0
1682 2 0 2 0 0
1697 0 0 2 0 0
1712 0 0 2 0 0
1727 3 0 2 0 0
1742 3 0 2 0 0
1748 3 0 2 0 0
1751 3 0 2 0 0
1766 3 0 2 0 0
1781 3 0 2 0 0
1796 3 0 2 0 0
1811 3 0 2 0 1
1826 3 0 2 0 1
1841 3 0 2 0 1
1856 3 0 2 0 1
1871 3 0 2 0 2
1886 3 0 2 0 2
1901 3 0 2 0 2
1916 3 0 2 0 2
1931 3 0 2 0 2
1946 3 0 2 0 2
1961 3 0 2 0 2
1976 0 0 2 0 2
1991 0 0 2 0 2
2006 0 0 2 0 2
2021 0 0 2 0 2
2036 0 0 2 0 2
2051 0 0 2 0 2
2066 0 0 2 0 2
2081 0 0 2 0 2
2096 0 0 2 0 2
2111 0 0 2 0 2
2126 0 0 2 0 2
2141 0 0 2 0 2
2156 2 0 2 0 2
2171 2 0 2 0 2
2186 2 0 2 0 2
2189 2 0 2 0 2
2204 2 0 0 0 0
2219 2 0 0 0 0
2234 2 0 0 0 0
2249 2 0 0 0 0
2264 2 0 0 0 0
2269 2 0 0 0 0
2272 2 0 0 0 0
2287 2 0 0 0 0
2302 2 0 3 0 0
2317 2 0 0 2 0
2332 2 0 0 2 0
2347 0 0 2 0 0
2362 0 0 2 0 0
2377 0 0 2 0 0
2392 0 0 2 0 0
2407 0 0 2 0 0
2422 0 0 2 0 0
2437 0 0 2 0 0
2452 0 0 2 0 0
2467 0 0 0 0 0
2482 0 0 0 0 0
2497 0 0 0 0 0
2512 0 0 0 0 0
2527 0 0 0 0 0
2542 0 0 0 0 0
2548 0 0 0 0 0
