60 0 0 0 0 0
75 0 0 0 0 0
90 0 0 2 0 0
105 0 0 2 0 0
120 0 0 2 0 0
135 0 0 2 0 0
140 0 0 2 0 0
143 0 0 2 0 0
158 0 0 2 0 0
173 0 3 2 0 0
188 0 0 2 0 0
193 0 0 2 0 1
196 0 0 2 0 2
211 0 0 2 0 2
226 0 0 2 0 2
241 0 0 2 0 2
251 0 0 2 0 2
254 0 0 2 0 2
269 0 0 2 0 2
284 0 0 2 0 2
299 0 0 2 0 2
314 0 0 2 0 2
329 0 0 2 0 2
344 0 0 2 0 2
359 0 0 2 0 2
374 0 0 2 0 2
389 0 0 2 0 2
404 2 0 2 0 2
419 2 0 2 0 2
434 2 0 2 0 2
447 2 0 2 0 2
450 2 0 2 0 2
465 2 0 2 0 2
480 2 0 3 0 0
495 0 0 0 3 0
510 2 0 0 0 0
525 2 0 0 0 0
540 0 0 0 0 0
555 0 0 0 0 0
570 0 0 0 0 0
577 0 0 0 0 0
580 0 0 0 0 0
595 2 0 0 0 0
610 2 0 0 0 0
625 2 0 0 0 0
640 2 0 0 0 0
655 2 0 2 0 0
670 2 0 2 0 0
687 2 0 2 0 0
690 2 0 2 0 0
705 0 3 2 0 0
720 0 3 2 0 0
735 3 0 2 0 1
742 3 0 2 0 1
745 3 0 2 0 1
760 3 0 2 0 1
775 3 0 2 0 1
790 3 0 2 0 1
805 3 0 2 0 1
820 3 0 2 0 1
835 3 0 2 0 2
850 3 0 2 0 2
865 0 0 2 0 2
880 0 0 2 0 2
895 0 0 2 0 2
910 3 0 2 0 2
925 2 0 2 0 2
940 2 0 2 0 2
955 2 0 2 0 2
966 2 0 2 0 2
969 2 0 2 0 2
984 2 0 0 0 2
999 2 0 0 0 0
1014 2 0 3 0 0
1029 2 0 3 0 0
1044 2 0 3 0 0
1059 2 0 0 0 0
1074 2 0 0 0 0
1092 2 0 0 0 0
1095 2 0 0 0 0
1110 2 0 0 0 0
1125 2 0 0 0 0
1140 2 0 3 0 0
1155 2 0 3 0 0
1170 2 0 2 0 0
1185 2 0 2 0 0
1200 2 0 2 0 0
1215 2 0 2 0 0
1230 2 0 2 0 0
1245 2 0 2 0 0
1260 2 0 2 0 0
1265 0 0 2 0 0
1268 0 0 2 0 0
1283 0 0 2 0 0
1298 0 0 2 0 1
1313 0 0 2 0 1
1330 0 0 2 0 1
1333 0 0 2 0 1
1348 0 0 2 0 1
1363 0 0 2 0 1
1378 0 0 2 0 1
1393 0 0 2 0 1
1408 0 0 2 0 1
1423 0 0 2 0 1
1438 0 0 2 0 1
1453 0 0 2 0 1
1468 0 2 2 0 1
1483 0 2 2 0 1
1498 2 0 2 0 1
1505 2 0 2 0 1
1508 2 0 3 0 1
1523 2 0 2 0 1
1538 0 0 3 0 1
1553 0 0 0 0 1
1568 0 0 0 0 0
1583 2 0 0 0 0
1598 0 0 0 0 0
1613 2 0 0 0 0
1628 2 0 0 0 0
1643 2 0 0 0 0
1660 2 0 0 0 0
1663 2 0 0 0 0
1678 2 0 0 0 0
1693 2 0 0 0 0
1708 2 0 0 0 0
1723 2 0 2 0 0
1738 2 0 2 0 0
1753 2 0 2 0 0
1768 2 0 2 0 0
1775 2 0 2 0 0
1778 2 0 2 0 0
1793 0 2 2 0 0
1808 3 0 2 0 1
1823 0 0 2 0 1
1838 0 0 2 0 1
1848 0 0 2 0 1
1851 0 0 2 0 1
1866 0 0 2 0 1
1881 0 0 2 0 1
1896 0 0 2 0 1
1911 0 0 2 0 1
1926 0 0 2 0 1
1941 0 0 2 0 2
1956 0 0 2 0 2
1971 0 0 2 0 2
1986 0 0 2 0 2
2001 0 0 2 0 2
2016 2 0 2 0 2
2031 0 2 2 0 2
2046 2 0 2 0 2
2053 2 0 2 0 2
2056 2 0 3 0 2
2071 2 0 3 0 2
2086 2 0 0 0 2
2101 2 0 0 0 2
2116 0 0 0 0 2
2128 2 0 0 0 2
2131 2 0 0 0 2
2146 2 0 0 0 2
2161 2 0 2 0 2
2176 2 0 0 0 2
2191 2 0 2 0 2
2206 0 2 2 0 2
2221 0 0 2 0 2
2236 0 2 2 0 2
2251 0 2 2 0 0
2266 0 2 2 0 0
2281 2 0 2 0 0
2296 2 0 0 0 0
2311 2 0 0 0 0
2326 2 0 0 0 0
2341 2 0 3 0 0
2356 2 0 3 0 0
2371 2 0 3 0 0
2386 2 0 3 0 0
2401 2 0 3 0 0
2416 2 0 3 0 0
2431 0 2 3 0 0
2446 0 0 0 0 0
2461 0 0 0 0 0
2476 0 0 0 0 0
2491 0 0 0 0 0
2506 2 0 0 0 0
2521 2 0 0 0 0
2536 0 0 0 0 0
2551 0 0 0 0 0
2566 0 0 0 0 0
2573 0 0 0 0 0
