0 0 0 0 0 0
1 0 0 0 0 0
2 0 0 0 0 0
3 0 0 0 0 0
4 0 0 0 0 0
5 0 0 0 0 0
6 0 0 0 0 0
7 0 0 0 0 0
8 0 0 0 0 0
9 0 0 0 0 0
10 0 0 0 0 0
11 0 0 0 0 0
12 0 0 0 0 0
13 0 0 0 0 0
14 0 0 0 0 0
15 0 0 0 0 0
16 0 0 0 0 0
17 0 0 0 0 0
18 0 0 0 0 0
19 0 0 0 0 0
20 0 0 0 0 0
21 0 0 0 0 0
22 0 0 0 0 0
23 0 0 0 0 0
24 0 0 0 0 0
25 0 0 0 0 0
26 0 0 0 0 0
27 0 0 0 0 0
28 0 0 0 0 0
29 0 0 0 0 0
30 0 0 0 0 0
31 0 0 0 0 0
32 0 0 0 0 0
33 0 0 0 0 0
34 0 0 0 0 0
35 0 0 0 0 0
36 0 0 0 0 0
37 0 0 0 0 0
38 0 0 0 0 0
39 0 0 0 0 0
40 0 0 0 0 0
41 0 0 0 0 0
42 0 0 0 0 0
43 0 0 0 0 0
44 0 0 0 0 0
45 0 0 0 0 0
46 0 0 0 0 0
47 0 0 0 0 0
48 0 0 0 0 0
49 0 0 0 0 0
50 0 0 0 0 0
51 0 0 0 0 0
52 0 0 0 0 0
53 0 0 0 0 0
54 0 0 0 0 0
55 0 0 0 0 0
56 0 0 0 0 0
57 0 0 0 0 0
58 0 0 0 0 0
59 0 0 0 0 0
60 0 0 0 0 0
61 0 0 0 0 0
62 0 0 0 0 0
63 0 0 0 0 0
64 0 0 0 0 0
65 0 0 0 0 0
66 0 0 0 0 0
67 0 0 0 0 0
68 0 0 0 0 0
69 0 0 0 0 0
70 0 0 0 0 0
71 0 0 0 0 0
72 0 0 0 0 0
73 0 0 0 0 0
74 0 0 0 0 0
75 0 0 0 0 0
76 0 0 0 0 0
77 0 0 0 0 0
78 0 0 0 0 0
79 0 0 0 0 0
80 0 0 0 0 0
81 0 0 0 0 0
82 0 0 0 0 0
83 0 0 0 0 0
84 0 0 0 0 0
85 0 0 0 0 0
86 0 0 0 0 0
87 0 0 0 0 0
88 0 0 0 0 0
89 0 0 0 0 0
90 0 0 0 0 0
91 0 0 0 0 0
92 0 0 0 0 0
93 0 0 0 0 0
94 0 0 0 0 0
95 0 0 0 0 0
96 0 0 0 0 0
97 0 0 0 0 0
98 0 0 0 0 0
99 0 0 0 0 0
100 0 0 0 0 0
101 0 0 0 0 0
102 0 0 0 0 0
103 0 0 0 0 0
104 0 0 0 0 0
105 0 0 0 0 0
106 0 0 0 0 0
107 0 0 0 0 0
108 0 0 0 0 0
109 3 0 2 0 0
110 3 0 2 0 0
111 3 0 2 0 0
112 3 0 2 0 0
113 3 0 2 0 0
114 3 0 2 0 0
115 3 0 2 0 0
116 3 0 2 0 0
117 3 0 2 0 0
118 3 0 2 0 0
119 3 0 2 0 0
120 3 0 2 0 0
121 3 0 2 0 0
122 3 0 2 0 0
123 3 0 2 0 0
124 3 0 2 0 0
125 3 0 2 0 0
126 3 0 2 0 0
127 3 0 2 0 0
128 3 0 2 0 0
129 3 0 2 0 0
130 3 0 2 0 0
131 3 0 2 0 0
132 3 0 2 0 0
133 3 0 2 0 0
134 3 0 2 0 0
135 3 0 2 0 0
136 3 0 2 0 0
137 3 0 2 0 0
138 3 0 2 0 0
139 3 0 2 0 0
140 3 0 2 0 0
141 3 0 2 0 0
142 3 0 2 0 0
143 3 0 2 0 0
144 3 0 2 0 0
145 3 0 2 0 0
146 3 0 2 0 0
147 3 0 2 0 0
148 3 0 2 0 0
149 3 0 2 0 0
150 3 0 2 0 0
151 3 0 2 0 0
152 3 0 2 0 0
153 3 0 2 0 0
154 3 0 2 0 0
155 3 0 2 0 0
156 3 0 2 0 0
157 3 0 2 0 0
158 3 0 2 0 0
159 3 0 2 0 0
160 3 0 2 0 0
161 3 0 2 0 0
162 3 0 2 0 0
163 3 0 2 0 0
164 3 0 2 0 0
165 3 0 2 0 0
166 3 0 2 0 0
167 3 0 2 0 0
168 3 0 2 0 0
169 3 0 2 0 0
170 3 0 2 0 0
171 3 0 2 0 0
172 3 0 2 0 0
173 3 0 2 0 0
174 3 0 2 0 0
175 3 0 2 0 0
176 3 0 2 0 0
177 3 0 2 0 0
178 3 0 2 0 0
179 3 0 2 0 0
180 3 0 2 0 0
181 3 0 2 0 0
182 3 0 2 0 0
183 3 0 2 0 0
184 3 0 2 0 0
185 3 0 2 0 0
186 3 0 2 0 0
187 3 0 2 0 0
188 3 0 2 0 0
189 3 0 2 0 0
190 3 0 2 0 0
191 3 0 2 0 0
192 3 0 2 0 0
193 3 0 2 0 0
194 3 0 2 0 0
195 3 0 2 0 0
196 3 0 2 0 0
197 3 0 2 0 0
198 3 0 2 0 0
199 3 0 2 0 0
200 3 0 2 0 0
201 3 0 2 0 0
202 3 0 2 0 0
203 3 0 2 0 0
204 3 0 2 0 0
205 3 0 2 0 0
206 3 0 2 0 0
207 3 0 2 0 0
208 3 0 2 0 0
209 3 0 2 0 0
210 3 0 2 0 0
211 3 0 2 0 0
212 3 0 2 0 0
213 3 0 2 0 0
214 3 0 2 0 0
215 3 0 2 0 0
216 3 0 2 0 0
217 3 0 2 0 0
218 3 0 2 0 0
219 3 0 2 0 0
220 3 0 2 0 0
221 3 0 2 0 0
222 3 0 2 0 0
223 3 0 2 0 0
224 3 0 2 0 0
225 3 0 2 0 0
226 3 0 2 0 0
227 0 0 0 0 0
228 0 0 0 0 0
229 0 0 0 0 0
230 0 0 0 0 0
231 0 0 0 0 0
232 0 0 0 0 0
233 0 0 0 0 0
234 0 0 0 0 0
235 0 0 0 0 0
236 0 0 0 0 0
237 0 0 0 0 0
238 0 0 0 0 0
239 0 0 0 0 0
240 0 0 0 0 0
241 0 0 0 0 0
242 0 0 3 0 0
243 0 0 3 0 0
244 0 0 3 0 0
245 0 0 3 0 0
246 0 0 3 0 0
247 0 0 3 0 0
248 0 0 3 0 0
249 0 0 3 0 0
250 0 0 3 0 0
251 0 0 3 0 0
252 0 0 3 0 0
253 0 0 3 0 0
254 0 0 3 0 0
255 0 0 3 0 0
256 0 0 3 0 0
257 2 0 3 0 0
258 2 0 3 0 0
259 2 0 3 0 0
260 2 0 3 0 0
261 2 0 3 0 0
262 2 0 3 0 0
263 2 0 3 0 0
264 2 0 3 0 0
265 2 0 3 0 0
266 2 0 3 0 0
267 2 0 3 0 0
268 2 0 3 0 0
269 2 0 3 0 0
270 2 0 3 0 0
271 2 0 3 0 0
272 0 0 3 0 2
273 0 0 3 0 2
274 0 0 3 0 2
275 0 0 3 0 2
276 0 0 3 0 2
277 0 0 3 0 2
278 0 0 3 0 2
279 0 0 3 0 2
280 0 0 3 0 2
281 0 0 3 0 2
282 0 0 3 0 2
283 0 0 3 0 2
284 0 0 3 0 2
285 0 0 3 0 2
286 0 0 3 0 2
287 0 0 2 0 2
288 0 0 2 0 2
289 0 0 2 0 2
290 0 0 2 0 2
291 0 0 2 0 2
292 0 0 2 0 2
293 0 0 2 0 2
294 0 0 2 0 2
295 0 0 2 0 2
296 0 0 2 0 2
297 0 0 2 0 2
298 0 0 2 0 2
299 0 0 2 0 2
300 0 0 2 0 2
301 0 0 2 0 2
302 0 2 2 0 2
303 0 2 2 0 2
304 0 2 2 0 2
305 0 2 2 0 2
306 0 2 2 0 2
307 0 2 2 0 2
308 0 2 2 0 2
309 0 2 2 0 2
310 0 2 2 0 2
311 0 2 2 0 2
312 0 2 2 0 2
313 0 2 2 0 2
314 0 2 2 0 2
315 0 2 2 0 2
316 0 2 2 0 2
317 0 2 2 0 2
318 0 2 2 0 2
319 0 2 2 0 2
320 0 2 2 0 2
321 0 2 2 0 2
322 0 2 2 0 2
323 0 2 2 0 2
324 0 2 2 0 2
325 0 2 2 0 2
326 0 2 2 0 2
327 0 2 2 0 2
328 0 2 2 0 2
329 0 2 2 0 2
330 0 2 2 0 2
331 0 2 2 0 2
332 0 0 2 0 2
333 0 0 2 0 2
334 0 0 2 0 2
335 0 0 2 0 2
336 0 0 2 0 2
337 0 0 2 0 2
338 0 0 2 0 2
339 0 0 2 0 2
340 0 0 2 0 2
341 0 0 2 0 2
342 0 0 2 0 2
343 0 0 2 0 2
344 0 0 2 0 2
345 0 0 2 0 2
346 0 0 2 0 2
347 0 0 2 0 2
348 0 0 2 0 2
349 0 0 2 0 2
350 0 0 2 0 2
351 0 0 2 0 2
352 0 0 2 0 2
353 0 0 2 0 2
354 0 0 2 0 2
355 0 0 2 0 2
356 0 0 2 0 2
357 0 0 2 0 2
358 0 0 2 0 2
359 0 0 2 0 2
360 0 0 2 0 2
361 0 0 2 0 2
362 0 0 2 0 2
363 0 0 2 0 2
364 0 0 2 0 2
365 0 0 2 0 2
366 2 0 2 0 2
367 2 0 2 0 2
368 2 0 2 0 2
369 0 0 2 0 2
370 0 0 2 0 2
371 0 0 2 0 2
372 0 0 2 0 2
373 0 0 2 0 2
374 0 0 2 0 2
375 0 0 2 0 2
376 0 0 2 0 2
377 0 0 2 0 2
378 0 0 2 0 2
379 0 0 2 0 2
380 0 0 2 0 2
381 0 0 2 0 2
382 0 0 2 0 2
383 0 0 2 0 2
384 0 0 0 0 2
385 0 0 0 0 2
386 0 0 0 0 2
387 0 0 0 0 2
388 0 0 0 0 2
389 0 0 0 0 2
390 0 0 0 0 2
391 0 0 0 0 2
392 0 0 0 0 2
393 0 0 0 0 2
394 0 0 0 0 2
395 0 0 0 0 2
396 0 0 0 0 2
397 0 0 0 0 2
398 0 0 0 0 2
399 0 0 0 0 0
400 0 0 0 0 0
401 0 0 0 0 0
402 0 0 0 0 0
403 0 0 0 0 0
404 0 0 0 0 0
405 0 0 0 0 0
406 0 0 0 0 0
407 0 0 0 0 0
408 0 0 0 0 0
409 0 0 0 0 0
410 0 0 0 0 0
411 0 0 0 0 0
412 0 0 0 0 0
413 0 0 0 0 0
414 0 0 3 0 2
415 0 0 3 0 2
416 0 0 3 0 2
417 0 0 3 0 2
418 0 0 3 0 2
419 0 0 3 0 2
420 0 0 3 0 2
421 0 0 3 0 2
422 0 0 3 0 2
423 0 0 3 0 2
424 0 0 3 0 2
425 0 0 3 0 2
426 0 0 3 0 2
427 0 0 3 0 2
428 0 0 3 0 2
429 2 0 0 0 0
430 2 0 0 0 0
431 2 0 0 0 0
432 2 0 0 0 0
433 2 0 0 0 0
434 2 0 0 0 0
435 2 0 0 0 0
436 2 0 0 0 0
437 2 0 0 0 0
438 2 0 0 0 0
439 2 0 0 0 0
440 2 0 0 0 0
441 2 0 0 0 0
442 2 0 0 0 0
443 2 0 0 0 0
444 2 0 2 0 0
445 2 0 2 0 0
446 2 0 2 0 0
447 2 0 2 0 0
448 2 0 2 0 0
449 2 0 2 0 0
450 2 0 2 0 0
451 2 0 2 0 0
452 2 0 2 0 0
453 2 0 2 0 0
454 2 0 2 0 0
455 2 0 2 0 0
456 2 0 2 0 0
457 2 0 2 0 0
458 2 0 2 0 0
459 0 0 2 0 0
460 0 0 2 0 0
461 0 0 2 0 0
462 0 0 2 0 0
463 0 0 2 0 0
464 0 0 2 0 0
465 0 0 2 0 0
466 0 0 2 0 0
467 0 0 2 0 0
468 0 0 2 0 0
469 0 0 2 0 0
470 0 0 2 0 0
471 0 0 2 0 0
472 0 0 2 0 0
473 0 0 2 0 0
474 0 0 2 0 2
475 0 0 2 0 2
476 0 0 2 0 2
477 0 0 2 0 2
478 0 0 2 0 2
479 0 0 2 0 2
480 0 0 2 0 2
481 0 0 2 0 2
482 0 0 2 0 2
483 0 0 2 0 2
484 0 0 2 0 2
485 0 0 2 0 2
486 0 0 2 0 2
487 0 0 2 0 2
488 0 0 2 0 2
489 0 0 2 0 0
490 0 0 2 0 0
491 0 0 2 0 0
492 0 0 2 0 0
493 0 0 2 0 0
494 0 0 2 0 0
495 0 0 2 0 0
496 0 0 2 0 0
497 0 0 2 0 0
498 0 0 2 0 0
499 0 0 2 0 0
500 0 0 2 0 0
501 0 0 2 0 0
502 0 0 2 0 0
503 0 0 2 0 0
504 0 0 0 0 0
505 0 0 0 0 0
506 0 0 0 0 0
507 0 0 0 0 0
508 0 0 0 0 0
509 0 0 0 0 0
510 0 0 0 0 0
511 0 0 0 0 0
512 0 0 0 0 0
513 0 0 0 0 0
514 0 0 0 0 0
515 0 0 0 0 0
516 0 0 0 0 0
517 0 0 0 0 0
518 0 0 0 0 0
519 0 0 0 0 0
520 0 0 0 0 0
521 0 0 0 0 0
522 0 0 0 0 0
523 0 0 0 0 0
524 0 0 0 0 0
525 0 0 0 0 0
526 0 0 0 0 0
527 0 0 0 0 0
528 0 0 0 0 0
529 0 0 0 0 0
530 0 0 0 0 0
531 0 0 0 0 0
532 0 0 0 0 0
533 0 0 0 0 0
534 0 0 2 0 0
535 0 0 2 0 0
536 0 0 2 0 0
537 0 0 2 0 0
538 0 0 2 0 0
539 0 0 2 0 0
540 0 0 2 0 0
541 0 0 2 0 0
542 0 0 2 0 0
543 0 0 2 0 0
544 0 0 2 0 0
545 0 0 2 0 0
546 0 0 2 0 0
547 0 0 2 0 0
548 0 0 2 0 0
549 0 0 2 0 0
550 0 0 2 0 1
551 0 0 2 0 1
552 0 0 2 0 1
553 0 0 2 0 1
554 0 0 2 0 1
555 0 0 2 0 1
556 0 0 2 0 1
557 0 0 2 0 1
558 0 0 2 0 1
559 0 0 2 0 1
560 0 0 2 0 1
561 0 0 2 0 1
562 0 0 2 0 1
563 0 0 2 0 1
564 0 0 2 0 1
565 0 0 2 0 1
566 0 0 2 0 1
567 0 0 2 0 1
568 2 0 0 0 2
569 2 0 0 0 2
570 2 0 0 0 2
571 2 0 0 0 2
572 2 0 0 0 2
573 2 0 0 0 2
574 2 0 0 0 2
575 2 0 0 0 2
576 2 0 0 0 2
577 2 0 0 0 2
578 2 0 0 0 2
579 2 0 0 0 2
580 2 0 0 0 2
581 2 0 0 0 2
582 2 0 0 0 2
583 2 0 0 0 2
584 2 0 0 0 2
585 2 0 0 0 2
586 2 0 0 0 2
587 2 0 0 0 2
588 2 0 0 0 2
589 2 0 0 0 2
590 2 0 0 0 2
591 2 0 0 0 2
592 2 0 0 0 2
593 2 0 0 0 2
594 2 0 0 0 2
595 2 0 0 0 2
596 2 0 0 0 2
597 2 0 0 0 2
598 2 0 3 0 2
599 2 0 3 0 2
600 2 0 3 0 2
601 2 0 3 0 2
602 2 0 3 0 2
603 2 0 3 0 2
604 2 0 3 0 2
605 2 0 3 0 2
606 2 0 3 0 2
607 2 0 3 0 2
608 2 0 3 0 2
609 2 0 3 0 2
610 2 0 3 0 2
611 2 0 3 0 2
612 2 0 3 0 2
613 0 0 0 0 2
614 0 0 0 0 2
615 0 0 0 0 2
616 0 0 0 0 2
617 0 0 0 0 2
618 0 0 0 0 2
619 0 0 0 0 2
620 0 0 0 0 2
621 0 0 0 0 2
622 0 0 0 0 2
623 0 0 0 0 2
624 0 0 0 0 2
625 0 0 0 0 2
626 0 0 0 0 2
627 0 0 0 0 2
628 3 0 3 0 2
629 3 0 3 0 2
630 3 0 3 0 2
631 3 0 3 0 2
632 3 0 3 0 2
633 3 0 3 0 2
634 3 0 3 0 2
635 3 0 3 0 2
636 3 0 3 0 2
637 3 0 3 0 2
638 3 0 3 0 2
639 3 0 3 0 2
640 3 0 3 0 2
641 3 0 3 0 2
642 3 0 3 0 2
643 0 0 3 0 0
644 0 0 3 0 0
645 0 0 3 0 0
646 0 0 3 0 0
647 0 0 3 0 0
648 0 0 3 0 0
649 0 0 3 0 0
650 0 0 3 0 0
651 0 0 3 0 0
652 0 0 3 0 0
653 0 0 3 0 0
654 0 0 3 0 0
655 0 0 3 0 0
656 0 0 3 0 0
657 0 0 3 0 0
658 0 0 3 0 1
659 0 0 3 0 1
660 0 0 3 0 1
661 0 0 3 0 1
662 0 0 3 0 1
663 0 0 3 0 1
664 0 0 3 0 1
665 0 0 3 0 1
666 0 0 3 0 1
667 0 0 3 0 1
668 0 0 3 0 1
669 0 0 3 0 1
670 0 0 3 0 1
671 0 0 3 0 1
672 0 0 3 0 1
673 0 0 2 0 2
674 0 0 2 0 2
675 0 0 2 0 2
676 0 0 2 0 2
677 0 0 2 0 2
678 0 0 2 0 2
679 0 0 2 0 2
680 0 0 2 0 2
681 0 0 2 0 2
682 0 0 2 0 2
683 0 0 2 0 2
684 0 0 2 0 2
685 0 0 2 0 2
686 0 0 2 0 2
687 0 0 2 0 2
688 0 0 2 0 2
689 0 0 2 0 2
690 0 0 2 0 2
691 0 0 2 0 2
692 0 0 2 0 2
693 0 0 2 0 2
694 0 0 2 0 2
695 0 0 2 0 2
696 0 0 2 0 2
697 0 0 2 0 2
698 0 0 2 0 2
699 0 0 2 0 2
700 0 0 2 0 2
701 0 0 2 0 2
702 0 0 2 0 2
703 0 0 2 0 2
704 0 0 2 0 2
705 0 0 2 0 2
706 0 0 2 0 2
707 0 0 2 0 2
708 0 0 2 0 2
709 0 0 2 0 2
710 0 0 2 0 2
711 0 0 2 0 2
712 0 0 2 0 2
713 0 0 2 0 2
714 0 0 2 0 2
715 0 0 2 0 2
716 0 0 2 0 2
717 0 0 2 0 2
718 3 0 2 0 2
719 3 0 2 0 2
720 3 0 2 0 2
721 3 0 2 0 2
722 3 0 2 0 2
723 3 0 2 0 2
724 3 0 2 0 2
725 3 0 2 0 2
726 3 0 2 0 2
727 3 0 2 0 2
728 3 0 2 0 2
729 3 0 2 0 2
730 3 0 2 0 2
731 3 0 2 0 2
732 3 0 2 0 2
733 0 0 2 0 2
734 0 0 2 0 2
735 0 0 2 0 2
736 0 0 2 0 2
737 0 0 2 0 2
738 0 0 2 0 2
739 0 0 2 0 2
740 0 0 2 0 2
741 0 0 2 0 2
742 0 0 2 0 2
743 0 0 2 0 2
744 0 0 2 0 2
745 0 0 2 0 2
746 0 0 2 0 2
747 0 0 2 0 2
748 0 0 2 0 2
749 0 0 2 0 2
750 0 0 2 0 2
751 0 0 2 0 2
752 0 0 2 0 2
753 0 0 2 0 2
754 0 0 2 0 2
755 0 0 2 0 2
756 0 0 2 0 2
757 0 0 2 0 2
758 0 0 2 0 2
759 0 0 2 0 2
760 0 0 2 0 2
761 0 0 2 0 2
762 0 0 2 0 2
763 0 0 2 0 2
764 0 0 2 0 0
765 0 0 2 0 0
766 0 0 2 0 0
767 0 0 2 0 0
768 0 0 2 0 0
769 0 0 2 0 0
770 0 0 2 0 0
771 0 0 2 0 0
772 0 0 2 0 0
773 0 0 2 0 0
774 0 0 2 0 0
775 0 0 2 0 0
776 0 0 2 0 0
777 0 0 2 0 0
778 0 0 2 0 0
779 2 0 2 0 1
780 2 0 2 0 1
781 2 0 2 0 1
782 2 0 2 0 1
783 2 0 2 0 1
784 2 0 2 0 1
785 2 0 2 0 1
786 2 0 2 0 1
787 2 0 2 0 1
788 2 0 2 0 1
789 2 0 2 0 1
790 2 0 2 0 1
791 2 0 2 0 1
792 2 0 2 0 1
793 2 0 2 0 1
794 2 0 2 0 2
795 2 0 2 0 2
796 2 0 2 0 2
797 2 0 2 0 2
798 2 0 2 0 2
799 2 0 2 0 2
800 2 0 2 0 2
801 2 0 2 0 2
802 2 0 2 0 2
803 2 0 2 0 2
804 2 0 2 0 2
805 2 0 2 0 2
806 2 0 2 0 2
807 2 0 2 0 2
808 2 0 2 0 2
809 2 0 2 0 2
810 2 0 2 0 2
811 2 0 2 0 2
812 2 0 2 0 2
813 2 0 2 0 2
814 2 0 2 0 2
815 2 0 2 0 2
816 2 0 2 0 2
817 2 0 2 0 2
818 2 0 2 0 2
819 2 0 2 0 2
820 2 0 2 0 2
821 2 0 2 0 2
822 2 0 2 0 2
823 2 0 2 0 2
824 2 0 2 0 2
825 2 0 2 0 2
826 2 0 2 0 2
827 2 0 2 0 2
828 2 0 2 0 2
829 2 0 2 0 2
830 2 0 2 0 2
831 2 0 2 0 2
832 2 0 2 0 2
833 2 0 2 0 2
834 2 0 2 0 2
835 2 0 2 0 2
836 2 0 2 0 2
837 2 0 2 0 2
838 2 0 2 0 2
839 2 0 2 0 2
840 2 0 2 0 2
841 2 0 2 0 2
842 2 0 2 0 2
843 2 0 2 0 2
844 2 0 2 0 2
845 2 0 2 0 2
846 2 0 2 0 2
847 2 0 2 0 2
848 2 0 2 0 2
849 2 0 2 0 2
850 2 0 2 0 2
851 2 0 2 0 2
852 2 0 2 0 2
853 2 0 2 0 2
854 2 0 2 0 2
855 2 0 2 0 2
856 2 0 2 0 2
857 2 0 2 0 2
858 2 0 2 0 2
859 2 0 2 0 2
860 2 0 2 0 2
861 2 0 2 0 2
862 2 0 2 0 2
863 2 0 2 0 2
864 2 0 2 0 2
865 2 0 2 0 2
866 2 0 2 0 2
867 2 0 2 0 2
868 2 0 2 0 2
869 2 0 2 0 2
870 2 0 2 0 2
871 2 0 2 0 2
872 2 0 2 0 2
873 2 0 2 0 2
874 2 0 2 0 2
875 2 0 2 0 1
876 2 0 2 0 1
877 2 0 2 0 1
878 2 0 2 0 1
879 2 0 2 0 1
880 2 0 2 0 1
881 2 0 2 0 1
882 2 0 2 0 1
883 2 0 2 0 1
884 2 0 2 0 1
885 2 0 2 0 1
886 2 0 2 0 1
887 2 0 2 0 1
888 2 0 2 0 1
889 2 0 2 0 1
890 2 0 0 2 2
891 2 0 0 2 2
892 2 0 0 2 2
893 2 0 0 2 2
894 2 0 0 2 2
895 2 0 0 2 2
896 2 0 0 2 2
897 2 0 0 2 2
898 2 0 0 2 2
899 2 0 0 2 2
900 2 0 0 2 2
901 2 0 0 2 2
902 2 0 0 2 2
903 2 0 0 2 2
904 2 0 0 2 2
905 2 0 0 2 2
906 2 0 0 2 2
907 2 0 0 2 2
908 2 0 0 2 2
909 2 0 0 2 2
910 2 0 0 2 2
911 2 0 0 2 2
912 2 0 0 2 2
913 2 0 0 2 2
914 2 0 0 2 2
915 2 0 0 2 2
916 2 0 0 2 2
917 2 0 0 2 2
918 2 0 0 2 2
919 2 0 0 2 2
920 0 0 3 0 2
921 0 0 3 0 2
922 0 0 3 0 2
923 0 0 3 0 2
924 0 0 3 0 2
925 0 0 3 0 2
926 0 0 3 0 2
927 0 0 3 0 2
928 0 0 3 0 2
929 0 0 3 0 2
930 0 0 3 0 2
931 0 0 3 0 2
932 0 0 3 0 2
933 0 0 3 0 2
934 0 0 3 0 2
935 2 0 3 0 2
936 2 0 3 0 2
937 2 0 3 0 2
938 2 0 3 0 2
939 2 0 3 0 2
940 2 0 3 0 2
941 2 0 3 0 2
942 2 0 3 0 2
943 2 0 3 0 2
944 2 0 3 0 2
945 2 0 3 0 2
946 2 0 3 0 2
947 2 0 3 0 2
948 2 0 3 0 2
949 2 0 3 0 2
950 2 0 0 0 2
951 2 0 0 0 2
952 2 0 0 0 2
953 2 0 0 0 2
954 2 0 0 0 2
955 2 0 0 0 2
956 2 0 0 0 2
957 2 0 0 0 2
958 2 0 0 0 2
959 2 0 0 0 2
960 2 0 0 0 2
961 2 0 0 0 2
962 2 0 0 0 2
963 2 0 0 0 2
964 2 0 0 0 2
965 2 0 0 0 2
966 2 0 0 0 2
967 2 0 0 0 2
968 2 0 0 0 2
969 2 0 0 0 2
970 2 0 0 0 2
971 2 0 0 0 2
972 2 0 0 0 2
973 2 0 0 0 2
974 2 0 0 0 2
975 2 0 0 0 2
976 2 0 0 0 2
977 2 0 0 0 2
978 2 0 0 0 2
979 2 0 0 0 2
980 2 0 0 0 2
981 2 0 0 0 2
982 2 0 0 0 2
983 0 0 3 0 2
984 0 0 3 0 2
985 0 0 3 0 2
986 0 0 3 0 2
987 0 0 3 0 2
988 0 0 3 0 2
989 0 0 3 0 2
990 0 0 3 0 2
991 0 0 3 0 2
992 0 0 3 0 2
993 0 0 3 0 2
994 0 0 3 0 2
995 0 0 3 0 2
996 0 0 3 0 2
997 0 0 3 0 2
998 0 0 3 0 2
999 0 0 3 0 2
1000 0 0 3 0 2
1001 0 0 0 0 2
1002 0 0 0 0 2
1003 0 0 0 0 2
1004 0 0 0 0 2
1005 0 0 0 0 2
1006 0 0 0 0 2
1007 0 0 0 0 2
1008 0 0 0 0 2
1009 0 0 0 0 2
1010 0 0 0 0 2
1011 0 0 0 0 2
1012 0 0 0 0 2
1013 0 0 0 0 2
1014 0 0 0 0 2
1015 0 0 0 0 2
1016 2 0 0 2 2
1017 2 0 0 2 2
1018 2 0 0 2 2
1019 2 0 0 2 2
1020 2 0 0 2 2
1021 2 0 0 2 2
1022 2 0 0 2 2
1023 2 0 0 2 2
1024 2 0 0 2 2
1025 2 0 0 2 2
1026 2 0 0 2 2
1027 2 0 0 2 2
1028 2 0 0 2 2
1029 2 0 0 2 2
1030 2 0 0 2 2
1031 2 0 0 2 2
1032 2 0 0 2 2
1033 2 0 0 2 2
1034 2 0 0 2 2
1035 2 0 0 2 2
1036 2 0 0 2 2
1037 2 0 0 2 2
1038 2 0 0 2 2
1039 2 0 0 2 2
1040 2 0 0 2 2
1041 2 0 0 2 2
1042 2 0 0 2 2
1043 2 0 0 2 2
1044 2 0 0 2 2
1045 2 0 0 2 2
1046 2 0 2 0 2
1047 2 0 2 0 2
1048 2 0 2 0 2
1049 2 0 2 0 2
1050 2 0 2 0 2
1051 2 0 2 0 2
1052 2 0 2 0 2
1053 2 0 2 0 2
1054 2 0 2 0 2
1055 2 0 2 0 2
1056 2 0 2 0 2
1057 2 0 2 0 2
1058 2 0 2 0 2
1059 2 0 2 0 2
1060 2 0 2 0 2
1061 2 0 2 0 2
1062 2 0 2 0 2
1063 2 0 2 0 2
1064 2 0 2 0 2
1065 2 0 2 0 2
1066 2 0 2 0 2
1067 2 0 2 0 2
1068 2 0 2 0 2
1069 2 0 2 0 2
1070 2 0 2 0 2
1071 2 0 2 0 2
1072 2 0 2 0 2
1073 2 0 2 0 2
1074 2 0 2 0 2
1075 2 0 2 0 2
1076 2 0 2 0 2
1077 2 0 2 0 2
1078 2 0 2 0 2
1079 2 0 2 0 2
1080 2 0 2 0 2
1081 2 0 2 0 2
1082 2 0 2 0 2
1083 2 0 2 0 2
1084 2 0 2 0 2
1085 2 0 2 0 2
1086 2 0 2 0 2
1087 2 0 2 0 2
1088 2 0 2 0 2
1089 2 0 2 0 2
1090 2 0 2 0 2
1091 2 0 2 0 2
1092 2 0 2 0 2
1093 2 0 2 0 2
1094 2 0 2 0 2
1095 2 0 2 0 2
1096 2 0 2 0 2
1097 2 0 2 0 2
1098 2 0 2 0 2
1099 2 0 2 0 2
1100 2 0 2 0 2
1101 2 0 2 0 2
1102 2 0 2 0 2
1103 2 0 2 0 2
1104 2 0 2 0 2
1105 2 0 2 0 2
1106 2 0 2 0 2
1107 2 0 2 0 2
1108 2 0 2 0 2
1109 2 0 2 0 2
1110 2 0 2 0 2
1111 2 0 2 0 2
1112 2 0 2 0 2
1113 2 0 2 0 2
1114 2 0 2 0 2
1115 2 0 2 0 2
1116 2 0 2 0 2
1117 2 0 2 0 2
1118 2 0 2 0 2
1119 2 0 2 0 2
1120 2 0 2 0 2
1121 2 0 2 0 2
1122 2 0 2 0 2
1123 2 0 2 0 2
1124 2 0 2 0 2
1125 2 0 2 0 2
1126 2 0 2 0 2
1127 2 0 2 0 2
1128 2 0 2 0 2
1129 2 0 2 0 2
1130 2 0 2 0 2
1131 2 0 2 0 2
1132 2 0 2 0 2
1133 2 0 2 0 2
1134 2 0 2 0 2
1135 2 0 2 0 2
1136 2 0 2 0 2
1137 2 0 2 0 2
1138 2 0 2 0 2
1139 2 0 2 0 2
1140 3 0 2 0 2
1141 3 0 2 0 2
1142 3 0 2 0 2
1143 3 0 2 0 2
1144 3 0 2 0 2
1145 3 0 2 0 2
1146 3 0 2 0 2
1147 3 0 2 0 2
1148 3 0 2 0 2
1149 3 0 2 0 2
1150 3 0 2 0 2
1151 3 0 2 0 2
1152 3 0 2 0 2
1153 3 0 2 0 2
1154 3 0 2 0 2
1155 0 0 2 0 2
1156 0 0 2 0 2
1157 0 0 2 0 2
1158 0 0 2 0 2
1159 0 0 2 0 2
1160 0 0 2 0 2
1161 0 0 2 0 2
1162 0 0 2 0 2
1163 0 0 2 0 2
1164 0 0 2 0 2
1165 0 0 2 0 2
1166 0 0 2 0 2
1167 0 0 2 0 2
1168 0 0 2 0 2
1169 0 0 2 0 2
1170 0 0 2 0 2
1171 0 0 2 0 2
1172 0 0 2 0 2
1173 0 0 2 0 2
1174 0 0 2 0 2
1175 0 0 2 0 2
1176 0 0 2 0 2
1177 0 0 2 0 2
1178 0 0 2 0 2
1179 0 0 2 0 2
1180 0 0 2 0 2
1181 0 0 2 0 2
1182 0 0 2 0 2
1183 0 0 2 0 2
1184 0 0 2 0 2
1185 0 0 2 0 2
1186 0 0 2 0 2
1187 0 0 2 0 2
1188 0 0 2 0 2
1189 0 0 2 0 2
1190 0 0 2 0 2
1191 0 0 2 0 2
1192 0 0 2 0 2
1193 0 0 2 0 2
1194 0 0 2 0 2
1195 0 0 2 0 2
1196 0 0 2 0 2
1197 0 0 2 0 2
1198 0 0 2 0 2
1199 0 0 2 0 2
1200 0 0 2 0 2
1201 0 0 2 0 2
1202 0 0 2 0 2
1203 0 0 2 0 2
1204 0 0 2 0 2
1205 0 0 2 0 2
1206 0 0 2 0 2
1207 0 0 2 0 2
1208 0 0 2 0 2
1209 0 0 2 0 2
1210 0 0 2 0 2
1211 0 0 2 0 2
1212 0 0 2 0 2
1213 0 0 2 0 2
1214 0 0 2 0 2
1215 0 0 2 0 2
1216 0 0 2 0 2
1217 0 0 2 0 2
1218 0 0 2 0 2
1219 0 0 2 0 2
1220 0 0 2 0 2
1221 0 0 2 0 2
1222 0 0 2 0 2
1223 0 0 2 0 2
1224 0 0 2 0 2
1225 0 0 2 0 2
1226 0 0 2 0 2
1227 0 0 2 0 2
1228 0 0 2 0 2
1229 0 0 2 0 2
1230 3 0 2 0 0
1231 3 0 2 0 0
1232 3 0 2 0 0
1233 3 0 2 0 0
1234 3 0 2 0 0
1235 3 0 2 0 0
1236 3 0 2 0 0
1237 3 0 2 0 0
1238 3 0 2 0 0
1239 3 0 2 0 0
1240 3 0 2 0 0
1241 3 0 2 0 0
1242 3 0 2 0 0
1243 3 0 2 0 0
1244 3 0 2 0 0
1245 0 0 2 0 2
1246 0 0 2 0 2
1247 0 0 2 0 2
1248 0 0 2 0 2
1249 0 0 2 0 2
1250 0 0 2 0 2
1251 0 0 2 0 2
1252 0 0 2 0 2
1253 0 0 2 0 2
1254 0 0 2 0 2
1255 0 0 2 0 2
1256 0 0 2 0 2
1257 0 0 2 0 2
1258 0 0 2 0 2
1259 0 0 2 0 2
1260 0 0 2 0 2
1261 0 0 2 0 2
1262 0 0 2 0 2
1263 0 0 2 0 2
1264 0 0 2 0 2
1265 0 0 2 0 2
1266 0 0 2 0 2
1267 0 0 2 0 2
1268 0 0 2 0 2
1269 0 0 2 0 2
1270 0 0 2 0 2
1271 0 0 2 0 2
1272 0 0 2 0 2
1273 0 0 2 0 2
1274 0 0 2 0 2
1275 0 0 2 0 2
1276 0 0 2 0 2
1277 0 0 2 0 2
1278 0 0 2 0 2
1279 0 0 2 0 2
1280 0 0 2 0 2
1281 0 0 2 0 2
1282 0 0 2 0 2
1283 0 0 2 0 2
1284 0 0 2 0 2
1285 0 0 2 0 2
1286 0 0 2 0 2
1287 0 0 2 0 2
1288 0 0 2 0 2
1289 0 0 2 0 2
1290 0 0 2 0 2
1291 0 0 2 0 2
1292 0 0 2 0 2
1293 0 0 2 0 2
1294 0 0 2 0 2
1295 0 0 2 0 2
1296 0 0 2 0 2
1297 0 0 2 0 2
1298 0 0 2 0 2
1299 0 0 2 0 2
1300 0 0 2 0 2
1301 0 0 2 0 2
1302 0 0 2 0 2
1303 0 0 2 0 2
1304 0 0 2 0 2
1305 0 0 2 0 2
1306 0 0 2 0 2
1307 0 0 2 0 2
1308 0 0 2 0 2
1309 0 0 2 0 2
1310 0 0 2 0 2
1311 0 0 2 0 2
1312 0 0 2 0 2
1313 0 0 2 0 2
1314 0 0 2 0 2
1315 0 0 2 0 2
1316 0 0 2 0 2
1317 0 0 2 0 2
1318 0 0 2 0 2
1319 0 0 2 0 2
1320 0 0 2 0 2
1321 0 0 2 0 2
1322 0 0 2 0 2
1323 0 0 2 0 2
1324 0 0 2 0 2
1325 0 0 2 0 2
1326 0 0 2 0 2
1327 0 0 2 0 2
1328 0 0 2 0 2
1329 0 0 2 0 2
1330 0 0 2 0 2
1331 0 0 2 0 2
1332 0 0 2 0 2
1333 0 0 2 0 2
1334 0 0 2 0 2
1335 0 0 2 0 2
1336 0 0 2 0 2
1337 0 0 2 0 2
1338 0 0 2 0 2
1339 0 0 2 0 2
1340 0 0 2 0 2
1341 0 0 2 0 2
1342 0 0 2 0 2
1343 0 0 2 0 2
1344 0 0 2 0 2
1345 0 0 2 0 2
1346 0 0 2 0 2
1347 0 0 2 0 2
1348 0 0 2 0 2
1349 0 0 2 0 2
1350 0 0 2 0 2
1351 0 0 2 0 2
1352 0 0 2 0 2
1353 0 0 2 0 2
1354 0 0 2 0 2
1355 0 0 2 0 2
1356 0 0 2 0 2
1357 0 0 2 0 2
1358 0 0 2 0 2
1359 0 0 2 0 2
1360 0 0 2 0 2
1361 0 0 2 0 2
1362 0 0 2 0 2
1363 0 0 2 0 2
1364 0 0 2 0 2
1365 0 0 2 0 2
1366 0 0 2 0 2
1367 0 0 2 0 2
1368 0 0 2 0 2
1369 0 0 2 0 2
1370 0 0 2 0 2
1371 0 0 2 0 2
1372 0 0 2 0 2
1373 0 0 2 0 2
1374 0 0 2 0 2
1375 0 0 2 0 2
1376 0 0 2 0 2
1377 0 0 2 0 2
1378 0 0 2 0 2
1379 0 0 2 0 2
1380 0 0 2 0 2
1381 0 0 2 0 2
1382 0 0 2 0 2
1383 0 0 2 0 2
1384 0 0 2 0 2
1385 0 0 2 0 2
1386 0 0 2 0 2
1387 0 0 2 0 2
1388 0 0 2 0 2
1389 0 0 2 0 2
1390 0 0 2 0 2
1391 0 0 2 0 2
1392 0 0 2 0 2
1393 0 0 2 0 2
1394 0 0 2 0 2
1395 0 0 2 0 2
1396 0 0 2 0 2
1397 0 0 2 0 2
1398 0 0 2 0 2
1399 0 0 2 0 2
1400 0 0 2 0 2
1401 0 0 2 0 2
1402 0 0 2 0 2
1403 0 0 2 0 2
1404 0 0 2 0 2
1405 0 0 2 0 2
1406 0 0 2 0 2
1407 0 0 2 0 2
1408 0 0 2 0 2
1409 0 0 2 0 2
1410 0 0 2 0 2
1411 0 0 2 0 2
1412 0 0 2 0 2
1413 2 0 2 0 2
1414 2 0 2 0 2
1415 2 0 2 0 2
1416 2 0 2 0 2
1417 2 0 2 0 2
1418 2 0 2 0 2
1419 2 0 2 0 2
1420 2 0 2 0 2
1421 2 0 2 0 2
1422 2 0 2 0 2
1423 2 0 2 0 2
1424 2 0 2 0 2
1425 2 0 2 0 2
1426 2 0 2 0 2
1427 2 0 2 0 2
1428 2 0 2 0 2
1429 2 0 2 0 2
1430 2 0 2 0 2
1431 2 0 2 0 2
1432 2 0 2 0 2
1433 2 0 2 0 2
1434 2 0 2 0 2
1435 2 0 2 0 2
1436 2 0 2 0 2
1437 2 0 2 0 2
1438 2 0 2 0 2
1439 2 0 2 0 2
1440 2 0 2 0 2
1441 2 0 2 0 2
1442 2 0 2 0 2
1443 2 0 2 0 2
1444 2 0 2 0 2
1445 2 0 2 0 2
1446 2 0 2 0 2
1447 2 0 2 0 2
1448 2 0 2 0 2
1449 2 0 2 0 2
1450 2 0 2 0 2
1451 2 0 2 0 2
1452 2 0 2 0 2
1453 2 0 2 0 2
1454 2 0 2 0 2
1455 2 0 2 0 2
1456 2 0 2 0 2
1457 2 0 2 0 2
1458 2 0 2 0 2
1459 2 0 2 0 2
1460 2 0 2 0 2
1461 2 0 2 0 2
1462 2 0 2 0 2
1463 2 0 2 0 2
1464 2 0 2 0 2
1465 2 0 2 0 2
1466 2 0 2 0 2
1467 2 0 2 0 2
1468 2 0 2 0 2
1469 2 0 2 0 2
1470 2 0 2 0 2
1471 2 0 2 0 2
1472 2 0 2 0 2
1473 2 0 2 0 2
1474 2 0 2 0 2
1475 2 0 2 0 2
1476 2 0 2 0 2
1477 2 0 2 0 2
1478 2 0 2 0 2
1479 2 0 2 0 2
1480 2 0 2 0 2
1481 2 0 2 0 2
1482 2 0 2 0 2
1483 2 0 2 0 2
1484 2 0 2 0 2
1485 2 0 0 2 2
1486 2 0 0 2 2
1487 2 0 0 2 2
1488 2 0 0 2 2
1489 2 0 0 2 2
1490 2 0 0 2 2
1491 2 0 0 2 2
1492 2 0 0 2 2
1493 2 0 0 2 2
1494 2 0 0 2 2
1495 2 0 0 2 2
1496 2 0 0 2 2
1497 2 0 0 2 2
1498 2 0 0 2 2
1499 2 0 0 2 2
1500 2 0 0 2 2
1501 2 0 0 2 2
1502 2 0 0 2 2
1503 2 0 0 2 2
1504 2 0 0 2 2
1505 2 0 0 2 2
1506 2 0 0 2 2
1507 2 0 0 2 2
1508 2 0 0 2 2
1509 2 0 0 2 2
1510 2 0 0 2 2
1511 2 0 0 2 2
1512 2 0 0 2 2
1513 2 0 0 2 2
1514 2 0 0 2 2
1515 0 0 0 2 2
1516 0 0 0 2 2
1517 0 0 0 2 2
1518 0 0 0 2 2
1519 0 0 0 2 2
1520 0 0 0 2 2
1521 0 0 0 2 2
1522 0 0 0 2 2
1523 0 0 0 2 2
1524 0 0 0 2 2
1525 0 0 0 2 2
1526 0 0 0 2 2
1527 0 0 0 2 2
1528 0 0 0 2 2
1529 0 0 0 2 2
1530 3 0 0 2 0
1531 3 0 0 2 0
1532 3 0 0 2 0
1533 3 0 0 2 0
1534 3 0 0 2 0
1535 3 0 0 2 0
1536 3 0 0 2 0
1537 3 0 0 2 0
1538 3 0 0 2 0
1539 3 0 0 2 0
1540 3 0 0 2 0
1541 3 0 0 2 0
1542 3 0 0 2 0
1543 3 0 0 2 0
1544 3 0 0 2 0
1545 0 0 0 2 0
1546 0 0 0 2 0
1547 0 0 0 2 0
1548 0 0 0 2 0
1549 0 0 0 2 0
1550 0 0 0 2 0
1551 0 0 0 2 0
1552 0 0 0 2 0
1553 0 0 0 2 0
1554 0 0 0 2 0
1555 0 0 0 2 0
1556 0 0 0 2 0
1557 0 0 0 2 0
1558 0 0 0 2 0
1559 0 0 0 2 0
1560 0 0 0 2 2
1561 0 0 0 2 2
1562 0 0 0 2 2
1563 0 0 0 2 2
1564 0 0 0 2 2
1565 0 0 0 2 2
1566 0 0 0 2 2
1567 0 0 0 2 2
1568 0 0 0 2 2
1569 0 0 0 2 2
1570 0 0 0 2 2
1571 0 0 0 2 2
1572 0 0 0 2 2
1573 0 0 0 2 2
1574 0 0 0 2 2
1575 0 0 2 0 2
1576 0 0 2 0 2
1577 0 0 2 0 2
1578 0 0 2 0 2
1579 0 0 2 0 2
1580 0 0 2 0 2
1581 0 0 2 0 2
1582 0 0 2 0 2
1583 0 0 2 0 2
1584 0 0 2 0 2
1585 0 0 2 0 2
1586 0 0 2 0 2
1587 0 0 2 0 2
1588 0 0 2 0 2
1589 0 0 2 0 2
1590 0 0 0 2 0
1591 0 0 0 2 0
1592 0 0 0 2 0
1593 0 0 0 2 0
1594 0 0 0 2 0
1595 0 0 0 2 0
1596 0 0 0 2 0
1597 0 0 0 2 0
1598 0 0 0 2 0
1599 0 0 0 2 0
1600 0 0 0 2 0
1601 0 0 0 2 0
1602 0 0 0 2 0
1603 0 0 0 2 0
1604 0 0 0 2 0
1605 0 0 0 2 0
1606 0 0 0 2 0
1607 0 0 0 2 0
1608 0 0 0 2 0
1609 0 0 0 2 0
1610 0 0 0 2 0
1611 0 0 0 2 0
1612 0 0 0 2 0
1613 0 0 0 2 0
1614 0 0 0 2 0
1615 0 0 0 2 0
1616 0 0 0 2 0
1617 0 0 2 0 0
1618 0 0 2 0 0
1619 0 0 2 0 0
1620 0 0 2 0 0
1621 0 0 2 0 0
1622 0 0 2 0 0
1623 0 0 2 0 0
1624 0 0 2 0 0
1625 0 0 2 0 0
1626 0 0 2 0 0
1627 0 0 2 0 0
1628 0 0 2 0 0
1629 0 0 2 0 0
1630 0 0 2 0 0
1631 0 0 2 0 0
1632 0 0 0 2 2
1633 0 0 0 2 2
1634 0 0 0 2 2
1635 0 0 0 2 2
1636 0 0 0 2 2
1637 0 0 0 2 2
1638 0 0 0 2 2
1639 0 0 0 2 2
1640 0 0 0 2 2
1641 0 0 0 2 2
1642 0 0 0 2 2
1643 0 0 0 2 2
1644 0 0 0 2 2
1645 0 0 0 2 2
1646 0 0 0 2 2
1647 2 0 0 3 0
1648 2 0 0 3 0
1649 2 0 0 3 0
1650 2 0 0 3 0
1651 2 0 0 3 0
1652 2 0 0 3 0
1653 2 0 0 3 0
1654 2 0 0 3 0
1655 2 0 0 3 0
1656 2 0 0 3 0
1657 2 0 0 3 0
1658 2 0 0 3 0
1659 2 0 0 3 0
1660 2 0 0 3 0
1661 2 0 0 3 0
1662 2 0 0 0 2
1663 2 0 0 0 2
1664 2 0 0 0 2
1665 2 0 0 0 2
1666 2 0 0 0 2
1667 2 0 0 0 2
1668 2 0 0 0 2
1669 2 0 0 0 2
1670 2 0 0 0 2
1671 2 0 0 0 2
1672 2 0 0 0 2
1673 2 0 0 0 2
1674 2 0 0 0 2
1675 2 0 0 0 2
1676 2 0 0 0 2
1677 2 0 0 0 2
1678 2 0 0 0 2
1679 2 0 0 0 2
1680 2 0 0 0 2
1681 2 0 0 0 2
1682 2 0 0 0 2
1683 2 0 0 0 2
1684 2 0 0 0 2
1685 2 0 0 0 2
1686 2 0 0 0 2
1687 2 0 0 0 2
1688 2 0 0 0 2
1689 2 0 0 0 2
1690 2 0 0 0 2
1691 2 0 0 0 2
1692 2 0 3 0 0
1693 2 0 3 0 0
1694 2 0 3 0 0
1695 2 0 3 0 0
1696 2 0 3 0 0
1697 2 0 3 0 0
1698 2 0 3 0 0
1699 2 0 3 0 0
1700 2 0 3 0 0
1701 2 0 3 0 0
1702 2 0 3 0 0
1703 2 0 3 0 0
1704 2 0 3 0 0
1705 2 0 3 0 0
1706 2 0 3 0 0
1707 2 0 3 0 0
1708 2 0 3 0 0
1709 2 0 3 0 0
1710 2 0 3 0 0
1711 2 0 3 0 0
1712 2 0 3 0 0
1713 2 0 3 0 0
1714 2 0 3 0 0
1715 2 0 3 0 0
1716 2 0 3 0 0
1717 2 0 3 0 0
1718 2 0 3 0 0
1719 2 0 3 0 0
1720 2 0 3 0 0
1721 2 0 3 0 0
1722 0 0 3 0 0
1723 0 0 3 0 0
1724 0 0 3 0 0
1725 0 0 3 0 0
1726 0 0 3 0 0
1727 0 0 3 0 0
1728 0 0 3 0 0
1729 0 0 3 0 0
1730 0 0 3 0 0
1731 0 0 3 0 0
1732 0 0 3 0 0
1733 0 0 3 0 0
1734 0 0 3 0 0
1735 0 0 3 0 0
1736 0 0 3 0 0
1737 0 0 3 0 0
1738 0 0 3 0 0
1739 0 2 3 0 0
1740 0 2 3 0 0
1741 0 2 3 0 0
1742 0 2 3 0 0
1743 0 2 3 0 0
1744 0 2 3 0 0
1745 0 2 3 0 0
1746 0 2 3 0 0
1747 0 2 3 0 0
1748 0 2 3 0 0
1749 0 2 3 0 0
1750 0 2 3 0 0
1751 0 2 3 0 0
1752 0 2 3 0 0
1753 0 2 3 0 0
1754 0 0 2 0 2
1755 0 0 2 0 2
1756 0 0 2 0 2
1757 0 0 2 0 2
1758 0 0 2 0 2
1759 0 0 2 0 2
1760 0 0 2 0 2
1761 0 0 2 0 2
1762 0 0 2 0 2
1763 0 0 2 0 2
1764 0 0 2 0 2
1765 0 0 2 0 2
1766 0 0 2 0 2
1767 0 0 2 0 2
1768 0 0 2 0 2
1769 0 3 3 0 2
1770 0 3 3 0 2
1771 0 3 3 0 2
1772 0 3 3 0 2
1773 0 3 3 0 2
1774 0 3 3 0 2
1775 0 3 3 0 2
1776 0 3 3 0 2
1777 0 3 3 0 2
1778 0 3 3 0 2
1779 0 3 3 0 2
1780 0 3 3 0 2
1781 0 3 3 0 2
1782 0 3 3 0 2
1783 0 3 3 0 2
1784 0 3 3 0 2
1785 0 3 3 0 2
1786 0 3 3 0 2
1787 0 3 3 0 2
1788 0 3 3 0 2
1789 0 3 3 0 2
1790 0 3 3 0 2
1791 0 3 3 0 2
1792 0 3 3 0 2
1793 0 3 3 0 2
1794 0 3 3 0 2
1795 0 3 3 0 2
1796 0 3 3 0 2
1797 0 3 3 0 2
1798 0 3 3 0 2
1799 0 0 0 0 2
1800 0 0 0 0 2
1801 0 0 0 0 2
1802 0 0 0 0 2
1803 0 0 0 0 2
1804 0 0 0 0 2
1805 0 0 0 0 2
1806 0 0 0 0 2
1807 0 0 0 0 2
1808 0 0 0 0 2
1809 0 0 0 0 2
1810 0 0 0 0 2
1811 0 0 0 0 2
1812 0 0 0 0 2
1813 0 0 0 0 2
1814 0 2 2 0 2
1815 0 2 2 0 2
1816 0 2 2 0 2
1817 0 2 2 0 2
1818 0 2 2 0 2
1819 0 2 2 0 2
1820 0 2 2 0 2
1821 0 2 2 0 2
1822 0 2 2 0 2
1823 0 2 2 0 2
1824 0 2 2 0 2
1825 0 2 2 0 2
1826 0 2 2 0 2
1827 0 2 2 0 2
1828 0 2 2 0 2
1829 0 2 2 0 2
1830 0 2 2 0 2
1831 0 2 2 0 2
1832 0 2 2 0 2
1833 0 2 2 0 2
1834 0 2 2 0 2
1835 0 2 2 0 2
1836 0 2 2 0 2
1837 0 2 2 0 2
1838 0 2 2 0 2
1839 0 2 2 0 2
1840 0 2 2 0 2
1841 0 2 2 0 2
1842 0 2 2 0 2
1843 0 2 2 0 2
1844 0 2 3 0 2
1845 0 2 3 0 2
1846 0 2 3 0 2
1847 0 2 3 0 2
1848 0 2 3 0 2
1849 0 2 3 0 2
1850 0 2 3 0 2
1851 0 2 3 0 2
1852 0 2 3 0 2
1853 0 2 3 0 2
1854 0 2 3 0 2
1855 0 2 3 0 2
1856 0 2 3 0 2
1857 0 2 3 0 2
1858 0 2 3 0 2
1859 0 0 2 0 2
1860 0 0 2 0 2
1861 0 0 2 0 2
1862 0 0 2 0 2
1863 0 0 2 0 2
1864 0 0 2 0 2
1865 0 0 2 0 2
1866 0 0 2 0 2
1867 0 0 2 0 2
1868 0 0 2 0 2
1869 0 0 2 0 2
1870 0 0 2 0 2
1871 0 0 2 0 2
1872 0 0 2 0 2
1873 0 0 2 0 2
1874 0 2 2 0 2
1875 0 2 2 0 2
1876 0 2 2 0 2
1877 0 2 2 0 2
1878 0 2 2 0 2
1879 0 2 2 0 2
1880 0 2 2 0 2
1881 0 2 2 0 2
1882 0 2 2 0 2
1883 0 2 2 0 2
1884 0 2 2 0 2
1885 0 2 2 0 2
1886 0 2 2 0 2
1887 0 2 2 0 2
1888 0 2 2 0 2
1889 0 2 2 0 2
1890 0 2 2 0 2
1891 0 2 2 0 2
1892 0 2 2 0 2
1893 0 2 2 0 2
1894 0 2 2 0 2
1895 0 2 2 0 2
1896 0 2 2 0 2
1897 0 2 2 0 2
1898 0 2 2 0 2
1899 0 2 2 0 2
1900 0 2 2 0 2
1901 0 2 2 0 2
1902 0 2 2 0 2
1903 0 2 2 0 2
1904 0 0 2 0 2
1905 0 0 2 0 2
1906 0 0 2 0 2
1907 0 0 2 0 2
1908 0 0 2 0 2
1909 0 0 2 0 2
1910 0 0 2 0 2
1911 0 0 2 0 2
1912 0 0 2 0 2
1913 0 0 2 0 2
1914 0 0 2 0 2
1915 0 0 2 0 2
1916 0 0 2 0 2
1917 0 0 2 0 2
1918 0 0 2 0 2
1919 0 0 2 0 2
1920 0 0 2 0 2
1921 0 0 2 0 2
1922 0 0 2 0 2
1923 0 0 2 0 2
1924 0 0 2 0 2
1925 0 0 2 0 2
1926 0 0 2 0 2
1927 0 0 2 0 2
1928 0 0 2 0 2
1929 0 0 2 0 2
1930 0 0 2 0 2
1931 0 0 2 0 2
1932 0 0 2 0 2
1933 0 0 2 0 2
1934 0 0 2 0 2
1935 0 0 2 0 2
1936 0 0 2 0 2
1937 0 0 2 0 2
1938 0 0 2 0 2
1939 0 0 2 0 2
1940 0 0 2 0 2
1941 0 0 2 0 2
1942 0 0 2 0 2
1943 0 0 2 0 2
1944 0 0 2 0 2
1945 0 0 2 0 2
1946 0 0 2 0 2
1947 0 0 2 0 2
1948 0 0 2 0 2
1949 0 0 2 0 2
1950 0 0 2 0 2
1951 0 0 2 0 2
1952 0 0 2 0 2
1953 0 0 2 0 2
1954 0 0 2 0 2
1955 0 0 2 0 2
1956 0 0 2 0 2
1957 0 0 2 0 2
1958 0 0 2 0 2
1959 0 0 2 0 2
1960 0 0 2 0 2
1961 0 0 2 0 2
1962 0 0 2 0 2
1963 0 0 2 0 2
1964 0 0 2 0 2
1965 0 0 2 0 2
1966 0 0 2 0 2
1967 0 0 2 0 2
1968 0 0 2 0 2
1969 0 0 2 0 2
1970 0 0 2 0 2
1971 0 0 2 0 2
1972 0 0 2 0 1
1973 0 0 2 0 1
1974 0 0 2 0 1
1975 0 0 2 0 1
1976 0 0 2 0 1
1977 0 0 2 0 1
1978 0 0 2 0 1
1979 0 0 2 0 1
1980 0 0 2 0 1
1981 0 0 2 0 1
1982 0 0 2 0 1
1983 0 0 2 0 1
1984 0 0 2 0 1
1985 0 0 2 0 1
1986 0 0 2 0 1
1987 0 0 0 0 1
1988 0 0 0 0 1
1989 0 0 0 0 1
1990 0 0 0 0 1
1991 0 0 0 0 1
1992 0 0 0 0 1
1993 0 0 0 0 1
1994 0 0 0 0 1
1995 0 0 0 0 1
1996 0 0 0 0 1
1997 0 0 0 0 1
1998 0 0 0 0 1
1999 0 0 0 0 1
2000 0 0 0 0 1
2001 0 0 0 0 1
2002 0 0 2 0 0
2003 0 0 2 0 0
2004 0 0 2 0 0
2005 0 0 2 0 0
2006 0 0 2 0 0
2007 0 0 2 0 0
2008 0 0 2 0 0
2009 0 0 2 0 0
2010 0 0 2 0 0
2011 0 0 2 0 0
2012 0 0 2 0 0
2013 0 0 2 0 0
2014 0 0 2 0 0
2015 0 0 2 0 0
2016 0 0 2 0 0
2017 0 0 2 0 1
2018 0 0 2 0 1
2019 0 0 2 0 1
2020 0 0 2 0 1
2021 0 0 2 0 1
2022 0 0 2 0 1
2023 0 0 2 0 1
2024 0 0 2 0 1
2025 0 0 2 0 1
2026 0 0 2 0 1
2027 0 0 2 0 1
2028 0 0 2 0 1
2029 0 0 2 0 1
2030 0 0 2 0 1
2031 0 0 2 0 1
2032 0 0 2 0 1
2033 0 0 2 0 1
2034 0 0 2 0 1
2035 0 0 2 0 1
2036 0 0 2 0 1
2037 0 0 2 0 1
2038 0 0 2 0 1
2039 0 0 2 0 1
2040 0 0 2 0 1
2041 0 0 2 0 1
2042 0 0 2 0 1
2043 0 0 2 0 1
2044 0 0 2 0 1
2045 0 0 2 0 1
2046 0 0 2 0 1
2047 0 0 2 0 1
2048 0 0 2 0 1
2049 0 0 2 0 1
2050 0 0 2 0 1
2051 0 0 2 0 1
2052 0 0 2 0 1
2053 0 0 2 0 1
2054 0 0 2 0 1
2055 0 0 2 0 1
2056 0 0 2 0 1
2057 0 0 2 0 1
2058 0 0 2 0 1
2059 0 0 2 0 1
2060 0 0 2 0 1
2061 0 0 2 0 1
2062 2 0 2 0 1
2063 2 0 2 0 1
2064 2 0 2 0 1
2065 2 0 2 0 1
2066 2 0 2 0 1
2067 2 0 2 0 1
2068 2 0 2 0 1
2069 2 0 2 0 1
2070 2 0 2 0 1
2071 2 0 2 0 1
2072 2 0 2 0 1
2073 2 0 2 0 1
2074 2 0 2 0 1
2075 2 0 2 0 1
2076 2 0 2 0 1
2077 0 0 2 0 2
2078 0 0 2 0 2
2079 0 0 2 0 2
2080 0 0 2 0 2
2081 0 0 2 0 2
2082 0 0 2 0 2
2083 0 0 2 0 2
2084 0 0 2 0 2
2085 0 0 2 0 2
2086 0 0 2 0 2
2087 0 0 2 0 2
2088 0 0 2 0 2
2089 0 0 2 0 2
2090 0 0 2 0 2
2091 0 0 2 0 2
2092 0 0 2 0 0
2093 0 0 2 0 0
2094 0 0 2 0 0
2095 0 0 2 0 0
2096 0 0 2 0 0
2097 0 0 2 0 0
2098 0 0 2 0 0
2099 0 0 2 0 0
2100 0 0 2 0 0
2101 0 0 2 0 0
2102 0 0 2 0 0
2103 0 0 2 0 0
2104 0 0 2 0 0
2105 0 0 2 0 0
2106 0 0 2 0 0
2107 0 0 2 0 1
2108 0 0 2 0 1
2109 0 0 2 0 1
2110 0 0 2 0 1
2111 0 0 2 0 1
2112 0 0 2 0 1
2113 0 0 2 0 1
2114 0 0 2 0 1
2115 0 0 2 0 1
2116 0 0 2 0 1
2117 0 0 2 0 1
2118 0 0 2 0 1
2119 0 0 2 0 1
2120 0 0 2 0 1
2121 0 0 2 0 1
2122 0 0 2 0 2
2123 0 0 2 0 2
2124 0 0 2 0 2
2125 0 0 2 0 2
2126 0 0 2 0 2
2127 0 0 2 0 2
2128 0 0 2 0 2
2129 0 0 2 0 2
2130 0 0 2 0 2
2131 0 0 2 0 2
2132 0 0 2 0 2
2133 0 0 2 0 2
2134 0 0 2 0 2
2135 0 0 2 0 2
2136 0 0 2 0 2
2137 0 0 2 0 2
2138 0 0 2 0 2
2139 0 0 2 0 2
2140 0 0 2 0 2
2141 0 0 2 0 2
2142 0 0 2 0 2
2143 0 0 2 0 2
2144 0 0 2 0 2
2145 0 0 2 0 2
2146 0 0 2 0 2
2147 0 0 2 0 2
2148 0 0 2 0 2
2149 0 0 2 0 2
2150 0 0 2 0 2
2151 0 0 2 0 2
2152 0 0 3 0 1
2153 0 0 3 0 1
2154 0 0 3 0 1
2155 0 0 3 0 1
2156 0 0 3 0 1
2157 0 0 3 0 1
2158 0 0 3 0 1
2159 0 0 3 0 1
2160 0 0 3 0 1
2161 0 0 3 0 1
2162 0 0 3 0 1
2163 0 0 3 0 1
2164 0 0 3 0 1
2165 0 0 3 0 1
2166 0 0 3 0 1
2167 2 0 2 0 1
2168 2 0 2 0 1
2169 2 0 2 0 1
2170 2 0 2 0 1
2171 2 0 2 0 1
2172 2 0 2 0 1
2173 2 0 2 0 1
2174 2 0 2 0 1
2175 2 0 2 0 1
2176 2 0 2 0 1
2177 2 0 2 0 1
2178 2 0 2 0 1
2179 2 0 2 0 1
2180 2 0 2 0 1
2181 2 0 2 0 1
2182 2 0 0 0 0
2183 2 0 0 0 0
2184 2 0 0 0 0
2185 2 0 0 0 0
2186 2 0 0 0 0
2187 2 0 0 0 0
2188 2 0 0 0 0
2189 2 0 0 0 0
2190 2 0 0 0 0
2191 2 0 0 0 0
2192 2 0 0 0 0
2193 2 0 0 0 0
2194 2 0 0 0 0
2195 2 0 0 0 0
2196 2 0 0 0 0
2197 2 0 0 0 0
2198 2 0 0 0 0
2199 2 0 0 0 0
2200 2 0 0 0 0
2201 2 0 0 0 0
2202 2 0 0 0 0
2203 2 0 0 0 0
2204 2 0 0 0 0
2205 2 0 0 0 0
2206 2 0 0 0 0
2207 2 0 0 0 0
2208 2 0 0 0 0
2209 2 0 0 0 0
2210 2 0 0 0 0
2211 2 0 0 0 0
2212 2 0 0 0 0
2213 2 0 0 0 0
2214 2 0 0 0 0
2215 2 0 0 0 0
2216 2 0 0 0 0
2217 2 0 0 0 0
2218 2 0 0 0 0
2219 2 0 0 0 0
2220 2 0 0 0 0
2221 2 0 0 0 0
2222 2 0 0 0 0
2223 2 0 0 0 0
2224 2 0 0 0 0
2225 2 0 0 0 0
2226 2 0 0 0 0
2227 0 0 0 0 1
2228 0 0 0 0 1
2229 0 0 0 0 1
2230 0 0 0 0 1
2231 0 0 0 0 1
2232 0 0 0 0 1
2233 0 0 0 0 1
2234 0 0 0 0 1
2235 0 0 0 0 1
2236 0 0 0 0 1
2237 0 0 0 0 1
2238 0 0 0 0 1
2239 0 0 0 0 1
2240 0 0 0 0 1
2241 0 0 0 0 1
2242 0 0 3 0 2
2243 0 0 3 0 2
2244 0 0 3 0 2
2245 0 0 3 0 2
2246 0 0 3 0 2
2247 0 0 3 0 2
2248 0 0 3 0 2
2249 0 0 3 0 2
2250 0 0 3 0 2
2251 0 0 3 0 2
2252 0 0 3 0 2
2253 0 0 3 0 2
2254 0 0 3 0 2
2255 0 0 3 0 2
2256 0 0 3 0 2
2257 0 0 0 2 0
2258 0 0 0 2 0
2259 0 0 0 2 0
2260 0 0 0 2 0
2261 0 0 0 2 0
2262 0 0 0 2 0
2263 0 0 0 2 0
2264 0 0 0 2 0
2265 0 0 0 2 0
2266 0 0 0 2 0
2267 0 0 0 2 0
2268 0 0 0 2 0
2269 0 0 0 2 0
2270 0 0 0 2 0
2271 0 0 0 2 0
2272 0 0 0 2 0
2273 0 0 0 2 0
2274 0 0 0 2 0
2275 0 0 0 2 0
2276 0 0 0 2 0
2277 0 0 0 2 0
2278 0 0 0 2 0
2279 0 0 0 2 0
2280 0 0 0 2 0
2281 0 0 0 2 0
2282 0 0 0 2 0
2283 0 0 0 2 0
2284 0 0 0 2 0
2285 0 0 0 2 0
2286 0 0 0 2 0
2287 0 2 2 0 0
2288 0 2 2 0 0
2289 0 2 2 0 0
2290 0 2 2 0 0
2291 0 2 2 0 0
2292 0 2 2 0 0
2293 0 2 2 0 0
2294 0 2 2 0 0
2295 0 2 2 0 0
2296 0 2 2 0 0
2297 0 2 2 0 0
2298 0 2 2 0 0
2299 0 2 2 0 0
2300 0 2 2 0 0
2301 0 2 2 0 0
2302 0 2 2 0 0
2303 0 2 2 0 0
2304 0 2 2 0 0
2305 0 2 2 0 0
2306 0 2 2 0 0
2307 0 2 2 0 0
2308 0 2 2 0 0
2309 0 2 2 0 0
2310 0 2 2 0 0
2311 0 2 2 0 0
2312 0 2 2 0 0
2313 0 2 2 0 0
2314 0 2 2 0 0
2315 0 2 2 0 0
2316 0 2 2 0 0
2317 0 2 2 0 0
2318 0 2 2 0 0
2319 0 2 2 0 0
2320 0 2 2 0 0
2321 0 2 2 0 0
2322 0 2 2 0 0
2323 0 2 2 0 0
2324 0 2 2 0 0
2325 0 2 2 0 0
2326 0 2 2 0 0
2327 0 2 2 0 0
2328 0 2 2 0 0
2329 0 2 2 0 0
2330 0 2 2 0 0
2331 0 2 2 0 0
2332 0 0 2 0 0
2333 0 0 2 0 0
2334 0 0 2 0 0
2335 0 0 2 0 0
2336 0 0 2 0 0
2337 0 0 2 0 0
2338 0 0 2 0 0
2339 0 0 2 0 0
2340 0 0 2 0 0
2341 0 0 2 0 0
2342 0 0 2 0 0
2343 0 0 2 0 0
2344 0 0 2 0 0
2345 0 0 2 0 0
2346 0 0 2 0 0
2347 2 0 2 0 1
2348 2 0 2 0 1
2349 2 0 2 0 1
2350 2 0 2 0 1
2351 2 0 2 0 1
2352 2 0 2 0 1
2353 2 0 2 0 1
2354 2 0 2 0 1
2355 2 0 2 0 1
2356 2 0 2 0 1
2357 2 0 2 0 1
2358 2 0 2 0 1
2359 2 0 2 0 1
2360 2 0 2 0 1
2361 2 0 2 0 1
2362 2 0 2 0 2
2363 2 0 2 0 2
2364 2 0 2 0 2
2365 2 0 2 0 2
2366 2 0 2 0 2
2367 2 0 2 0 2
2368 2 0 2 0 2
2369 2 0 2 0 2
2370 2 0 2 0 2
2371 2 0 2 0 2
2372 2 0 2 0 2
2373 2 0 2 0 2
2374 2 0 2 0 2
2375 2 0 2 0 2
2376 2 0 2 0 2
2377 2 0 2 0 2
2378 2 0 2 0 2
2379 2 0 2 0 2
2380 2 0 2 0 2
2381 2 0 2 0 2
2382 2 0 2 0 2
2383 2 0 2 0 2
2384 2 0 2 0 2
2385 2 0 2 0 2
2386 2 0 2 0 2
2387 2 0 2 0 2
2388 2 0 2 0 2
2389 2 0 2 0 2
2390 2 0 2 0 2
2391 2 0 2 0 2
2392 2 0 2 0 2
2393 2 0 2 0 2
2394 2 0 2 0 2
2395 2 0 2 0 2
2396 2 0 2 0 2
2397 2 0 2 0 2
2398 2 0 2 0 2
2399 2 0 2 0 2
2400 2 0 2 0 2
2401 2 0 2 0 2
2402 2 0 2 0 2
2403 2 0 2 0 2
2404 2 0 2 0 2
2405 2 0 2 0 2
2406 2 0 2 0 2
2407 2 0 3 0 0
2408 2 0 3 0 0
2409 2 0 3 0 0
2410 2 0 3 0 0
2411 2 0 3 0 0
2412 2 0 3 0 0
2413 2 0 3 0 0
2414 2 0 3 0 0
2415 2 0 3 0 0
2416 2 0 3 0 0
2417 2 0 3 0 0
2418 2 0 3 0 0
2419 2 0 3 0 0
2420 2 0 3 0 0
2421 2 0 3 0 0
2422 2 0 3 0 0
2423 2 0 3 0 0
2424 2 0 3 0 0
2425 2 0 3 0 0
2426 2 0 3 0 0
2427 2 0 3 0 0
2428 2 0 3 0 0
2429 2 0 3 0 0
2430 2 0 3 0 0
2431 2 0 3 0 0
2432 2 0 3 0 0
2433 2 0 3 0 0
2434 2 0 3 0 0
2435 2 0 3 0 0
2436 2 0 3 0 0
2437 2 0 3 0 0
2438 2 0 3 0 0
2439 2 0 3 0 0
2440 2 0 3 0 0
2441 2 0 3 0 0
2442 2 0 3 0 0
2443 2 0 3 0 0
2444 2 0 3 0 0
2445 2 0 3 0 0
2446 2 0 3 0 0
2447 2 0 3 0 0
2448 2 0 3 0 0
2449 2 0 3 0 0
2450 2 0 3 0 0
2451 2 0 3 0 0
2452 2 0 3 0 0
2453 2 0 3 0 0
2454 2 0 3 0 0
2455 2 0 3 0 0
2456 2 0 3 0 0
2457 0 0 0 0 1
2458 0 0 0 0 1
2459 0 0 0 0 1
2460 0 0 0 0 1
2461 0 0 0 0 1
2462 0 0 0 0 1
2463 0 0 0 0 1
2464 0 0 0 0 1
2465 0 0 0 0 1
2466 0 0 0 0 1
2467 0 0 0 0 1
2468 0 0 0 0 1
2469 0 0 0 0 1
2470 0 0 0 0 1
2471 0 0 0 0 1
2472 0 0 0 0 0
2473 0 0 0 0 0
2474 0 0 0 0 0
2475 0 0 0 0 0
2476 0 0 0 0 0
2477 0 0 0 0 0
2478 0 0 0 0 0
2479 0 0 0 0 0
2480 0 0 0 0 0
2481 0 0 0 0 0
2482 0 0 0 0 0
2483 0 0 0 0 0
2484 0 0 0 0 0
2485 0 0 0 0 0
2486 0 0 0 0 0
2487 0 0 3 0 0
2488 0 0 3 0 0
2489 0 0 3 0 0
2490 0 0 3 0 0
2491 0 0 3 0 0
2492 0 0 3 0 0
2493 0 0 3 0 0
2494 0 0 3 0 0
2495 0 0 3 0 0
2496 0 0 3 0 0
2497 0 0 3 0 0
2498 0 0 3 0 0
2499 0 0 3 0 0
2500 0 0 3 0 0
2501 0 0 0 0 0
2502 0 0 0 0 0
2503 0 0 0 0 0
2504 0 0 0 0 0
2505 0 0 0 0 0
2506 0 0 0 0 0
2507 0 0 0 0 0
2508 0 0 0 0 0
2509 0 0 0 0 0
2510 0 0 0 0 0
2511 0 0 0 0 0
2512 0 0 0 0 0
2513 0 0 0 0 0
2514 0 0 0 0 0
2515 0 0 0 0 0
2516 0 0 0 0 0
2517 0 0 0 0 0
2518 0 0 0 0 0
2519 0 0 0 0 0
2520 0 0 0 0 0
2521 0 0 0 0 0
2522 0 0 0 0 0
2523 0 0 0 0 0
2524 0 0 0 0 0
2525 0 0 0 0 0
2526 0 0 0 0 0
2527 0 0 0 0 0
2528 0 0 0 0 0
2529 0 0 0 0 0
2530 0 0 0 0 0
2531 0 0 0 0 0
2532 0 0 0 0 0
2533 0 0 0 0 0
2534 3 0 0 2 0
2535 3 0 0 2 0
2536 3 0 0 2 0
2537 3 0 0 2 0
2538 3 0 0 2 0
2539 3 0 0 2 0
2540 3 0 0 2 0
2541 3 0 0 2 0
2542 3 0 0 2 0
2543 3 0 0 2 0
2544 3 0 0 2 0
2545 3 0 0 2 0
2546 3 0 0 2 0
2547 3 0 0 2 0
2548 3 0 0 2 0
2549 0 0 0 0 0
2550 0 0 0 0 0
2551 0 0 0 0 0
2552 0 0 0 0 0
2553 0 0 0 0 0
2554 0 0 0 0 0
2555 0 0 0 0 0
2556 0 0 0 0 0
2557 0 0 0 0 0
2558 0 0 0 0 0
2559 0 0 0 0 0
2560 0 0 0 0 0
2561 0 0 0 0 0
2562 0 0 0 0 0
2563 0 0 0 0 0
2564 0 0 0 0 0
2565 0 0 0 0 0
2566 0 0 0 0 0
2567 0 0 0 0 0
2568 0 0 0 0 0
2569 0 0 0 0 0
2570 0 0 0 0 0
2571 0 0 0 0 0
2572 0 0 0 0 0
2573 0 0 0 0 0
2574 0 0 0 0 0
2575 0 0 0 0 0
2576 0 0 0 0 0
2577 0 0 0 0 0
2578 0 0 0 0 0
2579 0 0 0 0 0
2580 0 0 0 0 0
2581 0 0 0 0 0
2582 0 0 0 0 0
2583 0 0 0 0 0
2584 0 0 0 0 0
2585 0 0 0 0 0
2586 0 0 0 0 0
2587 0 0 0 0 0
2588 0 0 0 0 0
2589 0 0 0 0 0
2590 0 0 0 0 0
2591 0 0 0 0 0
2592 0 0 0 0 0
2593 0 0 0 0 0
2594 0 0 0 0 1
2595 0 0 0 0 1
2596 0 0 0 0 1
2597 0 0 0 0 1
2598 0 0 0 0 1
2599 0 0 0 0 1
2600 0 0 0 0 1
2601 0 0 0 0 1
2602 0 0 0 0 1
2603 0 0 0 0 1
2604 0 0 0 0 1
2605 0 0 0 0 1
2606 0 0 0 0 1
2607 0 0 0 0 1
2608 0 0 0 0 1
2609 0 0 0 0 1
2610 0 0 0 0 1
2611 0 0 0 0 1
2612 0 0 0 0 1
2613 0 0 0 0 1
2614 0 0 0 0 1
2615 0 0 0 0 1
2616 0 0 0 0 1
2617 0 0 0 0 1
2618 0 0 0 0 1
2619 0 0 0 0 1
2620 0 0 0 0 1
2621 0 0 0 0 1
2622 0 0 0 0 1
2623 0 0 0 0 1
2624 2 0 0 0 0
2625 2 0 0 0 0
2626 2 0 0 0 0
2627 2 0 0 0 0
2628 2 0 0 0 0
2629 2 0 0 0 0
2630 2 0 0 0 0
2631 2 0 0 0 0
2632 2 0 0 0 0
2633 2 0 0 0 0
2634 2 0 0 0 0
2635 2 0 0 0 0
2636 2 0 0 0 0
2637 2 0 0 0 0
2638 2 0 0 0 0
2639 2 0 0 0 0
2640 2 0 0 0 0
2641 2 0 0 0 0
2642 2 0 0 0 0
2643 2 0 0 0 0
2644 0 0 0 0 0
2645 0 0 0 0 0
2646 0 0 0 0 0
2647 0 0 0 0 0
2648 0 0 0 0 0
2649 0 0 0 0 0
2650 0 0 0 0 0
2651 0 0 0 0 0
2652 0 0 0 0 0
2653 0 0 0 0 0
2654 0 0 0 0 0
2655 0 0 0 0 0
2656 0 0 0 0 0
2657 0 0 0 0 0
2658 0 0 0 0 0
2659 0 0 0 0 0
2660 0 0 0 0 0
2661 0 0 0 0 0
2662 0 0 0 0 0
2663 0 0 0 0 0
2664 0 0 0 0 0
2665 0 0 0 0 0
2666 0 0 0 0 0
2667 0 0 0 0 0
2668 0 0 0 0 0
2669 0 0 0 0 0
2670 0 0 0 0 0
2671 0 0 0 0 0
2672 0 0 0 0 0
2673 0 0 0 0 0
2674 0 0 0 0 0
2675 0 0 0 0 0
2676 0 0 0 0 0
2677 0 0 0 0 0
2678 0 0 0 0 0
2679 0 0 0 0 0
2680 0 0 0 0 0
2681 0 0 0 0 0
2682 0 0 0 0 0
2683 0 0 0 0 0
2684 0 0 0 0 0
2685 0 0 0 0 0
2686 0 0 0 0 0
2687 0 0 0 0 0
2688 0 0 0 0 0
2689 0 0 0 0 0
2690 0 0 0 0 0
2691 0 0 0 0 0
2692 0 0 0 0 0
2693 0 0 0 0 0
2694 0 0 0 0 0
2695 0 0 0 0 0
2696 0 0 0 0 0
2697 0 0 0 0 0
2698 0 0 0 0 0
2699 0 0 0 0 0
2700 0 0 0 0 0
2701 0 0 0 0 0
2702 0 0 0 0 0
2703 0 0 0 0 0
2704 0 0 0 0 1
2705 0 0 0 0 1
2706 0 0 0 0 1
2707 0 0 0 0 1
2708 0 0 0 0 1
2709 0 0 0 0 1
2710 0 0 0 0 1
2711 0 0 0 0 1
2712 0 0 0 0 1
2713 0 0 0 0 1
2714 0 0 0 0 1
2715 0 0 0 0 1
2716 0 0 0 0 1
2717 0 0 0 0 1
2718 0 0 0 0 1
2719 0 0 0 0 0
2720 0 0 0 0 0
2721 0 0 0 0 0
2722 0 0 0 0 0
2723 0 0 0 0 0
2724 0 0 0 0 0
2725 0 0 0 0 0
2726 0 0 0 0 0
2727 0 0 0 0 0
2728 0 0 0 0 0
2729 0 0 0 0 0
2730 0 0 0 0 0
2731 0 0 0 0 0
2732 0 0 0 0 0
2733 0 0 0 0 0
2734 0 0 0 0 2
2735 0 0 0 0 2
2736 0 0 0 0 2
2737 0 0 0 0 2
2738 0 0 0 0 2
2739 0 0 0 0 2
2740 0 0 0 0 2
2741 0 0 0 0 2
2742 0 0 0 0 2
2743 0 0 0 0 2
2744 0 0 0 0 2
2745 0 0 0 0 2
2746 0 0 0 0 2
2747 0 0 0 0 2
2748 0 0 0 0 2
2749 0 0 0 0 2
2750 0 0 0 0 2
2751 0 0 0 0 2
2752 0 0 0 0 2
2753 0 0 0 0 2
2754 0 0 0 0 2
2755 0 0 0 0 2
2756 0 0 0 0 2
2757 0 0 0 0 2
2758 0 0 0 0 2
2759 0 0 0 0 2
2760 0 0 0 0 2
2761 0 0 0 0 2
2762 0 0 0 0 2
2763 0 0 0 0 2
2764 0 0 0 0 2
2765 0 0 0 0 2
2766 0 0 0 0 2
2767 0 0 0 0 2
2768 0 0 0 0 2
2769 0 0 0 0 2
2770 0 0 0 0 2
2771 0 0 0 0 2
2772 0 0 0 0 2
2773 0 0 0 0 2
2774 0 0 0 0 2
2775 0 0 0 0 2
2776 0 0 0 0 2
2777 0 0 0 0 2
2778 0 0 0 0 2
2779 0 0 2 0 2
2780 0 0 2 0 2
2781 0 0 2 0 2
2782 0 0 2 0 2
2783 0 0 2 0 2
2784 0 0 2 0 2
2785 0 0 2 0 2
2786 0 0 2 0 2
2787 0 0 2 0 2
2788 0 0 2 0 2
2789 0 0 2 0 2
2790 0 0 2 0 2
2791 0 0 2 0 2
2792 0 0 2 0 2
2793 0 0 2 0 2
2794 0 0 0 0 0
2795 0 0 0 0 0
2796 0 0 0 0 0
2797 0 0 0 0 0
2798 0 0 0 0 0
2799 0 0 0 0 0
2800 0 0 0 0 0
2801 0 0 0 0 0
2802 0 0 0 0 0
2803 0 0 0 0 0
2804 0 0 0 0 0
2805 0 0 0 0 0
2806 0 0 0 0 0
2807 0 0 0 0 0
2808 0 0 0 0 0
2809 0 0 0 0 0
2810 0 0 0 0 0
2811 0 0 0 0 0
2812 0 0 0 0 0
2813 0 0 0 0 0
2814 0 0 0 0 0
2815 0 0 0 0 0
2816 0 0 0 0 0
2817 0 0 0 0 0
2818 0 0 0 0 0
2819 0 0 0 0 0
2820 0 0 0 0 0
2821 0 0 0 0 0
2822 0 0 0 0 0
2823 0 0 0 0 0
2824 0 0 0 0 0
2825 0 0 0 0 0
2826 0 0 0 0 0
2827 0 0 0 0 0
2828 0 0 0 0 0
2829 0 0 0 0 0
2830 0 0 0 0 0
2831 0 0 0 0 0
2832 0 0 0 0 0
2833 0 0 0 0 0
2834 0 0 0 0 0
2835 0 0 0 0 0
2836 0 0 0 0 0
2837 0 0 0 0 0
2838 0 0 0 0 0
2839 0 0 0 0 0
2840 0 0 0 0 0
2841 0 0 0 0 0
2842 0 0 0 0 0
2843 0 0 0 0 0
2844 0 0 0 0 0
2845 0 0 0 0 0
2846 0 0 0 0 0
2847 0 0 0 0 0
2848 0 0 0 0 0
2849 0 0 0 0 0
2850 0 0 0 0 0
2851 0 0 0 0 0
2852 0 0 0 0 0
2853 0 0 0 0 0
2854 0 0 0 0 1
2855 0 0 0 0 1
2856 0 0 0 0 1
2857 0 0 0 0 1
2858 0 0 0 0 1
2859 0 0 0 0 1
2860 0 0 0 0 1
2861 0 0 0 0 1
2862 0 0 0 0 1
2863 0 0 0 0 1
2864 0 0 0 0 1
2865 0 0 0 0 1
2866 0 0 0 0 1
2867 0 0 0 0 1
2868 0 0 0 0 1
2869 0 0 0 0 2
2870 0 0 0 0 2
2871 0 0 0 0 2
2872 0 0 0 0 2
2873 0 0 0 0 2
2874 0 0 0 0 2
2875 0 0 0 0 2
2876 0 0 0 0 2
2877 0 0 0 0 2
2878 0 0 0 0 2
2879 0 0 0 0 2
2880 0 0 0 0 2
2881 0 0 0 0 2
2882 0 0 0 0 2
2883 0 0 0 0 2
2884 0 0 0 0 2
2885 0 0 0 0 2
2886 0 0 0 0 2
2887 0 0 0 0 2
2888 0 0 0 0 2
2889 0 0 0 0 2
2890 0 0 0 0 2
2891 0 0 0 0 2
2892 0 0 0 0 2
2893 0 0 0 0 2
2894 0 0 0 0 2
2895 0 0 0 0 2
2896 0 0 0 0 2
2897 0 0 0 0 2
2898 0 0 0 0 2
2899 0 0 0 0 2
2900 0 0 0 0 2
2901 0 0 0 0 2
2902 0 0 0 0 2
2903 0 0 0 0 2
2904 0 0 0 0 2
2905 0 0 0 0 2
2906 0 0 0 0 2
2907 0 0 0 0 2
2908 0 0 0 0 2
2909 0 0 0 0 2
2910 0 0 0 0 2
2911 0 0 0 0 2
2912 0 0 0 0 2
2913 0 0 0 0 2
2914 0 0 0 0 2
2915 0 0 0 0 2
2916 0 0 0 0 2
2917 0 0 0 0 2
2918 0 0 0 0 2
2919 0 0 0 0 2
2920 0 0 0 0 2
2921 0 0 0 0 2
2922 0 0 0 0 2
2923 0 0 0 0 2
2924 0 0 0 0 2
2925 0 0 0 0 2
2926 0 0 0 0 2
2927 0 0 0 0 2
2928 0 0 0 0 2
2929 0 0 0 0 2
2930 0 0 0 0 2
2931 0 0 0 0 2
2932 0 0 0 0 2
2933 0 0 0 0 2
2934 0 0 0 0 2
2935 0 0 0 0 2
2936 0 0 0 0 2
2937 0 0 0 0 2
2938 0 0 0 0 2
2939 0 0 0 0 2
2940 0 0 0 0 2
2941 0 0 0 0 2
2942 0 0 0 0 2
2943 0 0 0 0 2
2944 0 0 0 0 0
2945 0 0 0 0 0
2946 0 0 0 0 0
2947 0 0 0 0 0
2948 0 0 0 0 0
2949 0 0 0 0 0
2950 0 0 0 0 0
2951 0 0 0 0 0
2952 0 0 0 0 0
2953 0 0 0 0 0
2954 0 0 0 0 0
2955 0 0 0 0 0
2956 0 0 0 0 0
2957 0 0 0 0 0
2958 0 0 0 0 0
2959 0 0 0 0 0
2960 0 0 0 0 0
2961 0 0 0 0 0
2962 0 0 0 0 0
2963 0 0 0 0 0
2964 0 0 0 0 0
2965 0 0 0 0 0
2966 0 0 0 0 0
2967 0 0 0 0 0
2968 0 0 0 0 0
2969 0 0 0 0 0
2970 0 0 0 0 0
2971 0 0 0 0 0
2972 0 0 0 0 0
2973 0 0 0 0 0
2974 0 0 0 0 0
2975 0 0 0 0 0
2976 0 0 3 0 0
2977 0 0 3 0 0
2978 0 0 3 0 0
2979 0 0 0 0 0
2980 0 0 0 0 0
2981 0 0 0 0 0
2982 0 0 0 0 0
2983 0 0 0 0 0
2984 0 0 0 0 0
2985 0 0 0 0 0
2986 0 0 0 0 0
2987 0 0 0 0 0
2988 0 0 0 0 0
2989 0 0 0 0 0
2990 0 0 0 0 0
2991 0 0 0 0 0
2992 0 0 0 0 0
2993 0 0 0 0 0
2994 0 0 0 0 0
2995 0 0 0 0 0
2996 0 0 0 0 0
2997 0 0 0 0 0
2998 0 0 0 0 0
2999 0 0 0 0 0
3000 0 0 0 0 0
3001 0 0 0 0 0
3002 0 0 0 0 0
3003 0 0 0 0 0
3004 0 0 0 0 0
3005 0 0 0 0 0
3006 0 0 0 0 0
3007 0 0 0 0 0
3008 0 0 0 0 0
3009 0 0 0 0 0
3010 0 0 0 0 0
3011 0 0 0 0 0
3012 0 0 0 0 0
3013 0 0 0 0 0
3014 0 0 0 0 0
3015 0 0 0 0 0
3016 0 0 0 0 0
3017 0 0 0 0 0
3018 0 0 0 0 0
3019 0 0 0 0 0
3020 0 0 0 0 0
3021 0 0 0 0 0
3022 0 0 0 0 0
3023 0 0 0 0 0
3024 0 0 0 0 0
3025 0 0 0 0 0
3026 0 0 0 0 0
3027 0 0 0 0 0
3028 0 0 0 0 0
3029 0 0 0 0 0
3030 0 0 0 0 0
3031 0 0 0 0 0
3032 0 0 0 0 0
3033 0 0 0 0 0
3034 0 0 0 0 0
3035 0 0 0 0 0
3036 0 0 0 0 0
3037 0 0 0 0 0
3038 0 0 0 0 0
3039 0 0 0 0 0
3040 0 0 0 0 0
3041 0 0 0 0 0
3042 0 0 0 0 0
3043 0 0 0 0 0
3044 0 0 0 0 0
3045 0 0 0 0 0
3046 0 0 0 0 0
3047 0 0 0 0 0
3048 0 0 0 0 0
3049 0 0 0 0 0
3050 0 0 0 0 0
3051 0 0 0 0 0
3052 0 0 0 0 0
3053 0 0 0 0 0
3054 0 0 0 0 0
3055 0 0 0 0 0
3056 0 0 0 0 0
3057 0 0 0 0 0
3058 0 0 0 0 0
3059 0 0 0 0 0
3060 0 0 0 0 0
3061 0 0 0 0 0
3062 0 0 0 0 0
3063 0 0 0 0 0
3064 0 0 0 0 0
3065 0 0 0 0 0
3066 0 0 0 0 0
3067 0 0 0 0 0
3068 0 0 0 0 0
3069 0 0 0 0 0
3070 0 0 0 0 0
3071 0 0 0 0 0
3072 0 0 0 0 0
3073 0 0 0 0 0
3074 0 0 0 0 0
3075 0 0 0 0 0
3076 0 0 0 0 0
3077 0 0 0 0 0
3078 0 0 0 0 0
3079 0 0 0 0 0
3080 0 0 0 0 0
3081 0 0 0 0 0
3082 0 0 0 0 0
3083 0 0 0 0 0
3084 0 0 0 0 0
3085 0 0 0 0 0
3086 0 0 0 0 0
3087 0 0 0 0 0
3088 0 0 0 0 0
3089 0 0 0 0 0
3090 0 0 0 0 0
3091 0 0 0 0 0
3092 0 0 0 0 0
3093 0 0 0 0 0
3094 0 0 0 0 0
3095 0 0 0 0 0
3096 0 0 0 0 0
3097 3 0 3 0 0
3098 3 0 3 0 0
3099 3 0 3 0 0
3100 3 0 3 0 0
3101 3 0 3 0 0
3102 3 0 3 0 0
3103 3 0 3 0 0
3104 3 0 3 0 0
3105 3 0 3 0 0
3106 3 0 3 0 0
3107 3 0 3 0 0
3108 3 0 3 0 0
3109 3 0 3 0 0
3110 3 0 3 0 0
3111 3 0 3 0 0
3112 0 0 0 0 0
3113 0 0 0 0 0
3114 0 0 0 0 0
3115 0 0 0 0 0
3116 0 0 0 0 0
3117 0 0 0 0 0
3118 0 0 0 0 0
3119 0 0 0 0 0
3120 0 0 0 0 0
3121 0 0 0 0 0
3122 0 0 0 0 0
3123 0 0 0 0 0
3124 0 0 0 0 0
3125 0 0 0 0 0
3126 0 0 0 0 0
3127 0 0 0 0 0
