0 0 0 0 0 0
1 0 0 0 0 0
2 0 0 0 0 0
3 0 0 0 0 0
4 0 0 0 0 0
5 0 0 0 0 0
6 0 0 0 0 0
7 0 0 0 0 0
8 0 0 0 0 0
9 0 0 0 0 0
10 0 0 0 0 0
11 0 0 0 0 0
12 0 0 0 0 0
13 0 0 0 0 0
14 0 0 0 0 0
15 0 0 0 0 0
16 0 0 0 0 0
17 0 0 0 0 0
18 0 0 0 0 0
19 0 0 0 0 0
20 0 0 0 0 0
21 0 0 0 0 0
22 0 0 0 0 0
23 0 0 0 0 0
24 0 0 0 0 0
25 0 0 0 0 0
26 0 0 0 0 0
27 0 0 0 0 0
28 0 0 0 0 0
29 0 0 0 0 0
30 0 0 0 0 0
31 0 0 0 0 0
32 0 0 0 0 0
33 0 0 0 0 0
34 0 0 0 0 0
35 0 0 0 0 0
36 0 0 0 0 0
37 0 0 0 0 0
38 0 0 0 0 0
39 0 0 0 0 0
40 0 0 0 0 0
41 0 0 0 0 0
42 0 0 0 0 0
43 0 0 0 0 0
44 0 0 0 0 0
45 0 0 0 0 0
46 3 0 3 0 0
47 3 0 3 0 0
48 3 0 3 0 0
49 3 0 3 0 0
50 3 0 3 0 0
51 3 0 3 0 0
52 3 0 3 0 0
53 3 0 3 0 0
54 3 0 3 0 0
55 3 0 3 0 0
56 3 0 3 0 0
57 3 0 3 0 0
58 3 0 3 0 0
59 3 0 3 0 0
60 3 0 3 0 0
61 3 0 3 0 0
62 3 0 3 0 0
63 3 0 3 0 0
64 3 0 3 0 0
65 3 0 3 0 0
66 3 0 3 0 0
67 3 0 3 0 0
68 3 0 3 0 0
69 3 0 3 0 0
70 3 0 3 0 0
71 3 0 3 0 0
72 3 0 3 0 0
73 3 0 3 0 0
74 3 0 3 0 0
75 3 0 3 0 0
76 3 0 3 0 0
77 3 0 3 0 0
78 3 0 3 0 0
79 3 0 3 0 0
80 3 0 3 0 0
81 3 0 3 0 0
82 3 0 3 0 0
83 3 0 3 0 0
84 3 0 3 0 0
85 3 0 3 0 0
86 3 0 3 0 0
87 3 0 3 0 0
88 3 0 3 0 0
89 3 0 3 0 0
90 3 0 3 0 0
91 3 0 2 0 0
92 3 0 2 0 0
93 3 0 2 0 0
94 3 0 2 0 0
95 3 0 2 0 0
96 3 0 2 0 0
97 3 0 2 0 0
98 3 0 2 0 0
99 3 0 2 0 0
100 3 0 2 0 0
101 3 0 2 0 0
102 3 0 2 0 0
103 3 0 2 0 0
104 3 0 2 0 0
105 3 0 2 0 0
106 3 0 3 0 0
107 3 0 3 0 0
108 3 0 3 0 0
109 3 0 3 0 0
110 3 0 3 0 0
111 3 0 3 0 0
112 3 0 3 0 0
113 3 0 3 0 0
114 3 0 3 0 0
115 3 0 3 0 0
116 3 0 3 0 0
117 3 0 3 0 0
118 3 0 3 0 0
119 3 0 3 0 0
120 3 0 3 0 0
121 3 0 3 0 0
122 3 0 3 0 0
123 3 0 3 0 0
124 3 0 3 0 0
125 3 0 3 0 0
126 3 0 3 0 0
127 3 0 3 0 0
128 3 0 3 0 0
129 3 0 3 0 0
130 3 0 3 0 0
131 3 0 3 0 0
132 3 0 3 0 0
133 3 0 3 0 0
134 3 0 3 0 0
135 3 0 3 0 0
136 3 0 3 0 0
137 3 0 3 0 0
138 3 0 3 0 0
139 3 0 3 0 0
140 3 0 3 0 0
141 3 0 3 0 0
142 3 0 3 0 0
143 3 0 3 0 0
144 3 0 3 0 0
145 3 0 3 0 0
146 3 0 3 0 0
147 3 0 3 0 0
148 3 0 3 0 0
149 3 0 3 0 0
150 3 0 3 0 0
151 3 0 3 0 0
152 3 0 3 0 0
153 3 0 3 0 0
154 3 0 3 0 0
155 3 0 3 0 0
156 3 0 3 0 0
157 3 0 3 0 0
158 3 0 3 0 0
159 3 0 3 0 0
160 3 0 3 0 0
161 3 0 3 0 0
162 3 0 3 0 0
163 3 0 3 0 0
164 3 0 3 0 0
165 3 0 3 0 0
166 3 0 3 0 0
167 3 0 3 0 0
168 3 0 3 0 0
169 3 0 3 0 0
170 3 0 3 0 0
171 3 0 3 0 0
172 3 0 3 0 0
173 3 0 3 0 0
174 0 0 2 0 1
175 0 0 2 0 1
176 0 0 2 0 1
177 0 0 2 0 1
178 0 0 2 0 1
179 0 0 2 0 1
180 0 0 2 0 1
181 0 0 2 0 1
182 0 0 2 0 1
183 0 0 2 0 1
184 0 0 2 0 1
185 0 0 2 0 1
186 0 0 2 0 1
187 0 0 2 0 1
188 0 0 2 0 1
189 0 0 3 0 0
190 0 0 3 0 0
191 0 0 3 0 0
192 0 0 3 0 0
193 0 0 3 0 0
194 0 0 3 0 0
195 0 0 3 0 0
196 0 0 3 0 0
197 0 0 3 0 0
198 0 0 3 0 0
199 0 0 3 0 0
200 0 0 3 0 0
201 0 0 3 0 0
202 0 0 3 0 0
203 0 0 3 0 0
204 0 0 3 0 0
205 0 0 3 0 0
206 0 0 3 0 0
207 0 0 3 0 0
208 0 0 3 0 0
209 0 0 3 0 0
210 0 0 3 0 0
211 0 0 3 0 0
212 0 0 3 0 0
213 0 0 3 0 0
214 0 0 3 0 0
215 0 0 3 0 0
216 0 0 3 0 0
217 0 0 3 0 0
218 0 0 3 0 0
219 0 0 0 0 0
220 0 0 0 0 0
221 0 0 0 0 0
222 0 0 0 0 0
223 0 0 0 0 0
224 0 0 0 0 0
225 0 0 0 0 0
226 0 0 0 0 0
227 0 0 0 0 0
228 0 0 0 0 0
229 0 0 0 0 0
230 0 0 0 0 0
231 0 0 0 0 0
232 0 0 0 0 0
233 0 0 0 0 0
234 0 0 0 0 0
235 0 0 0 0 0
236 0 0 0 0 0
237 0 0 0 0 0
238 0 0 0 0 0
239 0 0 0 0 0
240 0 0 0 0 0
241 0 0 0 0 0
242 0 0 0 0 0
243 0 0 0 0 0
244 0 0 0 0 0
245 0 0 0 0 0
246 0 0 0 0 0
247 0 0 0 0 0
248 0 0 0 0 0
249 0 0 0 0 0
250 0 0 0 0 0
251 0 0 0 0 0
252 0 0 0 0 0
253 0 0 0 0 0
254 0 0 0 0 0
255 0 0 0 0 0
256 0 0 0 0 0
257 0 0 0 0 0
258 0 0 0 0 0
259 0 0 0 0 0
260 0 0 0 0 0
261 0 0 0 0 0
262 0 0 0 0 0
263 0 0 0 0 0
264 0 0 0 0 0
265 0 0 0 0 0
266 0 0 0 0 0
267 0 0 0 0 0
268 0 0 0 0 0
269 0 0 0 0 0
270 0 0 0 0 0
271 0 0 0 0 0
272 0 0 0 0 0
273 0 0 0 0 0
274 0 0 0 0 0
275 0 0 0 0 0
276 0 0 0 0 0
277 0 0 0 0 0
278 0 0 0 0 0
279 2 0 0 0 0
280 2 0 0 0 0
281 2 0 0 0 0
282 2 0 0 0 0
283 2 0 0 0 0
284 2 0 0 0 0
285 2 0 0 0 0
286 2 0 0 0 0
287 2 0 0 0 0
288 2 0 0 0 0
289 2 0 0 0 0
290 2 0 0 0 0
291 2 0 0 0 0
292 2 0 0 0 0
293 2 0 0 0 0
294 2 0 0 0 0
295 2 0 0 0 0
296 2 0 0 0 0
297 2 0 0 0 0
298 2 0 0 0 0
299 2 0 0 0 0
300 2 0 0 0 0
301 2 0 0 0 0
302 2 0 0 0 0
303 2 0 0 0 0
304 2 0 0 0 0
305 2 0 0 0 0
306 2 0 0 0 0
307 2 0 0 0 0
308 2 0 0 0 0
309 0 2 3 0 0
310 0 2 3 0 0
311 0 2 3 0 0
312 0 2 3 0 0
313 0 2 3 0 0
314 0 2 3 0 0
315 0 2 3 0 0
316 0 2 3 0 0
317 0 2 3 0 0
318 0 2 3 0 0
319 0 2 3 0 0
320 0 2 3 0 0
321 0 2 3 0 0
322 0 2 3 0 0
323 0 2 3 0 0
324 0 0 0 0 0
325 0 0 0 0 0
326 0 0 0 0 0
327 0 0 0 0 0
328 0 0 0 0 0
329 0 0 0 0 0
330 0 0 0 0 0
331 0 0 0 0 0
332 0 0 0 0 0
333 0 0 0 0 0
334 0 0 0 0 0
335 0 0 0 0 0
336 0 0 0 0 0
337 0 0 0 0 0
338 0 0 0 0 0
339 0 0 0 0 0
340 0 0 0 0 0
341 0 0 0 0 0
342 0 0 0 0 0
343 0 0 0 0 0
344 0 0 0 0 0
345 0 0 0 0 0
346 0 0 0 0 0
347 0 0 0 0 0
348 0 0 0 0 0
349 0 0 0 0 0
350 0 0 0 0 0
351 0 0 0 0 0
352 0 0 0 0 0
353 0 0 0 0 0
354 0 0 0 0 0
355 0 0 0 0 0
356 0 0 0 0 0
357 0 0 0 0 0
358 0 0 0 0 0
359 0 0 0 0 0
360 0 0 0 0 0
361 0 0 0 0 0
362 0 0 0 0 0
363 0 0 0 0 0
364 0 0 0 0 0
365 0 0 0 0 0
366 0 0 0 0 0
367 0 0 0 0 0
368 0 0 0 0 0
369 0 2 0 0 0
370 0 2 0 0 0
371 0 2 0 0 0
372 0 2 0 0 0
373 0 2 0 0 0
374 0 2 0 0 0
375 0 2 0 0 0
376 0 2 0 0 0
377 0 2 0 0 0
378 0 2 0 0 0
379 0 2 0 0 0
380 0 2 0 0 0
381 0 2 0 0 0
382 0 2 0 0 0
383 0 2 0 0 0
384 0 2 0 0 0
385 0 2 0 0 0
386 0 2 0 0 0
387 0 2 0 0 0
388 0 2 0 0 0
389 0 2 0 0 0
390 0 2 0 0 0
391 0 2 0 0 0
392 0 2 0 0 0
393 0 2 0 0 0
394 0 2 0 0 0
395 0 2 0 0 0
396 0 2 0 0 0
397 0 2 0 0 0
398 0 2 0 0 0
399 2 0 2 0 0
400 2 0 2 0 0
401 2 0 2 0 0
402 2 0 2 0 0
403 2 0 2 0 0
404 2 0 2 0 0
405 2 0 2 0 0
406 2 0 2 0 0
407 2 0 2 0 0
408 2 0 2 0 0
409 2 0 2 0 0
410 2 0 2 0 0
411 2 0 2 0 0
412 2 0 2 0 0
413 2 0 2 0 0
414 2 0 2 0 0
415 2 0 2 0 0
416 2 0 2 0 0
417 2 0 2 0 0
418 2 0 2 0 0
419 2 0 2 0 0
420 2 0 2 0 0
421 2 0 2 0 0
422 2 0 2 0 0
423 2 0 2 0 0
424 2 0 2 0 0
425 2 0 2 0 0
426 2 0 2 0 0
427 2 0 2 0 0
428 2 0 2 0 0
429 2 0 2 0 0
430 2 0 2 0 0
431 2 0 2 0 0
432 2 0 2 0 0
433 2 0 2 0 0
434 2 0 2 0 0
435 2 0 2 0 0
436 2 0 2 0 0
437 2 0 2 0 0
438 2 0 2 0 0
439 2 0 2 0 0
440 2 0 2 0 0
441 2 0 2 0 0
442 2 0 2 0 0
443 2 0 0 0 0
444 2 0 0 0 0
445 2 0 0 0 0
446 2 0 0 0 0
447 2 0 0 0 0
448 2 0 0 0 0
449 2 0 0 0 0
450 2 0 0 0 0
451 2 0 0 0 0
452 2 0 0 0 0
453 2 0 0 0 0
454 2 0 0 0 0
455 2 0 0 0 0
456 2 0 0 0 0
457 2 0 0 0 0
458 2 0 0 0 0
459 2 0 0 0 0
460 2 0 0 0 0
461 2 0 0 0 0
462 2 0 0 0 0
463 2 0 0 0 0
464 2 0 0 0 0
465 2 0 0 0 0
466 2 0 0 0 0
467 2 0 0 0 0
468 2 0 0 0 0
469 2 0 0 0 0
470 2 0 0 0 0
471 2 0 0 0 0
472 2 0 0 0 0
473 0 0 2 0 0
474 0 0 2 0 0
475 0 0 2 0 0
476 0 0 2 0 0
477 0 0 2 0 0
478 0 0 2 0 0
479 0 0 2 0 0
480 0 0 2 0 0
481 0 0 2 0 0
482 0 0 2 0 0
483 0 0 2 0 0
484 0 0 2 0 0
485 0 0 2 0 0
486 0 0 2 0 0
487 0 0 2 0 0
488 0 0 0 0 0
489 0 0 0 0 0
490 0 0 0 0 0
491 0 0 0 0 0
492 0 0 0 0 0
493 0 0 0 0 0
494 0 0 0 0 0
495 0 0 0 0 0
496 0 0 0 0 0
497 0 0 0 0 0
498 0 0 0 0 0
499 0 0 0 0 0
500 0 0 0 0 0
501 0 0 0 0 0
502 0 0 0 0 0
503 0 0 0 0 0
504 0 0 0 0 0
505 0 0 0 0 0
506 0 0 0 0 0
507 0 0 0 0 0
508 0 0 0 0 0
509 0 0 0 0 0
510 0 0 0 0 0
511 0 0 0 0 0
512 0 0 0 0 0
513 0 0 0 0 0
514 0 0 0 0 0
515 0 0 0 0 0
516 0 0 0 0 0
517 0 0 0 0 0
518 0 0 0 0 0
519 0 0 0 0 0
520 0 0 0 0 0
521 0 0 0 0 0
522 0 0 0 0 0
523 0 0 0 0 0
524 0 0 0 0 0
525 0 0 0 0 0
526 0 0 0 0 0
527 0 0 0 0 0
528 0 0 0 0 0
529 0 0 0 0 0
530 0 0 0 0 0
531 0 0 0 0 0
532 0 0 0 0 0
533 0 0 0 0 0
534 0 0 0 0 0
535 0 0 0 0 0
536 0 0 0 0 0
537 0 0 0 0 0
538 0 0 0 0 0
539 0 0 0 0 0
540 0 0 0 0 0
541 0 0 0 0 0
542 0 0 0 0 0
543 0 0 0 0 0
544 0 0 0 0 0
545 0 0 0 0 0
546 0 0 0 0 0
547 0 0 0 0 0
548 0 0 0 0 0
549 0 0 0 0 0
550 0 0 0 0 0
551 0 0 0 0 0
552 0 0 0 0 0
553 0 0 0 0 0
554 0 0 0 0 0
555 0 0 0 0 0
556 0 0 0 0 0
557 0 0 0 0 0
558 0 0 0 0 0
559 0 0 0 0 0
560 0 0 0 0 0
561 0 0 0 0 0
562 0 0 0 0 0
563 0 0 0 0 0
564 0 0 0 0 0
565 0 0 0 0 0
566 0 0 0 0 0
567 0 0 0 0 0
568 0 0 0 0 0
569 0 0 0 0 0
570 0 0 0 0 0
571 0 0 0 0 0
572 0 0 0 0 0
573 0 0 0 0 0
574 0 0 0 0 0
575 0 0 0 0 0
576 0 0 0 0 0
577 0 0 0 0 0
578 0 0 0 0 0
579 0 0 0 0 0
580 0 0 0 0 0
581 0 0 0 0 0
582 0 0 0 0 0
583 0 0 0 0 0
584 0 0 0 0 0
585 0 0 0 0 0
586 0 0 0 0 0
587 0 0 0 0 0
588 0 0 0 0 0
589 0 0 0 0 0
590 0 0 0 0 0
591 0 0 0 0 0
592 0 0 0 0 0
593 0 0 0 0 0
594 0 0 0 0 0
595 0 0 0 0 0
596 0 0 0 0 0
597 0 0 0 0 0
598 0 0 0 0 0
599 0 0 0 0 0
600 0 0 0 0 0
601 0 0 0 0 0
602 0 0 0 0 0
603 0 0 0 0 0
604 0 0 0 0 0
605 0 0 0 0 0
606 0 0 0 0 0
607 0 0 0 0 0
608 0 0 0 0 0
609 0 0 0 0 0
610 0 0 0 0 0
611 0 0 0 0 0
612 0 0 0 0 0
613 0 0 0 0 0
614 0 0 0 0 0
615 0 0 0 0 0
616 0 0 0 0 0
617 0 0 0 0 0
618 0 0 0 0 0
619 0 0 0 0 0
620 0 0 0 0 0
621 0 0 0 0 0
622 0 0 0 0 0
623 0 0 0 0 0
624 0 0 0 0 0
625 0 0 0 0 0
626 0 0 0 0 0
627 0 0 0 0 0
628 0 0 0 0 0
629 0 0 0 0 0
630 0 0 0 0 0
631 0 0 0 0 0
632 0 0 0 0 0
633 0 0 0 0 0
634 0 0 0 0 0
635 0 0 0 0 0
636 0 0 0 0 0
637 0 0 0 0 0
638 0 0 0 0 0
639 0 0 0 0 0
640 0 0 0 0 0
641 0 0 0 0 0
642 0 0 0 0 0
643 0 0 0 0 0
644 0 0 0 0 0
645 0 0 0 0 0
646 0 0 0 0 0
647 0 0 0 0 0
648 0 0 0 0 0
649 0 0 0 0 0
650 0 0 0 0 0
651 0 0 0 0 0
652 0 0 0 0 0
653 0 0 0 0 0
654 0 0 0 0 0
655 0 0 0 0 0
656 0 0 0 0 0
657 0 0 0 0 0
658 0 0 0 0 0
659 0 0 0 0 0
660 0 0 0 0 0
661 0 0 0 0 0
662 0 0 0 0 0
663 0 0 0 0 0
664 0 0 0 0 0
665 0 0 0 0 0
666 0 0 0 0 0
667 0 0 0 0 0
668 0 0 0 0 0
669 0 0 0 0 0
670 0 0 0 0 0
671 0 0 0 0 0
672 0 0 0 0 0
673 0 0 0 0 0
674 0 0 0 0 0
675 0 0 0 0 0
676 0 0 0 0 0
677 0 0 0 0 0
678 0 0 0 0 0
679 0 0 0 0 0
680 0 0 0 0 0
681 0 0 0 0 0
682 0 0 0 0 0
683 0 0 0 0 0
684 0 0 0 0 0
685 0 0 0 0 0
686 0 0 0 0 0
687 0 0 0 0 0
688 0 0 0 0 0
689 0 0 0 0 0
690 0 0 0 0 0
691 0 0 0 0 0
692 0 0 0 0 0
693 0 0 0 0 0
694 0 0 0 0 0
695 0 0 0 0 0
696 0 0 0 0 0
697 0 2 0 0 1
698 0 2 0 0 1
699 0 2 0 0 1
700 0 2 0 0 1
701 0 2 0 0 1
702 0 2 0 0 1
703 0 2 0 0 1
704 0 2 0 0 1
705 0 2 0 0 1
706 0 2 0 0 1
707 0 2 0 0 1
708 0 2 0 0 1
709 0 2 0 0 1
710 0 2 0 0 1
711 0 2 0 0 1
712 2 0 0 0 1
713 2 0 0 0 1
714 2 0 0 0 1
715 2 0 0 0 1
716 2 0 0 0 1
717 2 0 0 0 1
718 2 0 0 0 1
719 2 0 0 0 1
720 2 0 0 0 1
721 2 0 0 0 1
722 2 0 0 0 1
723 2 0 0 0 1
724 2 0 0 0 1
725 2 0 0 0 1
726 2 0 0 0 1
727 0 2 0 0 2
728 0 2 0 0 2
729 0 2 0 0 2
730 0 2 0 0 2
731 0 2 0 0 2
732 0 2 0 0 2
733 0 2 0 0 2
734 0 2 0 0 2
735 0 2 0 0 2
736 0 2 0 0 2
737 0 2 0 0 2
738 0 2 0 0 2
739 0 2 0 0 2
740 0 2 0 0 2
741 0 2 0 0 2
742 0 2 2 0 2
743 0 2 2 0 2
744 0 2 2 0 2
745 0 2 2 0 2
746 0 2 2 0 2
747 0 2 2 0 2
748 0 2 2 0 2
749 0 2 2 0 2
750 0 2 2 0 2
751 0 2 2 0 2
752 0 2 2 0 2
753 0 2 2 0 2
754 0 2 2 0 2
755 0 2 2 0 2
756 0 2 2 0 2
757 2 0 2 0 2
758 2 0 2 0 2
759 2 0 2 0 2
760 2 0 2 0 2
761 2 0 2 0 2
762 2 0 2 0 2
763 2 0 2 0 2
764 2 0 2 0 2
765 2 0 2 0 2
766 2 0 2 0 2
767 2 0 2 0 2
768 2 0 2 0 2
769 2 0 2 0 2
770 2 0 2 0 2
771 2 0 2 0 2
772 0 2 3 0 0
773 0 2 3 0 0
774 0 2 3 0 0
775 0 2 3 0 0
776 0 2 3 0 0
777 0 2 3 0 0
778 0 2 3 0 0
779 0 2 3 0 0
780 0 2 3 0 0
781 0 2 3 0 0
782 0 2 3 0 0
783 0 2 3 0 0
784 0 2 3 0 0
785 0 2 3 0 0
786 0 2 3 0 0
787 0 2 0 0 1
788 0 2 0 0 1
789 0 2 0 0 1
790 0 2 0 0 1
791 0 2 0 0 1
792 0 2 0 0 1
793 0 2 0 0 1
794 0 2 0 0 1
795 0 2 0 0 1
796 0 2 0 0 1
797 0 2 0 0 1
798 0 2 0 0 1
799 0 2 0 0 1
800 0 2 0 0 1
801 0 2 0 0 1
802 2 0 0 0 1
803 2 0 0 0 1
804 2 0 0 0 1
805 2 0 0 0 1
806 2 0 0 0 1
807 2 0 0 0 1
808 2 0 0 0 1
809 2 0 0 0 1
810 2 0 0 0 1
811 2 0 0 0 1
812 2 0 0 0 1
813 2 0 0 0 1
814 2 0 0 0 1
815 2 0 0 0 1
816 2 0 0 0 1
817 2 0 0 0 2
818 2 0 0 0 2
819 2 0 0 0 2
820 2 0 0 0 2
821 2 0 0 0 2
822 2 0 0 0 2
823 2 0 0 0 2
824 2 0 0 0 2
825 2 0 0 0 2
826 2 0 0 0 2
827 2 0 0 0 2
828 2 0 0 0 2
829 2 0 0 0 2
830 2 0 0 0 2
831 2 0 0 0 2
832 2 0 0 0 1
833 2 0 0 0 1
834 2 0 0 0 1
835 2 0 0 0 1
836 2 0 0 0 1
837 2 0 0 0 1
838 2 0 0 0 1
839 2 0 0 0 1
840 2 0 0 0 1
841 2 0 0 0 1
842 2 0 0 0 1
843 2 0 0 0 1
844 2 0 0 0 1
845 2 0 0 0 1
846 2 0 0 0 1
847 2 0 3 0 1
848 2 0 3 0 1
849 2 0 3 0 1
850 2 0 3 0 1
851 2 0 3 0 1
852 2 0 3 0 1
853 2 0 3 0 1
854 2 0 3 0 1
855 2 0 3 0 1
856 2 0 3 0 1
857 2 0 3 0 1
858 2 0 3 0 1
859 2 0 3 0 1
860 2 0 3 0 1
861 2 0 3 0 1
862 2 0 0 0 1
863 2 0 0 0 1
864 2 0 0 0 1
865 2 0 0 0 1
866 2 0 0 0 1
867 2 0 0 0 1
868 2 0 0 0 1
869 2 0 0 0 1
870 2 0 0 0 1
871 2 0 0 0 1
872 2 0 0 0 1
873 2 0 0 0 1
874 2 0 0 0 1
875 2 0 0 0 1
876 2 0 0 0 1
877 2 0 0 0 1
878 2 0 0 0 1
879 2 0 0 0 1
880 2 0 0 0 1
881 2 0 0 0 1
882 2 0 0 0 1
883 2 0 0 0 1
884 2 0 0 0 1
885 2 0 0 0 1
886 2 0 0 0 1
887 2 0 0 0 1
888 2 0 0 0 1
889 2 0 0 0 1
890 2 0 0 0 1
891 2 0 0 0 1
892 2 0 0 0 1
893 2 0 0 0 1
894 2 0 0 0 1
895 2 0 0 0 1
896 2 0 0 0 1
897 2 0 0 0 1
898 2 0 0 0 1
899 2 0 0 0 1
900 2 0 0 0 1
901 2 0 0 0 1
902 2 0 0 0 1
903 2 0 0 0 1
904 2 0 0 0 1
905 2 0 0 0 1
906 2 0 0 0 1
907 2 0 0 0 2
908 2 0 0 0 2
909 2 0 0 0 2
910 2 0 0 0 2
911 2 0 0 0 2
912 2 0 0 0 2
913 2 0 0 0 2
914 2 0 0 0 2
915 2 0 0 0 2
916 2 0 0 0 2
917 2 0 0 0 2
918 2 0 0 0 2
919 2 0 0 0 2
920 2 0 0 0 2
921 2 0 0 0 2
922 2 0 2 0 2
923 2 0 2 0 2
924 2 0 2 0 2
925 2 0 2 0 2
926 2 0 2 0 2
927 2 0 2 0 2
928 2 0 2 0 2
929 2 0 2 0 2
930 2 0 2 0 2
931 2 0 2 0 2
932 2 0 2 0 2
933 2 0 2 0 2
934 2 0 2 0 2
935 2 0 2 0 2
936 2 0 2 0 2
937 2 0 2 0 2
938 2 0 2 0 2
939 2 0 2 0 2
940 2 0 2 0 2
941 2 0 2 0 2
942 2 0 2 0 2
943 2 0 2 0 2
944 2 0 2 0 2
945 2 0 2 0 2
946 2 0 2 0 2
947 2 0 2 0 2
948 2 0 2 0 2
949 2 0 2 0 2
950 2 0 2 0 2
951 2 0 2 0 2
952 2 0 2 0 2
953 2 0 2 0 2
954 2 0 2 0 2
955 2 0 2 0 2
956 2 0 2 0 2
957 2 0 2 0 2
958 2 0 2 0 2
959 2 0 2 0 2
960 2 0 2 0 2
961 2 0 2 0 2
962 2 0 2 0 2
963 2 0 2 0 2
964 2 0 2 0 2
965 2 0 2 0 2
966 2 0 2 0 2
967 2 0 2 0 2
968 2 0 2 0 2
969 2 0 2 0 2
970 2 0 2 0 2
971 2 0 2 0 2
972 2 0 2 0 2
973 2 0 2 0 2
974 2 0 2 0 2
975 2 0 2 0 2
976 2 0 2 0 2
977 2 0 2 0 2
978 2 0 2 0 2
979 2 0 2 0 2
980 2 0 2 0 2
981 2 0 2 0 2
982 2 0 2 0 2
983 2 0 2 0 2
984 2 0 2 0 2
985 2 0 2 0 2
986 2 0 2 0 2
987 2 0 2 0 2
988 2 0 2 0 2
989 2 0 2 0 2
990 2 0 2 0 2
991 2 0 2 0 2
992 2 0 2 0 2
993 2 0 2 0 2
994 0 0 2 0 2
995 0 0 2 0 2
996 0 0 2 0 2
997 0 0 2 0 2
998 0 0 2 0 2
999 0 0 2 0 2
1000 0 0 2 0 2
1001 0 0 2 0 2
1002 0 0 2 0 2
1003 0 0 2 0 2
1004 0 0 2 0 2
1005 0 0 2 0 2
1006 0 0 2 0 2
1007 0 0 2 0 2
1008 0 0 2 0 2
1009 0 0 0 0 2
1010 0 0 0 0 2
1011 0 0 0 0 2
1012 0 0 0 0 2
1013 0 0 0 0 2
1014 0 0 0 0 2
1015 0 0 0 0 2
1016 0 0 0 0 2
1017 0 0 0 0 2
1018 0 0 0 0 2
1019 0 0 0 0 2
1020 0 0 0 0 2
1021 0 0 0 0 2
1022 0 0 0 0 2
1023 0 0 0 0 2
1024 0 0 2 0 2
1025 0 0 2 0 2
1026 0 0 2 0 2
1027 0 0 2 0 2
1028 0 0 2 0 2
1029 0 0 2 0 2
1030 0 0 2 0 2
1031 0 0 2 0 2
1032 0 0 2 0 2
1033 0 0 2 0 2
1034 0 0 2 0 2
1035 0 0 2 0 2
1036 0 0 2 0 2
1037 0 0 2 0 2
1038 0 0 2 0 2
1039 0 0 2 0 2
1040 0 0 2 0 2
1041 0 0 2 0 2
1042 0 0 2 0 2
1043 0 0 2 0 2
1044 0 0 2 0 2
1045 0 0 2 0 2
1046 0 0 2 0 2
1047 0 0 2 0 2
1048 0 0 2 0 2
1049 0 0 2 0 2
1050 0 0 2 0 2
1051 0 0 2 0 2
1052 0 0 2 0 2
1053 0 0 2 0 2
1054 0 0 3 0 2
1055 0 0 3 0 2
1056 0 0 3 0 2
1057 0 0 3 0 2
1058 0 0 3 0 2
1059 0 0 3 0 2
1060 0 0 3 0 2
1061 0 0 3 0 2
1062 0 0 3 0 2
1063 0 0 3 0 2
1064 0 0 3 0 2
1065 0 0 3 0 2
1066 0 0 3 0 2
1067 0 0 3 0 2
1068 0 0 3 0 2
1069 2 0 3 0 2
1070 2 0 3 0 2
1071 2 0 3 0 2
1072 2 0 3 0 2
1073 2 0 3 0 2
1074 2 0 3 0 2
1075 2 0 3 0 2
1076 2 0 3 0 2
1077 2 0 3 0 2
1078 2 0 3 0 2
1079 2 0 3 0 2
1080 2 0 3 0 2
1081 2 0 3 0 2
1082 2 0 3 0 2
1083 2 0 3 0 2
1084 2 0 2 0 2
1085 2 0 2 0 2
1086 2 0 2 0 2
1087 2 0 2 0 2
1088 2 0 2 0 2
1089 2 0 2 0 2
1090 2 0 2 0 2
1091 2 0 2 0 2
1092 2 0 2 0 2
1093 2 0 2 0 2
1094 2 0 2 0 2
1095 2 0 2 0 2
1096 2 0 2 0 2
1097 2 0 2 0 2
1098 2 0 2 0 2
1099 2 0 2 0 0
1100 2 0 2 0 0
1101 2 0 2 0 0
1102 2 0 2 0 0
1103 2 0 2 0 0
1104 2 0 2 0 0
1105 2 0 2 0 0
1106 2 0 2 0 0
1107 2 0 2 0 0
1108 2 0 2 0 0
1109 2 0 2 0 0
1110 2 0 2 0 0
1111 2 0 2 0 0
1112 2 0 2 0 0
1113 2 0 2 0 0
1114 2 0 2 0 2
1115 2 0 2 0 2
1116 2 0 2 0 2
1117 2 0 2 0 2
1118 2 0 2 0 2
1119 2 0 2 0 2
1120 2 0 2 0 2
1121 2 0 2 0 2
1122 2 0 2 0 2
1123 2 0 2 0 2
1124 2 0 2 0 2
1125 2 0 2 0 2
1126 2 0 2 0 2
1127 2 0 2 0 2
1128 2 0 2 0 2
1129 2 0 2 0 2
1130 2 0 2 0 2
1131 2 0 2 0 2
1132 2 0 2 0 2
1133 2 0 2 0 2
1134 2 0 2 0 2
1135 2 0 2 0 2
1136 2 0 2 0 2
1137 2 0 2 0 2
1138 2 0 2 0 2
1139 2 0 2 0 2
1140 2 0 2 0 2
1141 2 0 2 0 2
1142 2 0 2 0 2
1143 2 0 2 0 2
1144 2 0 2 0 2
1145 2 0 2 0 2
1146 2 0 2 0 2
1147 2 0 2 0 2
1148 2 0 2 0 2
1149 2 0 2 0 2
1150 2 0 2 0 2
1151 2 0 2 0 2
1152 2 0 2 0 2
1153 2 0 2 0 0
1154 2 0 2 0 0
1155 2 0 2 0 0
1156 2 0 2 0 0
1157 2 0 2 0 0
1158 2 0 2 0 0
1159 2 0 2 0 0
1160 2 0 2 0 0
1161 2 0 2 0 0
1162 2 0 2 0 0
1163 2 0 2 0 0
1164 2 0 2 0 0
1165 2 0 2 0 0
1166 2 0 2 0 0
1167 2 0 2 0 0
1168 2 0 2 0 1
1169 2 0 2 0 1
1170 2 0 2 0 1
1171 2 0 2 0 1
1172 2 0 2 0 1
1173 2 0 2 0 1
1174 2 0 2 0 1
1175 2 0 2 0 1
1176 2 0 2 0 1
1177 2 0 2 0 1
1178 2 0 2 0 1
1179 2 0 2 0 1
1180 2 0 2 0 1
1181 2 0 2 0 1
1182 2 0 2 0 1
1183 2 0 2 0 1
1184 2 0 2 0 1
1185 2 0 2 0 1
1186 2 0 2 0 0
1187 2 0 2 0 0
1188 2 0 2 0 0
1189 2 0 2 0 1
1190 2 0 2 0 1
1191 2 0 2 0 1
1192 2 0 2 0 1
1193 2 0 2 0 1
1194 2 0 2 0 1
1195 2 0 2 0 1
1196 2 0 2 0 1
1197 2 0 2 0 1
1198 2 0 2 0 1
1199 2 0 2 0 1
1200 2 0 2 0 1
1201 2 0 2 0 1
1202 2 0 2 0 1
1203 2 0 2 0 1
1204 2 0 2 0 0
1205 2 0 2 0 0
1206 2 0 2 0 0
1207 2 0 2 0 0
1208 2 0 2 0 0
1209 2 0 2 0 0
1210 2 0 2 0 0
1211 2 0 2 0 0
1212 2 0 2 0 0
1213 2 0 2 0 0
1214 2 0 2 0 0
1215 2 0 2 0 0
1216 2 0 2 0 0
1217 2 0 2 0 0
1218 2 0 2 0 0
1219 2 0 2 0 0
1220 2 0 2 0 0
1221 2 0 2 0 0
1222 2 0 2 0 0
1223 2 0 2 0 0
1224 2 0 2 0 0
1225 2 0 2 0 0
1226 2 0 2 0 0
1227 2 0 2 0 0
1228 2 0 2 0 0
1229 2 0 2 0 0
1230 2 0 2 0 0
1231 2 0 2 0 0
1232 2 0 2 0 0
1233 2 0 2 0 0
1234 2 0 2 0 1
1235 2 0 2 0 1
1236 2 0 2 0 1
1237 2 0 2 0 1
1238 2 0 2 0 1
1239 2 0 2 0 1
1240 2 0 2 0 1
1241 2 0 2 0 1
1242 2 0 2 0 1
1243 2 0 2 0 1
1244 2 0 2 0 1
1245 2 0 2 0 1
1246 2 0 2 0 1
1247 2 0 2 0 1
1248 2 0 2 0 1
1249 2 0 2 0 0
1250 2 0 2 0 0
1251 2 0 2 0 0
1252 2 0 2 0 0
1253 2 0 2 0 0
1254 2 0 2 0 0
1255 2 0 2 0 0
1256 2 0 2 0 0
1257 2 0 2 0 0
1258 2 0 2 0 0
1259 2 0 2 0 0
1260 2 0 2 0 0
1261 2 0 2 0 0
1262 2 0 2 0 0
1263 2 0 2 0 0
1264 2 0 2 0 1
1265 2 0 2 0 1
1266 2 0 2 0 1
1267 2 0 2 0 1
1268 2 0 2 0 1
1269 2 0 2 0 1
1270 2 0 2 0 1
1271 2 0 2 0 1
1272 2 0 2 0 1
1273 2 0 2 0 1
1274 2 0 2 0 1
1275 2 0 2 0 1
1276 2 0 2 0 1
1277 2 0 2 0 1
1278 2 0 2 0 1
1279 2 0 2 0 0
1280 2 0 2 0 0
1281 2 0 2 0 0
1282 2 0 2 0 0
1283 2 0 2 0 0
1284 2 0 2 0 0
1285 2 0 2 0 0
1286 2 0 2 0 0
1287 2 0 2 0 0
1288 2 0 2 0 0
1289 2 0 2 0 0
1290 2 0 2 0 0
1291 2 0 2 0 0
1292 2 0 2 0 0
1293 2 0 2 0 0
1294 2 0 2 0 1
1295 2 0 2 0 1
1296 2 0 2 0 1
1297 2 0 2 0 1
1298 2 0 2 0 1
1299 2 0 2 0 1
1300 2 0 2 0 1
1301 2 0 2 0 1
1302 2 0 2 0 1
1303 2 0 2 0 1
1304 2 0 2 0 1
1305 2 0 2 0 1
1306 2 0 2 0 1
1307 2 0 2 0 1
1308 2 0 2 0 1
1309 2 0 2 0 2
1310 2 0 2 0 2
1311 2 0 2 0 2
1312 2 0 2 0 2
1313 2 0 2 0 2
1314 2 0 2 0 2
1315 2 0 2 0 2
1316 2 0 2 0 2
1317 2 0 2 0 2
1318 2 0 2 0 2
1319 2 0 2 0 2
1320 2 0 2 0 2
1321 2 0 2 0 2
1322 2 0 2 0 2
1323 2 0 2 0 2
1324 2 0 2 0 2
1325 2 0 2 0 2
1326 2 0 2 0 2
1327 2 0 2 0 2
1328 2 0 2 0 2
1329 2 0 2 0 2
1330 2 0 2 0 2
1331 2 0 2 0 2
1332 2 0 2 0 2
1333 2 0 2 0 2
1334 2 0 2 0 2
1335 2 0 2 0 2
1336 2 0 2 0 2
1337 2 0 2 0 2
1338 2 0 2 0 2
1339 2 0 2 0 2
1340 2 0 2 0 2
1341 2 0 2 0 2
1342 2 0 2 0 2
1343 2 0 2 0 2
1344 2 0 2 0 2
1345 2 0 2 0 2
1346 2 0 2 0 2
1347 2 0 2 0 2
1348 2 0 2 0 2
1349 2 0 2 0 2
1350 2 0 2 0 2
1351 2 0 2 0 2
1352 2 0 2 0 2
1353 2 0 2 0 2
1354 2 0 2 0 2
1355 2 0 2 0 2
1356 2 0 2 0 2
1357 2 0 2 0 2
1358 2 0 2 0 2
1359 2 0 2 0 2
1360 2 0 2 0 2
1361 2 0 2 0 2
1362 2 0 2 0 2
1363 2 0 2 0 2
1364 2 0 2 0 2
1365 2 0 2 0 2
1366 2 0 2 0 2
1367 2 0 2 0 2
1368 2 0 2 0 2
1369 2 0 2 0 2
1370 2 0 2 0 2
1371 2 0 2 0 2
1372 2 0 2 0 2
1373 2 0 2 0 2
1374 2 0 2 0 2
1375 2 0 2 0 2
1376 2 0 2 0 2
1377 2 0 2 0 2
1378 2 0 2 0 2
1379 2 0 2 0 2
1380 2 0 2 0 2
1381 2 0 2 0 2
1382 2 0 2 0 2
1383 2 0 2 0 2
1384 2 0 2 0 0
1385 2 0 2 0 0
1386 2 0 2 0 0
1387 2 0 2 0 0
1388 2 0 2 0 0
1389 2 0 2 0 0
1390 2 0 2 0 0
1391 2 0 2 0 0
1392 2 0 2 0 0
1393 2 0 2 0 0
1394 2 0 2 0 0
1395 2 0 2 0 0
1396 2 0 2 0 0
1397 2 0 2 0 0
1398 2 0 2 0 0
1399 2 0 2 0 1
1400 2 0 2 0 1
1401 2 0 2 0 1
1402 2 0 2 0 1
1403 2 0 2 0 1
1404 2 0 2 0 1
1405 2 0 2 0 1
1406 2 0 2 0 1
1407 2 0 2 0 1
1408 2 0 2 0 1
1409 2 0 2 0 1
1410 2 0 2 0 1
1411 2 0 2 0 1
1412 2 0 2 0 1
1413 2 0 2 0 1
1414 2 0 2 0 1
1415 2 0 2 0 1
1416 2 0 2 0 1
1417 2 0 2 0 1
1418 2 0 2 0 1
1419 2 0 2 0 1
1420 2 0 2 0 1
1421 2 0 2 0 1
1422 2 0 2 0 1
1423 2 0 2 0 1
1424 2 0 2 0 1
1425 2 0 2 0 1
1426 2 0 2 0 1
1427 2 0 2 0 1
1428 2 0 2 0 1
1429 0 2 2 0 2
1430 0 2 2 0 2
1431 0 2 2 0 2
1432 0 2 2 0 2
1433 0 2 2 0 2
1434 0 2 2 0 2
1435 0 2 2 0 2
1436 0 2 2 0 2
1437 0 2 2 0 2
1438 0 2 2 0 2
1439 0 2 2 0 2
1440 0 2 2 0 2
1441 0 2 2 0 2
1442 0 2 2 0 2
1443 0 2 2 0 2
1444 0 3 2 0 0
1445 0 3 2 0 0
1446 0 3 2 0 0
1447 0 3 2 0 0
1448 0 3 2 0 0
1449 0 3 2 0 0
1450 0 3 2 0 0
1451 0 3 2 0 0
1452 0 3 2 0 0
1453 0 3 2 0 0
1454 0 3 2 0 0
1455 0 3 2 0 0
1456 0 3 2 0 0
1457 0 3 2 0 0
1458 0 3 2 0 0
1459 0 2 2 0 0
1460 0 2 2 0 0
1461 0 2 2 0 0
1462 0 2 2 0 0
1463 0 2 2 0 0
1464 0 2 2 0 0
1465 0 2 2 0 0
1466 0 2 2 0 0
1467 0 2 2 0 0
1468 0 2 2 0 0
1469 0 2 2 0 0
1470 0 2 2 0 0
1471 0 2 2 0 0
1472 0 2 2 0 0
1473 0 2 2 0 0
1474 0 0 2 0 2
1475 0 0 2 0 2
1476 0 0 2 0 2
1477 0 0 2 0 2
1478 0 0 2 0 2
1479 0 0 2 0 2
1480 0 0 2 0 2
1481 0 0 2 0 2
1482 0 0 2 0 2
1483 0 0 2 0 2
1484 0 0 2 0 2
1485 0 0 2 0 2
1486 0 0 2 0 2
1487 0 0 2 0 2
1488 0 0 2 0 2
1489 0 2 2 0 0
1490 0 2 2 0 0
1491 0 2 2 0 0
1492 0 2 2 0 0
1493 0 2 2 0 0
1494 0 2 2 0 0
1495 0 2 2 0 0
1496 0 2 2 0 0
1497 0 2 2 0 0
1498 0 2 2 0 0
1499 0 2 2 0 0
1500 0 2 2 0 0
1501 0 2 2 0 0
1502 0 2 2 0 0
1503 0 2 2 0 0
1504 0 2 2 0 2
1505 0 2 2 0 2
1506 0 2 2 0 2
1507 0 2 2 0 2
1508 0 2 2 0 2
1509 0 2 2 0 2
1510 0 2 2 0 2
1511 0 2 2 0 2
1512 0 2 2 0 2
1513 0 2 2 0 2
1514 0 2 2 0 2
1515 0 2 2 0 2
1516 0 2 2 0 2
1517 0 2 2 0 2
1518 0 2 2 0 2
1519 0 2 0 0 0
1520 0 2 0 0 0
1521 0 2 0 0 0
1522 0 2 0 0 0
1523 0 2 0 0 0
1524 0 2 0 0 0
1525 0 2 0 0 0
1526 0 2 0 0 0
1527 0 2 0 0 0
1528 0 2 0 0 0
1529 0 2 0 0 0
1530 0 2 0 0 0
1531 0 2 0 0 0
1532 0 2 0 0 0
1533 0 2 0 0 0
1534 0 2 0 0 1
1535 0 2 0 0 1
1536 0 2 0 0 1
1537 0 2 0 0 1
1538 0 2 0 0 1
1539 0 2 0 0 1
1540 0 2 0 0 1
1541 0 2 0 0 1
1542 0 2 0 0 1
1543 0 2 0 0 1
1544 0 2 0 0 1
1545 0 2 0 0 1
1546 0 2 0 0 1
1547 0 2 0 0 1
1548 0 2 0 0 1
1549 0 2 2 0 2
1550 0 2 2 0 2
1551 0 2 2 0 2
1552 0 2 2 0 2
1553 0 2 2 0 2
1554 0 2 2 0 2
1555 0 2 2 0 2
1556 0 2 2 0 2
1557 0 2 2 0 2
1558 0 2 2 0 2
1559 0 2 2 0 2
1560 0 2 2 0 2
1561 0 2 2 0 2
1562 0 2 2 0 2
1563 0 2 2 0 2
1564 0 2 2 0 2
1565 0 2 2 0 2
1566 0 2 2 0 2
1567 0 2 2 0 2
1568 0 2 2 0 2
1569 0 2 2 0 2
1570 0 2 2 0 2
1571 0 2 2 0 2
1572 0 2 2 0 2
1573 0 2 2 0 2
1574 0 2 2 0 2
1575 0 2 2 0 2
1576 0 2 2 0 2
1577 0 2 2 0 2
1578 0 2 2 0 2
1579 0 2 2 0 0
1580 0 2 2 0 0
1581 0 2 2 0 0
1582 0 2 2 0 0
1583 0 2 2 0 0
1584 0 2 2 0 0
1585 0 2 2 0 0
1586 0 2 2 0 0
1587 0 2 2 0 0
1588 0 2 2 0 0
1589 0 2 2 0 0
1590 0 2 2 0 0
1591 0 2 2 0 0
1592 0 2 2 0 0
1593 0 2 2 0 0
1594 0 2 2 0 1
1595 0 2 2 0 1
1596 0 2 2 0 1
1597 0 2 2 0 2
1598 0 2 2 0 2
1599 0 2 2 0 2
1600 0 2 2 0 2
1601 0 2 2 0 2
1602 0 2 2 0 2
1603 0 2 2 0 2
1604 0 2 2 0 2
1605 0 2 2 0 2
1606 0 2 2 0 2
1607 0 2 2 0 2
1608 0 2 2 0 2
1609 0 2 2 0 2
1610 0 2 2 0 2
1611 0 2 2 0 2
1612 0 2 0 0 0
1613 0 2 0 0 0
1614 0 2 0 0 0
1615 0 2 0 0 0
1616 0 2 0 0 0
1617 0 2 0 0 0
1618 0 2 0 0 0
1619 0 2 0 0 0
1620 0 2 0 0 0
1621 0 2 0 0 0
1622 0 2 0 0 0
1623 0 2 0 0 0
1624 0 2 0 0 0
1625 0 2 0 0 0
1626 0 2 0 0 0
1627 2 0 2 0 1
1628 2 0 2 0 1
1629 2 0 2 0 1
1630 2 0 2 0 1
1631 2 0 2 0 1
1632 2 0 2 0 1
1633 2 0 2 0 1
1634 2 0 2 0 1
1635 2 0 2 0 1
1636 2 0 2 0 1
1637 2 0 2 0 1
1638 2 0 2 0 1
1639 2 0 2 0 1
1640 2 0 2 0 1
1641 2 0 2 0 1
1642 0 0 2 0 2
1643 0 0 2 0 2
1644 0 0 2 0 2
1645 0 0 2 0 2
1646 0 0 2 0 2
1647 0 0 2 0 2
1648 0 0 2 0 2
1649 0 0 2 0 2
1650 0 0 2 0 2
1651 0 0 2 0 2
1652 0 0 2 0 2
1653 0 0 2 0 2
1654 0 0 2 0 2
1655 0 0 2 0 2
1656 0 0 2 0 2
1657 0 0 2 0 2
1658 0 0 2 0 2
1659 0 0 2 0 2
1660 0 0 2 0 2
1661 0 0 2 0 2
1662 0 0 2 0 2
1663 0 0 2 0 2
1664 0 0 2 0 2
1665 0 0 2 0 2
1666 0 0 2 0 2
1667 0 0 2 0 2
1668 0 0 2 0 2
1669 0 0 2 0 2
1670 2 0 3 0 2
1671 2 0 3 0 2
1672 2 0 3 0 2
1673 2 0 3 0 2
1674 2 0 3 0 2
1675 2 0 3 0 2
1676 2 0 3 0 2
1677 2 0 3 0 2
1678 2 0 3 0 2
1679 2 0 3 0 2
1680 2 0 3 0 2
1681 2 0 3 0 2
1682 2 0 3 0 2
1683 2 0 3 0 2
1684 2 0 3 0 2
1685 2 0 3 0 1
1686 2 0 3 0 1
1687 2 0 3 0 1
1688 2 0 3 0 1
1689 2 0 3 0 1
1690 2 0 3 0 1
1691 2 0 3 0 1
1692 2 0 3 0 1
1693 2 0 3 0 1
1694 2 0 3 0 1
1695 2 0 3 0 1
1696 2 0 3 0 1
1697 2 0 3 0 1
1698 2 0 3 0 1
1699 2 0 3 0 1
1700 0 0 2 0 2
1701 0 0 2 0 2
1702 0 0 2 0 2
1703 0 0 2 0 2
1704 0 0 2 0 2
1705 0 0 2 0 2
1706 0 0 2 0 2
1707 0 0 2 0 2
1708 0 0 2 0 1
1709 0 0 2 0 1
1710 0 0 2 0 1
1711 0 0 2 0 2
1712 0 0 2 0 2
1713 0 0 2 0 2
1714 0 0 2 0 2
1715 0 0 2 0 2
1716 0 0 2 0 2
1717 0 0 2 0 2
1718 0 0 2 0 2
1719 0 0 2 0 2
1720 0 0 2 0 2
1721 0 0 2 0 2
1722 0 0 2 0 2
1723 0 0 2 0 2
1724 0 0 2 0 2
1725 0 0 2 0 2
1726 0 0 2 0 2
1727 0 0 2 0 2
1728 0 0 2 0 2
1729 0 0 2 0 2
1730 0 0 2 0 2
1731 0 0 2 0 2
1732 0 0 2 0 2
1733 0 0 2 0 2
1734 0 0 2 0 2
1735 0 0 2 0 2
1736 0 0 2 0 2
1737 0 0 2 0 2
1738 0 0 2 0 2
1739 0 0 2 0 2
1740 0 0 2 0 2
1741 2 0 2 0 1
1742 2 0 2 0 1
1743 2 0 2 0 1
1744 2 0 2 0 1
1745 2 0 2 0 1
1746 2 0 2 0 1
1747 2 0 2 0 1
1748 2 0 2 0 1
1749 2 0 2 0 1
1750 2 0 2 0 1
1751 2 0 2 0 1
1752 2 0 2 0 1
1753 2 0 2 0 1
1754 2 0 2 0 1
1755 2 0 2 0 1
1756 3 0 3 0 0
1757 3 0 3 0 0
1758 3 0 3 0 0
1759 3 0 3 0 0
1760 3 0 3 0 0
1761 2 0 2 0 1
1762 2 0 2 0 1
1763 2 0 2 0 1
1764 0 0 2 0 0
1765 0 0 2 0 0
1766 0 0 2 0 0
1767 0 0 2 0 0
1768 0 0 2 0 0
1769 0 0 2 0 0
1770 0 0 2 0 0
1771 0 0 2 0 0
1772 0 0 2 0 0
1773 0 0 2 0 0
1774 0 0 2 0 0
1775 0 0 2 0 0
1776 0 0 2 0 0
1777 0 0 2 0 0
1778 0 0 2 0 0
1779 0 0 2 0 0
1780 0 0 2 0 0
1781 0 0 2 0 0
1782 0 0 2 0 0
1783 0 0 2 0 0
1784 0 0 2 0 0
1785 0 0 2 0 0
1786 0 0 2 0 0
1787 0 0 2 0 0
1788 0 0 2 0 0
1789 0 0 2 0 0
1790 0 0 2 0 0
1791 0 0 2 0 0
1792 0 0 2 0 0
1793 0 0 2 0 0
1794 0 2 2 0 0
1795 0 2 2 0 0
1796 0 2 2 0 0
1797 0 2 2 0 0
1798 0 2 2 0 0
1799 0 2 2 0 0
1800 0 2 2 0 0
1801 0 2 2 0 0
1802 0 2 2 0 0
1803 0 2 2 0 0
1804 0 2 2 0 0
1805 0 2 2 0 0
1806 0 2 2 0 0
1807 0 2 2 0 0
1808 0 2 2 0 0
1809 0 2 2 0 0
1810 0 2 2 0 0
1811 0 2 2 0 0
1812 0 2 2 0 0
1813 0 2 2 0 0
1814 0 2 2 0 0
1815 0 2 2 0 0
1816 0 2 2 0 0
1817 0 2 2 0 0
1818 0 2 2 0 0
1819 0 2 2 0 0
1820 0 2 2 0 0
1821 0 2 2 0 0
1822 0 2 2 0 0
1823 0 2 2 0 0
1824 0 2 0 0 1
1825 0 2 0 0 1
1826 0 2 0 0 1
1827 0 2 0 0 1
1828 0 2 0 0 1
1829 0 2 0 0 1
1830 0 2 0 0 1
1831 0 2 0 0 1
1832 0 2 0 0 1
1833 0 2 0 0 1
1834 0 2 0 0 1
1835 0 2 0 0 1
1836 0 2 0 0 1
1837 0 2 0 0 1
1838 0 2 0 0 1
1839 2 0 0 0 1
1840 2 0 0 0 1
1841 2 0 0 0 1
1842 2 0 0 0 1
1843 2 0 0 0 1
1844 2 0 0 0 1
1845 2 0 0 0 1
1846 2 0 0 0 1
1847 2 0 0 0 1
1848 2 0 0 0 1
1849 2 0 0 0 1
1850 2 0 0 0 1
1851 2 0 0 0 1
1852 2 0 0 0 1
1853 2 0 0 0 1
1854 0 2 0 0 1
1855 0 2 0 0 1
1856 0 2 0 0 1
1857 0 2 0 0 1
1858 0 2 0 0 1
1859 0 2 0 0 1
1860 0 2 0 0 1
1861 0 2 0 0 1
1862 0 2 0 0 1
1863 0 2 0 0 1
1864 0 2 0 0 1
1865 0 2 0 0 1
1866 0 2 0 0 1
1867 0 2 0 0 1
1868 0 2 0 0 1
1869 2 0 0 0 1
1870 2 0 0 0 1
1871 2 0 0 0 1
1872 2 0 0 0 1
1873 2 0 0 0 1
1874 2 0 0 0 1
1875 2 0 0 0 1
1876 2 0 0 0 1
1877 2 0 0 0 1
1878 2 0 0 0 1
1879 2 0 0 0 1
1880 2 0 0 0 1
1881 2 0 0 0 1
1882 2 0 0 0 1
1883 2 0 0 0 1
1884 2 0 0 0 1
1885 2 0 0 0 1
1886 2 0 0 0 1
1887 2 0 0 0 1
1888 2 0 0 0 1
1889 2 0 0 0 1
1890 2 0 0 0 1
1891 2 0 0 0 1
1892 2 0 0 0 1
1893 2 0 0 0 1
1894 2 0 0 0 1
1895 2 0 0 0 1
1896 2 0 0 0 1
1897 2 0 0 0 1
1898 2 0 0 0 1
1899 2 0 2 0 1
1900 2 0 2 0 1
1901 2 0 2 0 1
1902 2 0 2 0 1
1903 2 0 2 0 1
1904 2 0 2 0 1
1905 2 0 2 0 1
1906 2 0 2 0 1
1907 2 0 2 0 1
1908 2 0 2 0 1
1909 2 0 2 0 1
1910 2 0 2 0 1
1911 2 0 2 0 1
1912 2 0 2 0 1
1913 2 0 2 0 1
1914 2 0 2 0 0
1915 2 0 2 0 0
1916 2 0 2 0 0
1917 2 0 2 0 0
1918 2 0 2 0 0
1919 2 0 2 0 0
1920 2 0 2 0 0
1921 2 0 2 0 0
1922 2 0 2 0 0
1923 2 0 2 0 0
1924 2 0 2 0 0
1925 2 0 2 0 0
1926 2 0 2 0 0
1927 2 0 2 0 0
1928 2 0 2 0 0
1929 2 0 2 0 1
1930 2 0 2 0 1
1931 2 0 2 0 1
1932 2 0 2 0 1
1933 2 0 2 0 1
1934 2 0 2 0 1
1935 2 0 2 0 1
1936 2 0 2 0 1
1937 2 0 2 0 1
1938 2 0 2 0 1
1939 2 0 2 0 1
1940 2 0 2 0 1
1941 2 0 2 0 1
1942 2 0 2 0 1
1943 2 0 2 0 1
1944 2 0 3 0 1
1945 2 0 3 0 1
1946 2 0 3 0 1
1947 2 0 3 0 1
1948 2 0 3 0 1
1949 2 0 3 0 1
1950 2 0 3 0 1
1951 2 0 3 0 1
1952 2 0 3 0 1
1953 2 0 3 0 1
1954 2 0 3 0 1
1955 2 0 3 0 1
1956 2 0 3 0 1
1957 2 0 3 0 1
1958 2 0 3 0 1
1959 2 0 0 0 1
1960 2 0 0 0 1
1961 2 0 0 0 1
1962 2 0 0 0 1
1963 2 0 0 0 1
1964 2 0 0 0 1
1965 2 0 0 0 1
1966 2 0 0 0 1
1967 2 0 0 0 1
1968 2 0 0 0 1
1969 2 0 0 0 1
1970 2 0 0 0 1
1971 2 0 0 0 1
1972 2 0 0 0 1
1973 2 0 0 0 1
1974 2 0 0 0 2
1975 2 0 0 0 2
1976 2 0 0 0 2
1977 2 0 0 0 2
1978 2 0 0 0 2
1979 2 0 0 0 2
1980 2 0 0 0 2
1981 2 0 0 0 2
1982 2 0 0 0 2
1983 2 0 0 0 2
1984 2 0 0 0 2
1985 2 0 0 0 2
1986 2 0 0 0 2
1987 2 0 0 0 2
1988 2 0 0 0 2
1989 2 0 0 0 0
1990 2 0 0 0 0
1991 2 0 0 0 0
1992 2 0 0 0 0
1993 2 0 0 0 0
1994 2 0 0 0 0
1995 2 0 0 0 0
1996 2 0 0 0 0
1997 2 0 0 0 0
1998 2 0 0 0 0
1999 2 0 0 0 0
2000 2 0 0 0 0
2001 2 0 0 0 0
2002 2 0 0 0 0
2003 2 0 0 0 0
2004 2 0 0 0 1
2005 2 0 0 0 1
2006 2 0 0 0 1
2007 2 0 0 0 1
2008 2 0 0 0 1
2009 2 0 0 0 1
2010 2 0 0 0 1
2011 2 0 0 0 1
2012 2 0 0 0 1
2013 2 0 0 0 1
2014 2 0 0 0 1
2015 2 0 0 0 1
2016 2 0 0 0 1
2017 2 0 0 0 1
2018 2 0 0 0 1
2019 2 0 0 0 1
2020 2 0 0 0 1
2021 2 0 0 0 1
2022 2 0 0 0 1
2023 2 0 0 0 1
2024 2 0 0 0 1
2025 2 0 0 0 1
2026 2 0 0 0 1
2027 2 0 0 0 1
2028 2 0 0 0 1
2029 2 0 0 0 1
2030 2 0 0 0 1
2031 2 0 0 0 1
2032 2 0 0 0 1
2033 2 0 0 0 1
2034 2 0 0 0 1
2035 2 0 0 0 1
2036 2 0 0 0 1
2037 2 0 0 0 1
2038 2 0 0 0 1
2039 2 0 0 0 1
2040 2 0 0 0 1
2041 2 0 0 0 1
2042 2 0 0 0 1
2043 2 0 0 0 1
2044 2 0 0 0 1
2045 2 0 0 0 1
2046 2 0 0 0 1
2047 2 0 0 0 1
2048 2 0 0 0 1
2049 2 0 0 0 0
2050 2 0 0 0 0
2051 2 0 0 0 0
2052 2 0 0 0 0
2053 2 0 0 0 0
2054 2 0 0 0 0
2055 2 0 0 0 0
2056 2 0 0 0 0
2057 2 0 0 0 0
2058 2 0 0 0 0
2059 2 0 0 0 0
2060 2 0 0 0 0
2061 2 0 0 0 0
2062 2 0 0 0 0
2063 2 0 0 0 0
2064 2 0 0 0 0
2065 2 0 0 0 0
2066 0 0 2 0 1
2067 0 0 2 0 1
2068 0 0 2 0 1
2069 2 0 2 0 2
2070 2 0 2 0 2
2071 2 0 2 0 2
2072 2 0 2 0 2
2073 2 0 2 0 2
2074 2 0 2 0 2
2075 2 0 2 0 2
2076 2 0 2 0 2
2077 2 0 2 0 2
2078 2 0 2 0 2
2079 2 0 2 0 2
2080 2 0 2 0 2
2081 2 0 2 0 2
2082 2 0 2 0 2
2083 2 0 2 0 2
2084 0 0 2 0 0
2085 0 0 2 0 0
2086 0 0 2 0 0
2087 0 0 2 0 0
2088 0 0 2 0 0
2089 0 0 2 0 0
2090 0 0 2 0 0
2091 0 0 2 0 0
2092 0 0 2 0 0
2093 0 0 2 0 0
2094 0 0 2 0 0
2095 0 0 2 0 0
2096 0 0 2 0 0
2097 0 0 2 0 0
2098 0 0 2 0 0
2099 0 0 2 0 0
2100 0 0 2 0 0
2101 0 0 2 0 0
2102 0 0 2 0 0
2103 0 0 2 0 0
2104 0 0 2 0 0
2105 0 0 2 0 0
2106 0 0 2 0 0
2107 0 0 2 0 0
2108 0 0 2 0 0
2109 0 0 2 0 0
2110 0 0 2 0 0
2111 0 0 2 0 0
2112 0 0 2 0 0
2113 0 0 2 0 0
2114 0 0 2 0 1
2115 0 0 2 0 1
2116 0 0 2 0 1
2117 0 0 2 0 1
2118 0 0 2 0 1
2119 0 0 2 0 1
2120 0 0 2 0 1
2121 0 0 2 0 1
2122 0 0 2 0 1
2123 0 0 2 0 1
2124 0 0 2 0 1
2125 0 0 2 0 1
2126 0 0 2 0 1
2127 0 0 2 0 1
2128 0 0 2 0 1
2129 2 0 2 0 2
2130 2 0 2 0 2
2131 2 0 2 0 2
2132 2 0 2 0 2
2133 2 0 2 0 2
2134 2 0 2 0 2
2135 2 0 2 0 2
2136 2 0 2 0 2
2137 2 0 2 0 2
2138 2 0 2 0 2
2139 2 0 2 0 2
2140 2 0 2 0 2
2141 2 0 2 0 2
2142 2 0 2 0 2
2143 2 0 2 0 2
2144 2 0 2 0 2
2145 2 0 2 0 2
2146 2 0 2 0 2
2147 2 0 2 0 2
2148 2 0 2 0 2
2149 2 0 2 0 2
2150 2 0 2 0 2
2151 0 0 2 0 0
2152 0 0 2 0 0
2153 0 0 2 0 0
2154 2 0 2 0 0
2155 2 0 2 0 0
2156 2 0 2 0 0
2157 2 0 2 0 0
2158 2 0 2 0 0
2159 2 0 2 0 0
2160 2 0 2 0 0
2161 2 0 2 0 0
2162 2 0 2 0 0
2163 2 0 2 0 0
2164 2 0 2 0 0
2165 2 0 2 0 0
2166 2 0 2 0 0
2167 2 0 2 0 0
2168 2 0 2 0 0
2169 2 0 2 0 0
2170 2 0 2 0 0
2171 2 0 2 0 0
2172 2 0 2 0 0
2173 2 0 2 0 0
2174 2 0 2 0 0
2175 2 0 2 0 0
2176 2 0 2 0 0
2177 2 0 2 0 0
2178 2 0 2 0 0
2179 2 0 2 0 0
2180 2 0 2 0 0
2181 2 0 2 0 0
2182 2 0 2 0 0
2183 2 0 2 0 0
2184 2 0 0 0 0
2185 2 0 0 0 0
2186 2 0 0 0 0
2187 2 0 0 0 0
2188 2 0 0 0 0
2189 2 0 0 0 0
2190 2 0 0 0 0
2191 2 0 0 0 0
2192 2 0 0 0 0
2193 2 0 0 0 0
2194 2 0 0 0 0
2195 2 0 0 0 0
2196 2 0 0 0 0
2197 2 0 0 0 0
2198 2 0 0 0 0
2199 2 0 2 0 0
2200 2 0 2 0 0
2201 2 0 2 0 0
2202 2 0 2 0 0
2203 2 0 2 0 0
2204 2 0 2 0 0
2205 2 0 2 0 0
2206 2 0 2 0 0
2207 2 0 2 0 0
2208 2 0 2 0 0
2209 2 0 2 0 0
2210 2 0 2 0 0
2211 2 0 2 0 0
2212 2 0 2 0 0
2213 2 0 2 0 0
2214 0 0 2 0 0
2215 0 0 2 0 0
2216 0 0 2 0 0
2217 0 0 2 0 0
2218 0 0 2 0 0
2219 0 0 2 0 0
2220 0 0 2 0 0
2221 0 0 2 0 0
2222 0 0 2 0 0
2223 0 0 2 0 0
2224 0 0 2 0 0
2225 0 0 2 0 0
2226 0 0 2 0 0
2227 0 0 2 0 0
2228 0 0 2 0 0
2229 0 0 2 0 0
2230 0 0 2 0 0
2231 0 0 2 0 0
2232 2 0 2 0 0
2233 2 0 2 0 0
2234 2 0 2 0 0
2235 2 0 2 0 0
2236 2 0 2 0 0
2237 2 0 2 0 0
2238 2 0 2 0 0
2239 2 0 2 0 0
2240 2 0 2 0 0
2241 2 0 2 0 0
2242 2 0 2 0 0
2243 2 0 2 0 0
2244 2 0 2 0 0
2245 2 0 2 0 0
2246 2 0 2 0 0
2247 2 0 2 0 0
2248 2 0 2 0 0
2249 2 0 2 0 0
2250 2 0 2 0 1
2251 2 0 2 0 1
2252 2 0 2 0 1
2253 2 0 2 0 1
2254 2 0 2 0 1
2255 2 0 2 0 1
2256 2 0 2 0 1
2257 2 0 2 0 1
2258 2 0 2 0 1
2259 2 0 2 0 1
2260 2 0 2 0 1
2261 2 0 2 0 1
2262 2 0 2 0 1
2263 2 0 2 0 1
2264 2 0 2 0 1
2265 2 0 2 0 0
2266 2 0 2 0 0
2267 2 0 2 0 0
2268 2 0 2 0 0
2269 2 0 2 0 0
2270 2 0 2 0 0
2271 2 0 2 0 0
2272 2 0 2 0 0
2273 2 0 2 0 0
2274 2 0 2 0 0
2275 2 0 2 0 0
2276 2 0 2 0 0
2277 2 0 2 0 0
2278 2 0 2 0 0
2279 2 0 2 0 0
2280 2 0 2 0 0
2281 2 0 2 0 0
2282 2 0 2 0 0
2283 2 0 2 0 0
2284 2 0 2 0 0
2285 2 0 2 0 0
2286 2 0 2 0 0
2287 2 0 2 0 0
2288 2 0 2 0 0
2289 2 0 2 0 0
2290 2 0 2 0 0
2291 2 0 2 0 0
2292 2 0 2 0 0
2293 2 0 2 0 0
2294 2 0 2 0 0
2295 2 0 2 0 0
2296 2 0 2 0 0
2297 2 0 2 0 0
2298 2 0 2 0 0
2299 2 0 2 0 0
2300 2 0 2 0 0
2301 2 0 2 0 0
2302 2 0 2 0 0
2303 2 0 2 0 0
2304 0 0 2 0 0
2305 0 0 2 0 0
2306 0 0 2 0 0
2307 0 0 2 0 0
2308 0 0 2 0 0
2309 0 0 2 0 0
2310 0 0 2 0 0
2311 0 0 2 0 0
2312 0 0 2 0 0
2313 0 0 2 0 0
2314 0 0 2 0 0
2315 0 0 2 0 0
2316 0 0 2 0 0
2317 0 0 2 0 0
2318 0 0 2 0 0
2319 0 0 2 0 0
2320 0 0 2 0 0
2321 0 0 2 0 0
2322 0 0 2 0 0
2323 0 0 2 0 0
2324 0 0 2 0 0
2325 0 0 2 0 0
2326 0 0 2 0 0
2327 0 0 2 0 0
2328 0 0 2 0 0
2329 0 0 2 0 0
2330 0 0 2 0 0
2331 0 0 2 0 0
2332 0 0 2 0 0
2333 0 0 2 0 0
2334 0 0 3 0 0
2335 0 0 3 0 0
2336 0 0 3 0 0
2337 0 0 3 0 0
2338 0 0 3 0 0
2339 0 0 3 0 0
2340 0 0 3 0 0
2341 0 0 3 0 0
2342 0 0 3 0 0
2343 0 0 3 0 0
2344 0 0 3 0 0
2345 0 0 3 0 0
2346 0 0 3 0 0
2347 0 0 3 0 0
2348 0 0 3 0 0
2349 0 0 2 0 2
2350 0 0 2 0 2
2351 0 0 2 0 2
2352 0 0 2 0 2
2353 0 0 2 0 2
2354 0 0 2 0 2
2355 0 0 2 0 2
2356 0 0 2 0 2
2357 0 0 2 0 2
2358 0 0 2 0 2
2359 0 0 2 0 2
2360 0 0 2 0 2
2361 0 0 2 0 2
2362 0 0 2 0 2
2363 0 0 2 0 2
2364 0 0 0 0 0
2365 0 0 0 0 0
2366 0 0 0 0 0
2367 0 0 0 0 0
2368 0 0 0 0 0
2369 0 0 0 0 0
2370 0 0 0 0 0
2371 0 0 0 0 0
2372 0 0 0 0 0
2373 0 0 0 0 0
2374 0 0 0 0 0
2375 0 0 0 0 0
2376 0 0 0 0 0
2377 0 0 0 0 0
2378 0 0 0 0 0
2379 0 0 2 0 1
2380 0 0 2 0 1
2381 0 0 2 0 1
2382 0 0 2 0 1
2383 0 0 2 0 1
2384 0 0 2 0 1
2385 0 0 2 0 1
2386 0 0 2 0 1
2387 0 0 2 0 1
2388 0 0 2 0 1
2389 0 0 2 0 1
2390 0 0 2 0 1
2391 0 0 2 0 1
2392 0 0 2 0 1
2393 0 0 2 0 1
2394 0 0 2 0 1
2395 0 0 2 0 1
2396 0 0 2 0 1
2397 0 0 2 0 1
2398 0 0 2 0 1
2399 0 0 2 0 1
2400 0 0 2 0 1
2401 0 0 2 0 1
2402 0 0 2 0 1
2403 0 0 2 0 1
2404 0 0 2 0 1
2405 0 0 2 0 1
2406 0 0 2 0 0
2407 0 0 2 0 0
2408 0 0 2 0 0
2409 0 0 2 0 0
2410 0 0 2 0 0
2411 0 0 2 0 0
2412 0 0 2 0 0
2413 0 0 2 0 0
2414 0 0 2 0 0
2415 0 0 2 0 0
2416 0 0 2 0 0
2417 0 0 2 0 0
2418 0 0 2 0 0
2419 0 0 2 0 0
2420 0 0 2 0 0
2421 0 0 2 0 0
2422 0 0 2 0 0
2423 0 0 2 0 0
2424 2 0 2 0 0
2425 2 0 2 0 0
2426 2 0 2 0 0
2427 2 0 2 0 0
2428 2 0 2 0 0
2429 2 0 2 0 0
2430 2 0 2 0 0
2431 2 0 2 0 0
2432 2 0 2 0 0
2433 2 0 2 0 0
2434 2 0 2 0 0
2435 2 0 2 0 0
2436 2 0 2 0 0
2437 2 0 2 0 0
2438 2 0 2 0 0
2439 2 0 2 0 0
2440 2 0 2 0 0
2441 2 0 2 0 0
2442 2 0 2 0 0
2443 2 0 2 0 0
2444 2 0 2 0 0
2445 2 0 2 0 0
2446 2 0 2 0 0
2447 2 0 2 0 0
2448 2 0 2 0 0
2449 2 0 2 0 0
2450 2 0 2 0 0
2451 2 0 2 0 0
2452 2 0 2 0 0
2453 2 0 2 0 0
2454 2 0 2 0 0
2455 2 0 2 0 0
2456 2 0 2 0 0
2457 2 0 2 0 0
2458 2 0 2 0 0
2459 2 0 2 0 0
2460 2 0 2 0 0
2461 2 0 2 0 0
2462 2 0 2 0 0
2463 2 0 2 0 0
2464 2 0 2 0 0
2465 2 0 2 0 0
2466 2 0 2 0 0
2467 2 0 2 0 0
2468 2 0 2 0 0
2469 2 0 0 0 0
2470 2 0 0 0 0
2471 2 0 0 0 0
2472 2 0 0 0 0
2473 2 0 0 0 0
2474 2 0 0 0 0
2475 2 0 0 0 0
2476 2 0 0 0 0
2477 2 0 0 0 0
2478 2 0 0 0 0
2479 2 0 0 0 0
2480 2 0 0 0 0
2481 2 0 0 0 0
2482 2 0 0 0 0
2483 2 0 0 0 0
2484 2 0 0 0 0
2485 0 0 0 0 0
2486 0 0 0 0 0
2487 0 0 0 0 0
2488 0 0 0 0 0
2489 0 0 0 0 0
2490 0 0 0 0 0
2491 0 0 0 0 0
2492 0 0 0 0 0
2493 0 0 0 0 0
2494 0 0 0 0 0
2495 0 0 0 0 0
2496 0 0 0 0 0
2497 0 0 0 0 0
2498 0 0 0 0 0
2499 0 0 0 0 0
2500 0 0 0 0 0
2501 0 0 0 0 0
2502 0 0 0 0 0
2503 2 0 3 0 0
2504 2 0 3 0 0
2505 2 0 3 0 0
2506 2 0 3 0 0
2507 2 0 3 0 0
2508 2 0 3 0 0
2509 2 0 3 0 0
2510 2 0 3 0 0
2511 2 0 3 0 0
2512 2 0 3 0 0
2513 2 0 3 0 0
2514 2 0 3 0 0
2515 2 0 3 0 0
2516 2 0 3 0 0
2517 2 0 3 0 0
2518 0 0 0 0 0
2519 0 0 0 0 0
2520 0 0 0 0 0
2521 0 0 0 0 0
2522 0 0 0 0 0
2523 0 0 0 0 0
2524 0 0 0 0 0
2525 0 0 0 0 0
2526 0 0 0 0 0
2527 0 0 0 0 0
2528 0 0 0 0 0
2529 0 0 0 0 0
2530 0 0 0 0 0
2531 0 0 0 0 0
2532 0 0 0 0 0
2533 0 0 0 0 0
2534 0 0 0 0 0
2535 0 0 0 0 0
2536 0 0 0 0 0
2537 0 0 0 0 0
2538 0 0 0 0 0
2539 0 0 0 0 0
2540 0 0 0 0 0
2541 0 0 0 0 0
2542 0 0 0 0 0
2543 0 0 0 0 0
2544 0 0 0 0 0
2545 0 0 0 0 0
2546 0 0 0 0 0
2547 0 0 0 0 0
2548 0 0 3 0 1
2549 0 0 3 0 1
2550 0 0 3 0 1
2551 0 0 3 0 1
2552 0 0 3 0 1
2553 0 0 3 0 1
2554 0 0 3 0 1
2555 0 0 3 0 1
2556 0 0 3 0 1
2557 0 0 3 0 1
2558 0 0 3 0 1
2559 0 0 3 0 1
2560 0 0 3 0 1
2561 0 0 3 0 1
2562 0 0 3 0 1
2563 0 0 0 0 0
2564 0 0 0 0 0
2565 0 0 0 0 0
2566 0 0 0 0 0
2567 0 0 0 0 0
2568 0 0 0 0 0
2569 0 0 0 0 0
2570 0 0 0 0 0
2571 0 0 0 0 0
2572 0 0 0 0 0
2573 0 0 0 0 0
2574 0 0 0 0 0
2575 0 0 0 0 0
2576 0 0 0 0 0
2577 0 0 0 0 0
2578 0 0 0 0 0
2579 0 0 0 0 0
2580 0 0 0 0 0
2581 0 0 0 0 0
2582 0 0 0 0 0
2583 0 0 0 0 0
2584 0 0 0 0 0
2585 0 0 0 0 0
2586 0 0 0 0 0
2587 0 0 0 0 0
2588 0 0 0 0 0
2589 0 0 0 0 0
2590 0 0 0 0 0
2591 0 0 0 0 0
2592 0 0 0 0 0
2593 0 0 0 0 2
2594 0 0 0 0 2
2595 0 0 0 0 2
2596 0 0 0 0 2
2597 0 0 0 0 2
2598 0 0 0 0 2
2599 0 0 0 0 2
2600 0 0 0 0 2
2601 0 0 0 0 2
2602 0 0 0 0 2
2603 0 0 0 0 2
2604 0 0 0 0 2
2605 0 0 0 0 2
2606 0 0 0 0 2
2607 0 0 0 0 2
2608 2 0 0 0 0
2609 2 0 0 0 0
2610 2 0 0 0 0
2611 2 0 0 0 0
2612 2 0 0 0 0
2613 2 0 0 0 0
2614 2 0 0 0 0
2615 2 0 0 0 0
2616 2 0 0 0 0
2617 2 0 0 0 0
2618 2 0 0 0 0
2619 2 0 0 0 0
2620 2 0 0 0 0
2621 2 0 0 0 0
2622 2 0 0 0 0
2623 0 0 0 0 1
2624 0 0 0 0 1
2625 0 0 0 0 1
2626 0 0 0 0 1
2627 0 0 0 0 1
2628 0 0 0 0 1
2629 0 0 0 0 1
2630 0 0 0 0 1
2631 0 0 0 0 1
2632 0 0 0 0 1
2633 0 0 0 0 1
2634 0 0 0 0 1
2635 0 0 0 0 1
2636 0 0 0 0 1
2637 0 0 0 0 1
2638 0 0 0 0 1
2639 0 0 0 0 1
2640 0 0 0 0 1
2641 0 0 0 0 1
2642 0 0 0 0 1
2643 0 0 0 0 1
2644 0 0 0 0 1
2645 0 0 0 0 1
2646 0 0 0 0 1
2647 0 0 0 0 1
2648 0 0 0 0 1
2649 0 0 0 0 1
2650 0 0 0 0 1
2651 0 0 0 0 1
2652 0 0 0 0 1
2653 0 0 0 0 1
2654 0 0 0 0 1
2655 0 0 0 0 1
2656 0 0 0 0 1
2657 0 0 0 0 1
2658 0 0 0 0 1
2659 0 0 0 0 1
2660 0 0 0 0 1
2661 0 0 0 0 1
2662 0 0 0 0 1
2663 0 0 0 0 1
2664 0 0 0 0 1
2665 0 0 0 0 1
2666 0 0 0 0 1
2667 0 0 0 0 1
2668 0 0 0 0 1
2669 0 0 0 0 1
2670 0 0 0 0 1
2671 0 0 0 0 1
2672 0 0 0 0 1
2673 0 0 0 0 1
2674 0 0 0 0 1
2675 0 0 0 0 1
2676 0 0 0 0 1
2677 0 0 0 0 1
2678 0 0 0 0 1
2679 0 0 0 0 1
2680 0 0 0 0 1
2681 0 0 0 0 1
2682 0 0 0 0 1
2683 0 0 0 0 2
2684 0 0 0 0 2
2685 0 0 0 0 2
2686 0 0 0 0 2
2687 0 0 0 0 2
2688 0 0 0 0 2
2689 0 0 0 0 2
2690 0 0 0 0 2
2691 0 0 0 0 2
2692 0 0 0 0 2
2693 0 0 0 0 2
2694 0 0 0 0 2
2695 0 0 0 0 2
2696 0 0 0 0 2
2697 0 0 0 0 2
2698 0 0 0 0 2
2699 0 0 0 0 2
2700 0 0 0 0 2
2701 0 0 0 0 2
2702 0 0 0 0 2
2703 0 0 0 0 2
2704 0 0 0 0 2
2705 0 0 0 0 2
2706 0 0 0 0 2
2707 0 0 0 0 2
2708 0 0 0 0 2
2709 0 0 0 0 2
2710 0 0 0 0 2
2711 0 0 0 0 2
2712 0 0 0 0 2
2713 0 0 0 0 2
2714 0 0 0 0 2
2715 0 0 0 0 2
2716 0 0 0 0 2
2717 0 0 0 0 2
2718 0 0 0 0 2
2719 0 0 0 0 2
2720 0 0 0 0 2
2721 0 0 0 0 2
2722 0 0 0 0 2
2723 0 0 0 0 2
2724 0 0 0 0 2
2725 0 0 0 0 2
2726 0 0 0 0 2
2727 0 0 0 0 2
2728 0 0 0 0 0
2729 0 0 0 0 0
2730 0 0 0 0 0
2731 0 0 0 0 0
2732 0 0 0 0 0
2733 0 0 0 0 0
2734 0 0 0 0 0
2735 0 0 0 0 0
2736 0 0 0 0 0
2737 0 0 0 0 0
2738 0 0 0 0 0
2739 0 0 0 0 0
2740 0 0 0 0 0
2741 0 0 0 0 0
2742 0 0 0 0 0
2743 0 0 0 0 1
2744 0 0 0 0 1
2745 0 0 0 0 1
2746 0 0 0 0 1
2747 0 0 0 0 1
2748 0 0 0 0 1
2749 0 0 0 0 1
2750 0 0 0 0 1
2751 0 0 0 0 1
2752 0 0 0 0 1
2753 0 0 0 0 1
2754 0 0 0 0 1
2755 0 0 0 0 1
2756 0 0 0 0 1
2757 0 0 0 0 1
2758 0 0 0 0 1
2759 0 0 0 0 1
2760 0 0 0 0 1
2761 0 0 0 0 1
2762 0 0 0 0 1
2763 0 0 0 0 1
2764 0 0 0 0 1
2765 0 0 0 0 1
2766 0 0 0 0 1
2767 0 0 0 0 1
2768 0 0 0 0 1
2769 0 0 0 0 1
2770 0 0 0 0 1
2771 0 0 0 0 1
2772 0 0 0 0 1
2773 0 0 0 0 1
2774 0 0 0 0 1
2775 0 0 0 0 1
2776 0 0 0 0 1
2777 0 0 0 0 1
2778 0 0 0 0 1
2779 0 0 0 0 1
2780 0 0 0 0 1
2781 0 0 0 0 1
2782 0 0 0 0 1
2783 0 0 0 0 1
2784 0 0 0 0 1
2785 0 0 0 0 1
2786 0 0 0 0 1
2787 0 0 0 0 1
2788 0 0 0 0 0
2789 0 0 0 0 0
2790 0 0 0 0 0
2791 0 0 0 0 0
2792 0 0 0 0 0
2793 0 0 0 0 0
2794 0 0 0 0 0
2795 0 0 0 0 0
2796 0 0 0 0 0
2797 0 0 0 0 0
2798 0 0 0 0 0
2799 0 0 0 0 0
2800 0 0 0 0 0
2801 0 0 0 0 0
2802 0 0 0 0 0
2803 0 0 0 0 0
2804 0 0 0 0 0
2805 0 0 0 0 0
2806 0 0 0 0 0
2807 0 0 0 0 0
2808 0 0 0 0 0
2809 0 0 0 0 0
2810 0 0 0 0 0
2811 0 0 0 0 0
2812 0 0 0 0 0
2813 0 0 0 0 0
2814 0 0 0 0 0
2815 0 0 0 0 0
2816 0 0 0 0 0
2817 0 0 0 0 0
2818 2 0 2 0 1
2819 2 0 2 0 1
2820 2 0 2 0 1
2821 2 0 2 0 1
2822 2 0 2 0 1
2823 2 0 2 0 1
2824 2 0 2 0 1
2825 2 0 2 0 1
2826 2 0 2 0 1
2827 2 0 2 0 1
2828 2 0 2 0 1
2829 2 0 2 0 1
2830 2 0 2 0 1
2831 2 0 2 0 1
2832 2 0 2 0 1
2833 2 0 2 0 1
2834 2 0 2 0 1
2835 2 0 2 0 1
2836 2 0 2 0 1
2837 2 0 2 0 1
2838 2 0 2 0 1
2839 2 0 2 0 1
2840 2 0 2 0 1
2841 2 0 2 0 1
2842 2 0 2 0 1
2843 2 0 2 0 1
2844 2 0 2 0 1
2845 2 0 2 0 1
2846 2 0 2 0 1
2847 2 0 2 0 1
2848 2 0 2 0 0
2849 2 0 2 0 0
2850 2 0 2 0 0
2851 2 0 2 0 0
2852 2 0 2 0 0
2853 2 0 2 0 0
2854 2 0 2 0 0
2855 2 0 2 0 0
2856 2 0 2 0 0
2857 2 0 2 0 0
2858 2 0 2 0 0
2859 2 0 2 0 0
2860 2 0 2 0 0
2861 2 0 2 0 0
2862 2 0 2 0 0
2863 3 0 2 0 0
2864 3 0 2 0 0
2865 3 0 2 0 0
2866 3 0 2 0 0
2867 3 0 2 0 0
2868 3 0 2 0 0
2869 3 0 2 0 0
2870 3 0 2 0 0
2871 3 0 2 0 0
2872 3 0 2 0 0
2873 3 0 2 0 0
2874 3 0 2 0 0
2875 3 0 2 0 0
2876 3 0 2 0 0
2877 3 0 2 0 0
2878 0 0 2 0 1
2879 0 0 2 0 1
2880 0 0 2 0 1
2881 0 0 2 0 1
2882 0 0 2 0 1
2883 0 0 2 0 1
2884 0 0 2 0 1
2885 0 0 2 0 1
2886 0 0 2 0 1
2887 0 0 2 0 1
2888 0 0 2 0 1
2889 0 0 2 0 1
2890 0 0 2 0 1
2891 0 0 2 0 1
2892 0 0 2 0 1
2893 0 0 0 0 0
2894 0 0 0 0 0
2895 0 0 0 0 0
2896 0 0 0 0 0
2897 0 0 0 0 0
2898 0 0 0 0 0
2899 0 0 0 0 0
2900 0 0 0 0 0
2901 0 0 0 0 0
2902 0 0 0 0 0
2903 0 0 0 0 0
2904 0 0 0 0 0
2905 0 0 0 0 0
2906 0 0 0 0 0
2907 0 0 0 0 0
2908 0 0 0 0 0
2909 0 0 0 0 0
2910 0 0 0 0 0
2911 0 0 0 0 0
2912 0 0 0 0 0
2913 0 0 0 0 0
2914 0 0 0 0 0
2915 0 0 0 0 0
2916 0 0 0 0 0
2917 0 0 0 0 0
2918 0 0 0 0 0
2919 0 0 0 0 0
2920 0 0 0 0 0
2921 0 0 0 0 0
2922 0 0 0 0 0
2923 0 0 3 0 0
2924 0 0 3 0 0
2925 0 0 3 0 0
2926 0 0 3 0 0
2927 0 0 3 0 0
2928 0 0 3 0 0
2929 0 0 3 0 0
2930 0 0 3 0 0
2931 0 0 3 0 0
2932 0 0 3 0 0
2933 0 0 3 0 0
2934 0 0 3 0 0
2935 0 0 3 0 0
2936 0 0 3 0 0
2937 0 0 3 0 0
2938 0 0 2 0 2
2939 0 0 2 0 2
2940 0 0 2 0 2
2941 0 0 2 0 2
2942 0 0 2 0 2
2943 0 0 2 0 2
2944 0 0 2 0 2
2945 0 0 2 0 2
2946 0 0 2 0 2
2947 0 0 2 0 2
2948 0 0 2 0 2
2949 0 0 2 0 2
2950 0 0 2 0 2
2951 0 0 2 0 2
2952 0 0 2 0 2
2953 0 0 2 0 0
2954 0 0 2 0 0
2955 0 0 2 0 0
2956 0 0 2 0 0
2957 0 0 2 0 0
2958 0 0 2 0 0
2959 0 0 2 0 0
2960 0 0 2 0 0
2961 0 0 2 0 0
2962 0 0 2 0 0
2963 0 0 2 0 0
2964 0 0 2 0 0
2965 0 0 2 0 0
2966 0 0 2 0 0
2967 0 0 2 0 0
2968 0 0 0 0 2
2969 0 0 0 0 2
2970 0 0 0 0 2
2971 0 0 0 0 2
2972 0 0 0 0 2
2973 0 0 0 0 2
2974 0 0 0 0 2
2975 0 0 0 0 2
2976 0 0 0 0 2
2977 0 0 0 0 2
2978 0 0 0 0 2
2979 0 0 0 0 2
2980 0 0 0 0 2
2981 0 0 0 0 2
2982 0 0 0 0 2
2983 2 0 0 0 0
2984 2 0 0 0 0
2985 2 0 0 0 0
2986 2 0 0 0 0
2987 2 0 0 0 0
2988 2 0 0 0 0
2989 2 0 0 0 0
2990 2 0 0 0 0
2991 2 0 0 0 0
2992 2 0 0 0 0
2993 2 0 0 0 0
2994 2 0 0 0 0
2995 2 0 0 0 0
2996 2 0 0 0 0
2997 2 0 0 0 0
2998 2 0 0 0 0
2999 2 0 0 0 0
3000 2 0 0 0 0
3001 2 0 0 0 0
3002 2 0 0 0 0
3003 2 0 0 0 0
3004 2 0 0 0 0
3005 2 0 0 0 0
3006 2 0 0 0 0
3007 2 0 0 0 0
3008 2 0 0 0 0
3009 2 0 0 0 0
3010 2 0 0 0 0
3011 2 0 0 0 0
3012 2 0 0 0 0
3013 0 0 2 0 1
3014 0 0 2 0 1
3015 0 0 2 0 1
3016 0 0 2 0 1
3017 0 0 2 0 1
3018 0 0 2 0 1
3019 0 0 2 0 1
3020 0 0 2 0 1
3021 0 0 2 0 1
3022 0 0 2 0 1
3023 0 0 2 0 1
3024 0 0 2 0 1
3025 0 0 2 0 1
3026 0 0 2 0 1
3027 0 0 2 0 1
3028 0 0 2 0 1
3029 0 0 2 0 1
3030 0 0 2 0 1
3031 0 0 2 0 1
3032 0 0 2 0 1
3033 0 0 2 0 1
3034 0 0 2 0 1
3035 0 0 2 0 1
3036 0 0 2 0 1
3037 0 0 2 0 1
3038 0 0 2 0 1
3039 0 0 2 0 1
3040 0 0 2 0 1
3041 0 0 2 0 1
3042 0 0 2 0 1
3043 0 0 2 0 1
3044 0 0 2 0 1
3045 0 0 2 0 1
3046 0 0 2 0 1
3047 0 0 2 0 0
3048 0 0 2 0 0
3049 0 0 2 0 0
3050 2 0 3 0 0
3051 2 0 3 0 0
3052 2 0 3 0 0
3053 2 0 3 0 0
3054 2 0 3 0 0
3055 2 0 3 0 0
3056 2 0 3 0 0
3057 2 0 3 0 0
3058 2 0 3 0 0
3059 2 0 3 0 0
3060 2 0 3 0 0
3061 2 0 3 0 0
3062 2 0 3 0 0
3063 2 0 3 0 0
3064 2 0 3 0 0
3065 0 2 3 0 0
3066 0 2 3 0 0
3067 0 2 3 0 0
3068 0 2 3 0 0
3069 0 2 3 0 0
3070 0 2 3 0 0
3071 0 2 3 0 0
3072 0 2 3 0 0
3073 0 2 3 0 0
3074 0 2 3 0 0
3075 0 2 3 0 0
3076 0 2 3 0 0
3077 0 2 3 0 0
3078 0 2 3 0 0
3079 0 2 3 0 0
3080 0 0 3 0 1
3081 0 0 3 0 1
3082 0 0 3 0 1
3083 0 0 3 0 1
3084 0 0 3 0 1
3085 0 0 3 0 1
3086 0 0 3 0 1
3087 0 0 3 0 1
3088 0 0 3 0 1
3089 0 0 3 0 1
3090 0 0 3 0 1
3091 0 0 3 0 1
3092 0 0 3 0 1
3093 0 0 3 0 1
3094 0 0 3 0 1
3095 0 0 0 0 0
3096 0 0 0 0 0
3097 0 0 0 0 0
3098 0 0 0 0 0
3099 0 0 0 0 0
3100 0 0 0 0 0
3101 0 0 0 0 0
3102 0 0 0 0 0
3103 0 0 0 0 0
3104 0 0 0 0 0
3105 0 0 0 0 0
3106 0 0 0 0 0
3107 0 0 0 0 0
3108 0 0 0 0 0
3109 0 0 0 0 0
3110 0 0 3 0 1
3111 0 0 3 0 1
3112 0 0 3 0 1
3113 0 0 3 0 1
3114 0 0 3 0 1
3115 0 0 3 0 1
3116 0 0 3 0 1
3117 0 0 3 0 1
3118 0 0 3 0 1
3119 0 0 3 0 1
3120 0 0 3 0 1
3121 0 0 3 0 1
3122 0 0 3 0 1
3123 0 0 3 0 1
3124 0 0 3 0 1
3125 0 0 3 0 0
3126 0 0 3 0 0
3127 0 0 3 0 0
3128 0 0 3 0 0
3129 0 0 3 0 0
3130 0 0 3 0 0
3131 0 0 3 0 0
3132 0 0 3 0 0
3133 0 0 3 0 0
3134 0 0 3 0 0
3135 0 0 3 0 0
3136 0 0 3 0 0
3137 0 0 3 0 0
3138 0 0 3 0 0
3139 0 0 3 0 0
3140 0 0 0 0 0
3141 0 0 0 0 0
3142 0 0 0 0 0
3143 0 0 0 0 0
3144 0 0 0 0 0
3145 0 0 0 0 0
3146 0 0 0 0 0
3147 0 0 0 0 0
3148 0 0 0 0 0
3149 0 0 0 0 0
3150 0 0 0 0 0
3151 0 0 0 0 0
3152 0 0 0 0 0
3153 0 0 0 0 0
3154 0 0 0 0 0
3155 0 0 3 0 2
3156 0 0 3 0 2
3157 0 0 3 0 2
3158 0 0 3 0 2
3159 0 0 3 0 2
3160 0 0 3 0 2
3161 0 0 3 0 2
3162 0 0 3 0 2
3163 0 0 3 0 2
3164 0 0 3 0 2
3165 0 0 3 0 2
3166 0 0 3 0 2
3167 0 0 3 0 2
3168 0 0 3 0 2
3169 0 0 3 0 2
3170 0 0 2 0 2
3171 0 0 2 0 2
3172 0 0 2 0 2
3173 0 0 2 0 2
3174 0 0 2 0 2
3175 0 0 2 0 2
3176 0 0 2 0 2
3177 0 0 2 0 2
3178 0 0 2 0 2
3179 0 0 2 0 2
3180 0 0 2 0 2
3181 0 0 2 0 2
3182 0 0 2 0 2
3183 0 0 2 0 2
3184 0 0 2 0 2
3185 0 0 2 0 2
3186 0 0 2 0 2
3187 0 0 2 0 2
3188 0 0 2 0 2
3189 0 0 2 0 2
3190 0 0 2 0 2
3191 0 0 2 0 2
3192 0 0 2 0 2
3193 0 0 2 0 2
3194 0 0 2 0 2
3195 0 0 2 0 2
3196 0 0 2 0 2
3197 0 0 2 0 2
3198 0 0 2 0 2
3199 0 0 2 0 2
3200 0 0 2 0 2
3201 0 0 2 0 2
3202 0 0 2 0 2
3203 0 0 2 0 2
3204 0 0 2 0 2
3205 0 0 2 0 2
3206 0 0 2 0 2
3207 0 0 2 0 2
3208 0 0 2 0 2
3209 0 0 2 0 2
3210 0 0 2 0 2
3211 0 0 2 0 2
3212 0 0 2 0 2
3213 0 0 2 0 2
3214 0 0 2 0 2
3215 0 0 2 0 2
3216 0 0 2 0 2
3217 0 0 2 0 2
3218 0 0 2 0 2
3219 0 0 2 0 2
3220 0 0 2 0 2
3221 0 0 2 0 2
3222 0 0 2 0 2
3223 0 0 2 0 2
3224 0 0 2 0 2
3225 0 0 2 0 2
3226 0 0 2 0 2
3227 0 0 2 0 2
3228 0 0 2 0 2
3229 0 0 2 0 0
3230 0 0 2 0 0
3231 0 0 2 0 0
3232 0 0 2 0 0
3233 0 0 2 0 0
3234 0 0 2 0 0
3235 0 0 2 0 0
3236 0 0 2 0 0
3237 0 0 2 0 0
3238 0 0 2 0 0
3239 0 0 2 0 0
3240 0 0 2 0 0
3241 0 0 2 0 0
3242 0 0 2 0 0
3243 0 0 2 0 0
3244 0 0 2 0 0
3245 0 0 2 0 0
3246 0 0 2 0 0
3247 0 0 2 0 0
3248 0 0 2 0 0
3249 0 0 2 0 0
3250 0 0 2 0 0
3251 0 0 2 0 0
3252 0 0 2 0 0
3253 0 0 2 0 0
3254 0 0 2 0 0
3255 0 0 2 0 0
3256 0 0 2 0 0
3257 0 0 2 0 0
3258 0 0 2 0 0
3259 0 0 2 0 0
3260 0 0 2 0 0
3261 0 0 2 0 0
3262 0 0 2 0 0
3263 0 0 2 0 0
3264 0 0 2 0 0
3265 0 0 2 0 0
3266 0 0 2 0 0
3267 0 0 2 0 0
3268 0 0 2 0 0
3269 0 0 2 0 0
3270 0 0 2 0 0
3271 0 0 2 0 0
3272 0 0 2 0 0
3273 0 0 2 0 0
3274 0 0 2 0 0
3275 0 0 2 0 0
3276 0 0 2 0 0
3277 0 0 2 0 0
3278 0 0 2 0 0
3279 0 0 2 0 0
3280 0 0 2 0 0
3281 0 0 2 0 0
3282 0 0 2 0 0
3283 0 0 2 0 0
3284 0 0 2 0 0
3285 0 0 2 0 0
3286 0 0 2 0 0
3287 0 0 2 0 0
3288 0 0 2 0 0
3289 0 0 2 0 0
3290 0 0 2 0 0
3291 0 0 2 0 0
3292 0 0 2 0 0
3293 0 0 2 0 0
3294 0 0 2 0 0
3295 0 0 2 0 0
3296 0 0 2 0 0
3297 0 0 2 0 0
3298 0 0 2 0 0
3299 0 0 2 0 0
3300 0 0 2 0 0
3301 0 0 2 0 0
3302 0 0 2 0 0
3303 0 0 2 0 0
3304 0 0 2 0 0
3305 0 0 2 0 0
3306 0 0 2 0 0
3307 0 0 2 0 0
3308 0 0 2 0 0
3309 0 0 2 0 0
3310 0 0 2 0 0
3311 0 0 2 0 0
3312 0 0 2 0 0
3313 0 0 2 0 0
3314 0 0 2 0 0
3315 0 0 2 0 0
3316 0 0 2 0 0
3317 0 0 2 0 0
3318 0 0 2 0 0
3319 0 0 2 0 0
3320 0 0 2 0 0
3321 0 0 2 0 0
3322 0 0 2 0 0
3323 0 0 2 0 0
3324 0 0 2 0 0
3325 0 0 2 0 0
3326 0 0 2 0 0
3327 0 0 2 0 0
3328 0 0 2 0 0
3329 0 0 2 0 0
3330 0 0 2 0 0
3331 0 0 2 0 0
3332 0 0 2 0 0
3333 0 0 2 0 0
3334 0 0 2 0 0
3335 0 0 2 0 0
3336 0 0 2 0 0
3337 0 0 2 0 0
3338 0 0 2 0 0
3339 0 0 2 0 0
3340 0 0 2 0 0
3341 0 0 2 0 0
3342 0 0 2 0 0
3343 0 0 2 0 0
3344 0 0 2 0 0
3345 0 0 2 0 0
3346 0 0 2 0 0
3347 0 0 2 0 0
3348 0 0 2 0 0
3349 0 0 2 0 0
3350 0 0 2 0 0
3351 0 0 2 0 0
3352 0 0 2 0 0
3353 0 0 2 0 0
3354 0 0 0 0 0
3355 0 0 0 0 0
3356 0 0 0 0 0
3357 0 0 0 0 0
3358 0 0 0 0 0
3359 0 0 0 0 0
3360 0 0 0 0 0
3361 0 0 0 0 0
3362 0 0 0 0 0
3363 0 0 0 0 0
3364 0 0 0 0 0
3365 0 0 0 0 0
3366 0 0 0 0 0
3367 0 0 0 0 0
3368 0 0 0 0 0
3369 0 0 0 0 1
3370 0 0 0 0 1
3371 0 0 0 0 1
3372 0 0 0 0 1
3373 0 0 0 0 1
3374 0 0 0 0 1
3375 0 0 0 0 1
3376 0 0 0 0 1
3377 0 0 0 0 1
3378 0 0 0 0 1
3379 0 0 0 0 1
3380 0 0 0 0 1
3381 0 0 0 0 1
3382 0 0 0 0 1
3383 0 0 0 0 1
3384 0 0 0 0 1
3385 0 0 0 0 1
3386 0 0 0 0 1
3387 0 0 0 0 1
3388 0 0 0 0 1
3389 0 0 0 0 1
3390 0 0 0 0 1
3391 0 0 0 0 1
3392 0 0 0 0 1
3393 0 0 0 0 1
3394 0 0 0 0 1
3395 0 0 0 0 1
3396 0 0 0 0 1
3397 0 0 0 0 1
3398 0 0 0 0 1
3399 0 0 0 0 2
3400 0 0 0 0 2
3401 0 0 0 0 2
3402 0 0 0 0 2
3403 0 0 0 0 2
3404 0 0 0 0 2
3405 0 0 0 0 2
3406 0 0 0 0 2
3407 0 0 0 0 2
3408 0 0 0 0 2
3409 0 0 0 0 2
3410 0 0 0 0 2
3411 0 0 0 0 2
3412 0 0 0 0 2
3413 0 0 0 0 2
3414 0 0 2 0 2
3415 0 0 2 0 2
3416 0 0 2 0 2
3417 0 0 2 0 2
3418 0 0 2 0 2
3419 0 0 2 0 2
3420 0 0 2 0 2
3421 0 0 2 0 2
3422 0 0 2 0 2
3423 0 0 2 0 2
3424 0 0 2 0 2
3425 0 0 2 0 2
3426 0 0 2 0 2
3427 0 0 2 0 2
3428 0 0 2 0 2
3429 0 0 2 0 2
3430 0 0 2 0 2
3431 0 0 2 0 2
3432 0 0 2 0 2
3433 0 0 2 0 2
3434 0 0 2 0 2
3435 0 0 2 0 2
3436 0 0 2 0 2
3437 0 0 2 0 2
3438 0 0 2 0 2
3439 0 0 2 0 2
3440 0 0 2 0 2
3441 0 0 2 0 2
3442 0 0 2 0 2
3443 0 0 2 0 2
3444 0 0 3 0 0
3445 0 0 3 0 0
3446 0 0 3 0 0
3447 0 0 3 0 0
3448 0 0 3 0 0
3449 0 0 3 0 0
3450 0 0 3 0 0
3451 0 0 3 0 0
3452 0 0 3 0 0
3453 0 0 3 0 0
3454 0 0 3 0 0
3455 0 0 3 0 0
3456 0 0 3 0 0
3457 0 0 3 0 0
3458 0 0 3 0 0
3459 0 0 2 0 2
3460 0 0 2 0 2
3461 0 0 2 0 2
3462 0 0 2 0 2
3463 0 0 2 0 2
3464 0 0 2 0 2
3465 0 0 2 0 2
3466 0 0 2 0 2
3467 0 0 2 0 2
3468 0 0 2 0 2
3469 0 0 2 0 2
3470 0 0 2 0 2
3471 0 0 2 0 2
3472 0 0 0 0 1
3473 0 0 0 0 1
3474 0 0 0 0 1
3475 0 0 2 0 2
3476 0 0 2 0 2
3477 0 0 2 0 2
3478 0 0 2 0 2
3479 0 0 2 0 2
3480 0 0 2 0 2
3481 0 0 2 0 2
3482 0 0 2 0 2
3483 0 0 2 0 2
3484 0 0 2 0 2
3485 0 0 2 0 2
3486 0 0 2 0 2
3487 0 0 2 0 2
3488 0 0 2 0 2
3489 0 0 2 0 2
3490 0 0 0 0 2
3491 0 0 0 0 2
3492 0 0 0 0 2
3493 0 0 0 0 2
3494 0 0 0 0 2
3495 0 0 0 0 2
3496 0 0 0 0 2
3497 0 0 0 0 2
3498 0 0 0 0 2
3499 0 0 0 0 2
3500 0 0 0 0 2
3501 0 0 0 0 2
3502 0 0 0 0 2
3503 0 0 0 0 2
3504 0 0 0 0 2
3505 0 0 2 0 2
3506 0 0 2 0 2
3507 0 0 2 0 2
3508 0 0 2 0 2
3509 0 0 2 0 2
3510 0 0 2 0 2
3511 0 0 2 0 2
3512 0 0 2 0 2
3513 0 0 2 0 2
3514 0 0 2 0 2
3515 0 0 2 0 2
3516 0 0 2 0 2
3517 0 0 2 0 2
3518 0 0 2 0 2
3519 0 0 2 0 2
3520 2 0 2 0 2
3521 2 0 2 0 2
3522 2 0 2 0 2
3523 2 0 2 0 2
3524 2 0 2 0 2
3525 2 0 2 0 2
3526 2 0 2 0 2
3527 2 0 2 0 2
3528 2 0 2 0 2
3529 2 0 2 0 2
3530 2 0 2 0 2
3531 2 0 2 0 2
3532 2 0 2 0 2
3533 2 0 2 0 2
3534 2 0 2 0 2
3535 2 0 0 0 2
3536 2 0 0 0 2
3537 2 0 0 0 2
3538 2 0 0 0 2
3539 2 0 0 0 2
3540 2 0 0 0 2
3541 2 0 0 0 2
3542 2 0 0 0 2
3543 2 0 0 0 2
3544 2 0 0 0 2
3545 2 0 0 0 2
3546 2 0 0 0 2
3547 2 0 0 0 2
3548 2 0 0 0 2
3549 2 0 0 0 2
3550 0 0 0 0 2
3551 0 0 0 0 2
3552 0 0 0 0 2
3553 0 0 0 0 2
3554 0 0 0 0 2
3555 0 0 0 0 2
3556 0 0 0 0 2
3557 0 0 0 0 2
3558 0 0 0 0 2
3559 0 0 0 0 2
3560 0 0 0 0 2
3561 0 0 0 0 2
3562 0 0 0 0 2
3563 0 0 0 0 2
3564 0 0 0 0 2
3565 2 0 0 0 1
3566 2 0 0 0 1
3567 2 0 0 0 1
3568 2 0 0 0 1
3569 2 0 0 0 1
3570 2 0 0 0 1
3571 2 0 0 0 1
3572 2 0 0 0 1
3573 2 0 0 0 1
3574 2 0 0 0 1
3575 2 0 0 0 1
3576 2 0 0 0 1
3577 2 0 0 0 1
3578 2 0 0 0 1
3579 2 0 0 0 1
3580 2 0 0 0 2
3581 2 0 0 0 2
3582 2 0 0 0 2
3583 2 0 0 0 2
3584 2 0 0 0 2
3585 2 0 0 0 2
3586 2 0 0 0 2
3587 2 0 0 0 2
3588 2 0 0 0 2
3589 2 0 0 0 2
3590 2 0 0 0 2
3591 2 0 0 0 2
3592 2 0 0 0 2
3593 2 0 0 0 2
3594 2 0 0 0 2
3595 2 0 0 0 2
3596 2 0 0 0 2
3597 2 0 0 0 2
3598 2 0 0 0 2
3599 2 0 0 0 2
3600 2 0 0 0 2
3601 2 0 0 0 2
3602 2 0 0 0 2
3603 2 0 0 0 2
3604 2 0 0 0 2
3605 2 0 0 0 2
3606 2 0 0 0 2
3607 2 0 0 0 2
3608 2 0 0 0 2
3609 2 0 0 0 2
3610 2 0 0 0 2
3611 2 0 0 0 2
3612 2 0 0 0 1
3613 2 0 0 0 1
3614 2 0 0 0 1
3615 2 0 2 0 2
3616 2 0 2 0 2
3617 2 0 2 0 2
3618 2 0 2 0 2
3619 2 0 2 0 2
3620 2 0 2 0 2
3621 2 0 2 0 2
3622 2 0 2 0 2
3623 2 0 2 0 2
3624 2 0 2 0 2
3625 2 0 2 0 2
3626 2 0 2 0 2
3627 2 0 2 0 2
3628 2 0 2 0 2
3629 2 0 2 0 2
3630 2 0 2 0 2
3631 2 0 2 0 2
3632 2 0 2 0 2
3633 2 0 2 0 2
3634 2 0 2 0 2
3635 2 0 2 0 2
3636 2 0 2 0 2
3637 2 0 2 0 2
3638 2 0 2 0 2
3639 2 0 2 0 2
3640 2 0 2 0 2
3641 2 0 2 0 2
3642 2 0 2 0 2
3643 2 0 2 0 2
3644 2 0 2 0 2
3645 0 0 2 0 2
3646 0 0 2 0 2
3647 0 0 2 0 2
3648 0 0 2 0 2
3649 0 0 2 0 2
3650 0 0 2 0 2
3651 0 0 2 0 2
3652 0 0 2 0 2
3653 0 0 2 0 2
3654 0 0 2 0 2
3655 0 0 2 0 2
3656 0 0 2 0 2
3657 0 0 0 0 2
3658 0 0 0 0 2
3659 0 0 0 0 2
3660 0 0 3 0 0
3661 0 0 3 0 0
3662 0 0 3 0 0
3663 0 0 3 0 0
3664 0 0 3 0 0
3665 0 0 3 0 0
3666 0 0 3 0 0
3667 0 0 3 0 0
3668 0 0 3 0 0
3669 0 0 3 0 0
3670 0 0 3 0 0
3671 0 0 3 0 0
3672 0 0 3 0 0
3673 0 0 3 0 0
3674 0 0 3 0 0
3675 2 0 3 0 2
3676 2 0 3 0 2
3677 2 0 3 0 2
3678 2 0 3 0 2
3679 2 0 3 0 2
3680 2 0 3 0 2
3681 2 0 3 0 2
3682 2 0 3 0 2
3683 2 0 3 0 2
3684 2 0 3 0 2
3685 2 0 3 0 2
3686 2 0 3 0 2
3687 2 0 3 0 2
3688 2 0 3 0 2
3689 2 0 3 0 2
3690 2 0 0 0 0
3691 2 0 0 0 0
3692 2 0 0 0 0
3693 2 0 0 0 0
3694 2 0 0 0 0
3695 2 0 0 0 0
3696 2 0 0 0 0
3697 2 0 0 0 0
3698 2 0 0 0 0
3699 2 0 0 0 0
3700 2 0 0 0 0
3701 2 0 0 0 0
3702 2 0 0 0 0
3703 2 0 0 0 0
3704 2 0 0 0 0
3705 2 0 2 0 0
3706 2 0 2 0 0
3707 2 0 2 0 0
3708 2 0 2 0 0
3709 2 0 2 0 0
3710 2 0 2 0 0
3711 2 0 2 0 0
3712 2 0 2 0 0
3713 2 0 2 0 0
3714 2 0 2 0 0
3715 2 0 2 0 0
3716 2 0 2 0 0
3717 2 0 2 0 0
3718 2 0 2 0 0
3719 2 0 2 0 0
3720 2 0 2 0 0
3721 2 0 2 0 0
3722 2 0 2 0 0
3723 2 0 2 0 0
3724 2 0 2 0 0
3725 2 0 2 0 0
3726 2 0 2 0 0
3727 2 0 2 0 0
3728 2 0 2 0 0
3729 2 0 2 0 0
3730 2 0 2 0 0
3731 2 0 2 0 0
3732 2 0 2 0 0
3733 2 0 2 0 0
3734 2 0 2 0 0
3735 2 0 0 0 0
3736 2 0 0 0 0
3737 2 0 0 0 0
3738 2 0 0 0 0
3739 2 0 0 0 0
3740 2 0 0 0 0
3741 2 0 0 0 0
3742 2 0 0 0 0
3743 2 0 0 0 0
3744 2 0 0 0 0
3745 2 0 0 0 0
3746 2 0 0 0 0
3747 2 0 0 0 0
3748 2 0 2 0 0
3749 2 0 2 0 0
3750 2 0 2 0 0
3751 2 0 3 0 0
3752 2 0 3 0 0
3753 2 0 3 0 0
3754 2 0 3 0 0
3755 2 0 3 0 0
3756 2 0 3 0 0
3757 2 0 3 0 0
3758 2 0 3 0 0
3759 2 0 3 0 0
3760 2 0 3 0 0
3761 2 0 3 0 0
3762 2 0 3 0 0
3763 2 0 3 0 0
3764 2 0 3 0 0
3765 2 0 3 0 0
3766 0 2 2 0 2
3767 0 2 2 0 2
3768 0 2 2 0 2
3769 0 2 2 0 2
3770 0 2 2 0 2
3771 0 2 2 0 2
3772 0 2 2 0 2
3773 0 2 2 0 2
3774 0 2 2 0 2
3775 0 2 2 0 2
3776 0 2 2 0 2
3777 0 2 2 0 2
3778 0 2 2 0 2
3779 0 2 2 0 2
3780 0 2 2 0 2
3781 2 0 3 0 2
3782 2 0 3 0 2
3783 2 0 3 0 2
3784 2 0 3 0 2
3785 2 0 3 0 2
3786 2 0 3 0 2
3787 2 0 3 0 2
3788 2 0 3 0 2
3789 2 0 3 0 2
3790 2 0 3 0 2
3791 2 0 3 0 2
3792 2 0 3 0 2
3793 2 0 3 0 2
3794 2 0 3 0 2
3795 2 0 3 0 2
3796 2 0 3 0 2
3797 2 0 3 0 2
3798 2 0 3 0 2
3799 2 0 3 0 2
3800 2 0 3 0 2
3801 2 0 3 0 2
3802 2 0 3 0 2
3803 2 0 3 0 2
3804 2 0 3 0 2
3805 2 0 3 0 2
3806 2 0 3 0 2
3807 2 0 3 0 2
3808 2 0 3 0 2
3809 2 0 3 0 2
3810 2 0 3 0 2
3811 2 0 3 0 2
3812 2 0 3 0 2
3813 2 0 3 0 2
3814 2 0 3 0 2
3815 2 0 3 0 2
3816 2 0 3 0 2
3817 2 0 3 0 2
3818 2 0 3 0 2
3819 2 0 3 0 2
3820 2 0 3 0 2
3821 2 0 3 0 2
3822 2 0 3 0 2
3823 2 0 3 0 2
3824 2 0 3 0 2
3825 2 0 3 0 2
3826 2 0 3 0 2
3827 2 0 3 0 2
3828 2 0 3 0 2
3829 2 0 3 0 2
3830 2 0 3 0 2
3831 2 0 3 0 2
3832 2 0 3 0 2
3833 2 0 3 0 2
3834 2 0 3 0 2
3835 2 0 3 0 2
3836 2 0 3 0 2
3837 2 0 3 0 2
3838 2 0 3 0 2
3839 2 0 3 0 2
3840 2 0 3 0 2
3841 2 0 2 0 2
3842 2 0 2 0 2
3843 2 0 2 0 2
3844 2 0 2 0 2
3845 2 0 2 0 2
3846 2 0 2 0 2
3847 2 0 2 0 2
3848 2 0 2 0 2
3849 2 0 2 0 2
3850 2 0 2 0 2
3851 2 0 2 0 2
3852 2 0 2 0 2
3853 2 0 2 0 2
3854 2 0 2 0 2
3855 2 0 2 0 2
3856 2 0 2 0 0
3857 2 0 2 0 0
3858 2 0 2 0 0
3859 2 0 2 0 0
3860 2 0 2 0 0
3861 2 0 2 0 0
3862 2 0 2 0 0
3863 2 0 2 0 0
3864 2 0 2 0 2
3865 2 0 2 0 2
3866 2 0 2 0 2
3867 2 0 2 0 2
3868 2 0 2 0 2
3869 2 0 2 0 2
3870 2 0 2 0 2
3871 2 0 2 0 2
3872 2 0 2 0 2
3873 2 0 2 0 2
3874 2 0 2 0 2
3875 2 0 2 0 2
3876 2 0 2 0 2
3877 2 0 2 0 2
3878 2 0 2 0 2
3879 0 0 2 0 2
3880 0 0 2 0 2
3881 0 0 2 0 2
3882 0 0 2 0 2
3883 0 0 2 0 2
3884 0 0 2 0 2
3885 0 0 2 0 2
3886 0 0 2 0 2
3887 0 0 2 0 2
3888 0 0 2 0 2
3889 0 0 2 0 2
3890 0 0 2 0 2
3891 0 0 2 0 2
3892 0 0 2 0 2
3893 0 0 2 0 2
3894 2 0 0 0 0
3895 2 0 0 0 0
3896 2 0 0 0 0
3897 2 0 0 0 0
3898 2 0 0 0 0
3899 2 0 0 0 0
3900 2 0 2 0 0
3901 2 0 2 0 0
3902 2 0 2 0 0
3903 0 0 2 0 0
3904 0 0 2 0 0
3905 0 0 2 0 0
3906 0 0 2 0 0
3907 0 0 2 0 0
3908 0 0 2 0 0
3909 0 0 2 0 0
3910 0 0 2 0 0
3911 0 0 2 0 0
3912 0 0 2 0 0
3913 0 0 2 0 0
3914 0 0 2 0 0
3915 0 0 2 0 0
3916 0 0 2 0 0
3917 0 0 2 0 0
3918 0 0 2 0 0
3919 0 0 2 0 0
3920 0 0 2 0 0
3921 0 0 2 0 0
3922 0 0 2 0 0
3923 0 0 2 0 0
3924 0 0 2 0 0
3925 0 0 2 0 0
3926 0 0 2 0 0
3927 0 0 2 0 0
3928 0 0 2 0 0
3929 0 0 2 0 0
3930 0 0 2 0 0
3931 0 0 2 0 0
3932 0 0 2 0 0
3933 0 0 2 0 1
3934 0 0 2 0 1
3935 0 0 2 0 1
3936 0 0 2 0 1
3937 0 0 2 0 1
3938 0 0 2 0 1
3939 0 0 2 0 1
3940 0 0 2 0 1
3941 0 0 2 0 1
3942 0 0 2 0 1
3943 0 0 2 0 1
3944 0 0 2 0 1
3945 0 0 2 0 1
3946 0 0 2 0 1
3947 0 0 2 0 1
3948 3 0 2 0 0
3949 3 0 2 0 0
3950 3 0 2 0 0
3951 3 0 2 0 0
3952 3 0 2 0 0
3953 3 0 2 0 0
3954 3 0 2 0 0
3955 3 0 2 0 0
3956 3 0 2 0 0
3957 3 0 2 0 0
3958 3 0 2 0 0
3959 3 0 2 0 0
3960 3 0 2 0 0
3961 3 0 2 0 0
3962 3 0 2 0 0
3963 0 0 2 0 0
3964 0 0 2 0 0
3965 0 0 2 0 0
3966 0 0 2 0 0
3967 0 0 2 0 0
3968 0 0 2 0 0
3969 0 0 2 0 0
3970 0 0 2 0 0
3971 0 0 2 0 0
3972 0 0 2 0 0
3973 0 0 2 0 0
3974 0 0 2 0 0
3975 0 0 2 0 0
3976 0 0 2 0 0
3977 0 0 2 0 0
3978 0 0 2 0 0
3979 0 0 2 0 0
3980 0 0 2 0 0
3981 0 0 2 0 0
3982 0 0 2 0 0
3983 0 0 2 0 0
3984 0 0 2 0 0
3985 0 0 2 0 0
3986 0 0 2 0 0
3987 0 0 2 0 0
3988 0 0 2 0 0
3989 0 0 2 0 0
3990 0 0 2 0 0
3991 0 0 2 0 0
3992 0 0 2 0 0
3993 0 3 2 0 0
3994 0 3 2 0 0
3995 0 3 2 0 0
3996 0 3 2 0 0
3997 0 3 2 0 0
3998 0 3 2 0 0
3999 0 3 2 0 0
4000 0 3 2 0 0
4001 0 3 2 0 0
4002 0 3 2 0 0
4003 0 3 2 0 0
4004 0 3 2 0 0
4005 0 3 2 0 0
4006 0 3 2 0 0
4007 0 3 2 0 0
4008 0 3 2 0 0
4009 0 3 2 0 0
4010 0 3 2 0 0
4011 0 3 2 0 0
4012 0 3 2 0 0
4013 0 3 2 0 0
4014 0 3 2 0 0
4015 0 3 2 0 0
4016 0 3 2 0 0
4017 0 3 2 0 0
4018 0 3 2 0 0
4019 0 3 2 0 0
4020 0 3 2 0 0
4021 0 3 2 0 0
4022 0 3 2 0 0
4023 0 3 2 0 0
4024 0 3 2 0 0
4025 0 3 2 0 0
4026 0 3 2 0 0
4027 0 3 2 0 0
4028 0 3 2 0 0
4029 0 3 2 0 0
4030 0 3 2 0 0
4031 0 3 2 0 0
4032 0 3 2 0 0
4033 0 3 2 0 0
4034 0 3 2 0 0
4035 0 3 2 0 0
4036 0 3 2 0 0
4037 0 3 2 0 0
4038 0 3 2 0 0
4039 0 3 2 0 0
4040 0 3 2 0 0
4041 0 3 2 0 0
4042 3 0 2 0 0
4043 3 0 2 0 0
4044 3 0 2 0 0
4045 3 0 2 0 0
4046 3 0 2 0 0
4047 3 0 2 0 0
4048 3 0 2 0 0
4049 3 0 2 0 0
4050 3 0 2 0 0
4051 3 0 2 0 0
4052 3 0 2 0 0
4053 3 0 2 0 0
4054 3 0 2 0 0
4055 3 0 2 0 0
4056 3 0 2 0 0
4057 0 0 3 0 0
4058 0 0 3 0 0
4059 0 0 3 0 0
4060 0 0 3 0 0
4061 0 0 3 0 0
4062 0 0 3 0 0
4063 0 0 3 0 0
4064 0 0 3 0 0
4065 0 0 3 0 0
4066 0 0 3 0 0
4067 0 0 3 0 0
4068 0 0 3 0 0
4069 0 0 3 0 0
4070 0 0 3 0 0
4071 0 0 3 0 0
4072 0 0 0 0 1
4073 0 0 0 0 1
4074 0 0 0 0 1
4075 0 0 0 0 1
4076 0 0 0 0 1
4077 0 0 0 0 1
4078 0 0 0 0 1
4079 0 0 0 0 1
4080 0 0 0 0 1
4081 0 0 0 0 1
4082 0 0 0 0 1
4083 0 0 0 0 1
4084 0 0 0 0 1
4085 0 0 0 0 1
4086 0 0 0 0 1
4087 0 0 3 0 2
4088 0 0 3 0 2
4089 0 0 3 0 2
4090 0 0 3 0 2
4091 0 0 3 0 2
4092 0 0 3 0 2
4093 0 0 3 0 2
4094 0 0 3 0 2
4095 0 0 3 0 2
4096 0 0 3 0 2
4097 0 0 3 0 2
4098 0 0 3 0 2
4099 0 0 3 0 2
4100 0 0 3 0 2
4101 0 0 3 0 2
4102 0 0 3 0 2
4103 0 0 3 0 2
4104 0 0 3 0 2
4105 0 0 3 0 2
4106 0 0 3 0 2
4107 0 0 3 0 2
4108 0 0 3 0 2
4109 0 0 3 0 2
4110 0 0 3 0 2
4111 0 0 3 0 2
4112 0 0 3 0 2
4113 0 0 3 0 2
4114 0 0 3 0 2
4115 0 0 3 0 2
4116 0 0 3 0 2
4117 0 0 3 0 0
4118 0 0 3 0 0
4119 0 0 3 0 0
4120 0 0 3 0 0
4121 0 0 3 0 0
4122 0 0 3 0 0
4123 0 0 3 0 0
4124 0 0 3 0 0
4125 0 0 3 0 0
4126 0 0 3 0 0
4127 0 0 3 0 0
4128 0 0 3 0 0
4129 0 0 3 0 0
4130 0 0 3 0 0
4131 0 0 3 0 0
4132 0 0 3 0 1
4133 0 0 3 0 1
4134 0 0 3 0 1
4135 0 0 3 0 1
4136 0 0 3 0 1
4137 0 0 3 0 1
4138 0 0 3 0 1
4139 0 0 3 0 1
4140 0 0 3 0 1
4141 0 0 3 0 1
4142 0 0 3 0 1
4143 0 0 3 0 1
4144 0 0 3 0 1
4145 0 0 3 0 1
4146 0 0 3 0 1
4147 0 0 3 0 1
4148 0 0 3 0 1
4149 0 0 3 0 1
4150 0 0 3 0 1
4151 0 0 3 0 1
4152 0 0 3 0 1
4153 0 0 3 0 1
4154 0 0 3 0 1
4155 0 0 3 0 1
4156 0 0 3 0 1
4157 0 0 3 0 1
4158 0 0 3 0 1
4159 0 0 3 0 1
4160 0 0 3 0 1
4161 0 0 3 0 1
4162 0 0 0 0 2
4163 0 0 0 0 2
4164 0 0 0 0 2
4165 0 0 0 0 2
4166 0 0 0 0 2
4167 0 0 0 0 2
4168 0 0 0 0 2
4169 0 0 0 0 2
4170 0 0 0 0 2
4171 0 0 0 0 2
4172 0 0 0 0 2
4173 0 0 0 0 2
4174 0 0 0 0 2
4175 0 0 0 0 2
4176 0 0 0 0 2
4177 0 0 0 0 2
4178 0 0 0 0 2
4179 0 0 0 0 2
4180 0 0 0 0 2
4181 0 0 0 0 2
4182 0 0 0 0 2
4183 0 0 0 0 2
4184 0 0 0 0 2
4185 0 0 0 0 2
4186 0 0 0 0 2
4187 0 0 0 0 2
4188 0 0 0 0 2
4189 0 0 0 0 2
4190 0 0 0 0 2
4191 0 0 0 0 2
4192 0 0 0 0 2
4193 0 0 0 0 2
4194 0 0 0 0 2
4195 0 0 0 0 2
4196 0 0 0 0 2
4197 0 0 0 0 2
4198 0 0 0 0 2
4199 0 0 0 0 2
4200 0 0 0 0 2
4201 0 0 0 0 2
4202 0 0 0 0 2
4203 0 0 0 0 2
4204 0 0 0 0 2
4205 0 0 0 0 2
4206 0 0 0 0 2
4207 0 0 0 0 2
4208 0 0 0 0 2
4209 0 0 0 0 2
4210 0 0 0 0 2
4211 0 0 0 0 2
4212 0 0 0 0 2
4213 0 0 0 0 2
4214 0 0 0 0 2
4215 0 0 0 0 2
4216 0 0 0 0 2
4217 0 0 0 0 2
4218 0 0 0 0 2
4219 0 0 0 0 2
4220 0 0 0 0 2
4221 0 0 0 0 2
4222 2 0 2 0 0
4223 2 0 2 0 0
4224 2 0 2 0 0
4225 2 0 2 0 0
4226 2 0 2 0 0
4227 2 0 2 0 0
4228 2 0 2 0 0
4229 2 0 2 0 0
4230 2 0 2 0 0
4231 2 0 2 0 0
4232 2 0 2 0 0
4233 2 0 2 0 0
4234 2 0 2 0 0
4235 2 0 2 0 0
4236 2 0 2 0 0
4237 2 0 2 0 0
4238 2 0 2 0 0
4239 2 0 2 0 0
4240 2 0 2 0 0
4241 2 0 2 0 0
4242 2 0 2 0 0
4243 2 0 2 0 0
4244 2 0 2 0 0
4245 2 0 2 0 0
4246 2 0 2 0 0
4247 2 0 2 0 0
4248 2 0 2 0 0
4249 2 0 2 0 0
4250 2 0 2 0 0
4251 2 0 2 0 0
4252 0 0 2 0 0
4253 0 0 2 0 0
4254 0 0 2 0 0
4255 0 0 2 0 0
4256 0 0 2 0 0
4257 0 0 2 0 0
4258 0 0 2 0 0
4259 0 0 2 0 0
4260 0 0 2 0 0
4261 0 0 2 0 0
4262 0 0 2 0 0
4263 0 0 2 0 0
4264 0 0 2 0 0
4265 0 0 2 0 0
4266 0 0 2 0 0
4267 2 0 2 0 0
4268 2 0 2 0 0
4269 2 0 2 0 0
4270 2 0 2 0 0
4271 2 0 2 0 0
4272 2 0 2 0 0
4273 2 0 2 0 0
4274 2 0 2 0 0
4275 2 0 2 0 0
4276 2 0 2 0 0
4277 2 0 2 0 0
4278 2 0 2 0 0
4279 2 0 2 0 0
4280 2 0 2 0 0
4281 2 0 2 0 0
4282 0 0 2 0 0
4283 0 0 2 0 0
4284 0 0 2 0 0
4285 0 0 2 0 0
4286 0 0 2 0 0
4287 0 0 2 0 0
4288 0 0 2 0 0
4289 0 0 2 0 0
4290 0 0 2 0 0
4291 0 0 2 0 0
4292 0 0 2 0 0
4293 0 0 2 0 0
4294 0 0 2 0 0
4295 0 0 2 0 0
4296 0 0 2 0 0
4297 0 0 2 0 0
4298 0 0 2 0 0
4299 0 0 2 0 0
4300 0 0 2 0 0
4301 0 0 2 0 0
4302 0 0 2 0 0
4303 0 0 2 0 0
4304 0 0 2 0 0
4305 0 0 2 0 0
4306 0 0 2 0 0
4307 0 0 2 0 0
4308 0 0 2 0 0
4309 0 0 2 0 0
4310 0 0 2 0 0
4311 0 0 2 0 0
4312 0 0 2 0 0
4313 0 0 2 0 0
4314 0 0 2 0 0
4315 0 0 2 0 0
4316 0 0 2 0 0
4317 0 0 2 0 0
4318 0 0 2 0 0
4319 0 0 2 0 0
4320 0 0 2 0 0
4321 0 0 2 0 0
4322 0 0 2 0 0
4323 0 0 2 0 0
4324 0 0 2 0 0
4325 0 0 2 0 0
4326 0 0 2 0 0
4327 0 0 2 0 0
4328 0 0 2 0 0
4329 0 0 2 0 0
4330 0 0 2 0 0
4331 0 0 2 0 0
4332 0 0 2 0 0
4333 0 0 2 0 0
4334 0 0 2 0 0
4335 0 0 2 0 0
4336 0 0 2 0 0
4337 0 0 2 0 0
4338 0 0 2 0 0
4339 0 0 2 0 0
4340 0 0 2 0 0
4341 0 0 2 0 0
4342 0 0 2 0 1
4343 0 0 2 0 1
4344 0 0 2 0 1
4345 0 0 2 0 1
4346 0 0 2 0 1
4347 0 0 2 0 1
4348 0 0 2 0 1
4349 0 0 2 0 1
4350 0 0 2 0 1
4351 0 0 2 0 1
4352 0 0 2 0 1
4353 0 0 2 0 1
4354 0 0 2 0 1
4355 0 0 2 0 1
4356 0 0 2 0 1
4357 0 0 2 0 2
4358 0 0 2 0 2
4359 0 0 2 0 2
4360 0 0 2 0 2
4361 0 0 2 0 2
4362 0 0 2 0 2
4363 0 0 2 0 2
4364 0 0 2 0 2
4365 0 0 2 0 2
4366 0 0 2 0 2
4367 0 0 2 0 2
4368 0 0 2 0 2
4369 0 0 2 0 2
4370 0 0 2 0 2
4371 0 0 2 0 2
4372 2 0 0 0 2
4373 2 0 0 0 2
4374 2 0 0 0 2
4375 2 0 0 0 2
4376 2 0 0 0 2
4377 2 0 0 0 2
4378 2 0 0 0 2
4379 2 0 0 0 2
4380 2 0 0 0 2
4381 2 0 0 0 2
4382 2 0 0 0 2
4383 2 0 0 0 2
4384 2 0 0 0 2
4385 2 0 0 0 2
4386 2 0 0 0 2
4387 0 0 2 0 2
4388 0 0 2 0 2
4389 0 0 2 0 2
4390 0 0 2 0 2
4391 0 0 2 0 2
4392 0 0 2 0 2
4393 0 0 2 0 2
4394 0 0 2 0 2
4395 0 0 2 0 2
4396 0 0 2 0 2
4397 0 0 2 0 2
4398 0 0 2 0 2
4399 0 0 2 0 2
4400 0 0 2 0 2
4401 0 0 2 0 2
4402 0 0 2 0 2
4403 0 0 2 0 2
4404 0 0 2 0 2
4405 0 0 2 0 2
4406 0 0 2 0 2
4407 0 0 2 0 2
4408 0 0 2 0 2
4409 0 0 2 0 2
4410 0 0 2 0 2
4411 0 0 2 0 2
4412 0 0 2 0 2
4413 0 0 2 0 2
4414 0 0 2 0 2
4415 0 0 2 0 2
4416 0 0 2 0 2
4417 0 0 2 0 0
4418 0 0 2 0 0
4419 0 0 2 0 0
4420 0 0 2 0 0
4421 0 0 2 0 0
4422 0 0 2 0 0
4423 0 0 2 0 0
4424 0 0 2 0 0
4425 0 0 2 0 0
4426 0 0 2 0 0
4427 0 0 2 0 0
4428 0 0 2 0 0
4429 0 0 2 0 0
4430 0 0 2 0 0
4431 0 0 2 0 0
4432 0 0 2 0 1
4433 0 0 2 0 1
4434 0 0 2 0 1
4435 0 0 2 0 1
4436 0 0 2 0 1
4437 0 0 2 0 1
4438 0 0 2 0 1
4439 0 0 2 0 1
4440 0 0 2 0 1
4441 0 0 2 0 1
4442 0 0 2 0 1
4443 0 0 2 0 1
4444 0 0 2 0 1
4445 0 0 2 0 1
4446 0 0 2 0 1
4447 0 0 2 0 1
4448 0 0 2 0 1
4449 0 0 2 0 1
4450 0 0 2 0 1
4451 0 0 2 0 1
4452 0 0 2 0 1
4453 0 0 2 0 1
4454 0 0 2 0 1
4455 0 0 2 0 1
4456 0 0 2 0 1
4457 0 0 2 0 1
4458 0 0 2 0 1
4459 0 0 2 0 1
4460 0 0 2 0 1
4461 0 0 2 0 1
4462 0 3 0 0 2
4463 0 3 0 0 2
4464 0 3 0 0 2
4465 0 3 0 0 2
4466 0 3 0 0 2
4467 0 3 0 0 2
4468 0 3 0 0 2
4469 0 3 0 0 2
4470 0 3 0 0 2
4471 0 3 0 0 2
4472 0 3 0 0 2
4473 0 3 0 0 2
4474 0 3 0 0 2
4475 0 3 0 0 2
4476 0 3 0 0 2
4477 0 3 0 0 2
4478 0 3 0 0 2
4479 0 3 0 0 2
4480 0 3 0 0 2
4481 0 3 0 0 2
4482 0 3 0 0 2
4483 0 3 0 0 2
4484 0 3 0 0 2
4485 0 3 0 0 2
4486 0 3 0 0 2
4487 0 3 0 0 2
4488 0 3 0 0 2
4489 0 3 0 0 2
4490 0 3 0 0 2
4491 0 3 0 0 2
4492 0 3 0 0 2
4493 0 3 0 0 2
4494 0 3 0 0 2
4495 0 3 0 0 2
4496 0 3 0 0 2
4497 0 3 0 0 2
4498 0 3 0 0 2
4499 0 3 0 0 2
4500 0 3 0 0 2
4501 0 3 0 0 2
4502 0 3 0 0 2
4503 0 3 0 0 2
4504 0 3 0 0 2
4505 0 3 0 0 2
4506 0 3 0 0 2
4507 0 0 0 0 0
4508 0 0 0 0 0
4509 0 0 0 0 0
4510 0 0 0 0 0
4511 0 0 0 0 0
4512 0 0 0 0 0
4513 0 0 0 0 0
4514 0 0 0 0 0
4515 0 0 0 0 0
4516 0 0 0 0 0
4517 0 0 0 0 0
4518 0 0 0 0 0
4519 0 0 0 0 0
4520 0 0 0 0 0
4521 0 0 0 0 0
4522 0 0 0 0 0
4523 0 0 0 0 0
4524 0 0 0 0 0
4525 0 0 0 0 0
4526 0 0 0 0 0
4527 0 0 0 0 0
4528 0 0 0 0 0
4529 0 0 0 0 0
4530 0 0 0 0 0
4531 0 0 0 0 0
4532 0 0 0 0 0
4533 0 0 0 0 0
4534 0 0 0 0 0
4535 0 0 0 0 0
4536 0 0 0 0 0
4537 0 0 0 0 1
4538 0 0 0 0 1
4539 0 0 0 0 1
4540 0 0 0 0 1
4541 0 0 0 0 1
4542 0 0 0 0 1
4543 0 0 0 0 1
4544 0 0 0 0 1
4545 0 0 0 0 1
4546 0 0 0 0 1
4547 0 0 0 0 1
4548 0 0 0 0 1
4549 0 0 0 0 1
4550 0 0 0 0 1
4551 0 0 0 0 1
4552 0 0 0 0 1
4553 0 0 0 0 1
4554 0 0 0 0 1
4555 0 0 0 0 1
4556 0 0 0 0 1
4557 0 0 0 0 1
4558 0 0 0 0 1
4559 0 0 0 0 1
4560 0 0 0 0 1
4561 0 0 0 0 1
4562 0 0 0 0 1
4563 0 0 0 0 1
4564 0 0 0 0 1
4565 0 0 0 0 1
4566 0 0 0 0 1
4567 0 0 0 0 1
4568 0 0 0 0 1
4569 0 0 0 0 1
4570 0 0 0 0 1
4571 0 0 0 0 1
4572 0 0 0 0 1
4573 0 0 0 0 1
4574 0 0 0 0 1
4575 0 0 0 0 1
4576 0 0 0 0 1
4577 0 0 0 0 1
4578 0 0 0 0 1
4579 0 0 0 0 1
4580 0 0 0 0 1
4581 0 0 0 0 1
4582 0 0 0 0 1
4583 0 0 0 0 1
4584 0 0 0 0 1
4585 0 0 0 0 1
4586 0 0 0 0 1
4587 0 0 0 0 1
4588 0 0 0 0 1
4589 0 0 0 0 1
4590 0 0 0 0 1
4591 0 0 0 0 1
4592 0 0 0 0 1
4593 0 0 0 0 1
4594 0 0 0 0 1
4595 0 0 0 0 1
4596 0 0 0 0 1
4597 0 0 0 0 2
4598 0 0 0 0 2
4599 0 0 0 0 2
4600 0 0 0 0 2
4601 0 0 0 0 2
4602 0 0 0 0 2
4603 0 0 0 0 2
4604 0 0 0 0 2
4605 0 0 0 0 2
4606 0 0 0 0 2
4607 0 0 0 0 2
4608 0 0 0 0 2
4609 0 0 0 0 2
4610 0 0 0 0 2
4611 0 0 0 0 2
4612 0 0 0 0 1
4613 0 0 0 0 1
4614 0 0 0 0 1
4615 0 0 0 0 1
4616 0 0 0 0 1
4617 0 0 0 0 1
4618 0 0 0 0 1
4619 0 0 0 0 1
4620 0 0 0 0 1
4621 0 0 0 0 1
4622 0 0 0 0 1
4623 0 0 0 0 1
4624 0 0 0 0 1
4625 0 0 0 0 1
4626 0 0 0 0 1
4627 0 0 0 0 1
4628 0 0 0 0 1
4629 0 0 0 0 1
4630 0 0 0 0 1
4631 0 0 0 0 1
4632 0 0 0 0 1
4633 0 0 0 0 1
4634 0 0 0 0 1
4635 0 0 0 0 1
4636 0 0 0 0 1
4637 0 0 0 0 1
4638 0 0 0 0 1
4639 0 0 0 0 1
4640 0 0 0 0 1
4641 0 0 0 0 1
4642 0 0 3 0 0
4643 0 0 3 0 0
4644 0 0 3 0 0
4645 0 0 3 0 0
4646 0 0 3 0 0
4647 0 0 3 0 0
4648 0 0 3 0 0
4649 0 0 3 0 0
