0 0 0 0 2 0
1 0 0 0 2 0
2 0 0 0 2 0
3 0 0 0 2 0
4 0 0 0 2 0
5 0 0 0 2 0
6 0 0 0 2 0
7 0 0 0 2 0
8 0 0 0 2 0
9 0 0 0 2 0
10 0 0 0 2 0
11 0 0 0 2 0
12 0 0 0 2 0
13 0 0 0 2 0
14 0 0 0 2 0
15 0 0 0 2 0
16 0 0 2 0 0
17 0 0 2 0 0
18 0 0 2 0 0
19 0 0 2 0 0
20 0 0 2 0 0
21 0 0 2 0 0
22 0 0 2 0 0
23 0 0 2 0 0
24 0 0 2 0 0
25 0 0 2 0 0
26 0 0 2 0 0
27 0 0 2 0 0
28 0 0 2 0 0
29 0 0 2 0 0
30 0 0 2 0 0
31 0 0 2 0 0
32 0 0 2 0 0
33 0 0 2 0 0
34 0 0 2 0 0
35 0 0 2 0 0
36 0 0 2 0 0
37 0 0 2 0 0
38 0 0 2 0 0
39 0 0 2 0 0
40 0 0 2 0 0
41 0 0 2 0 0
42 0 0 2 0 0
43 0 0 2 0 0
44 0 0 2 0 0
45 0 0 2 0 0
46 0 0 2 0 0
47 0 0 2 0 0
48 0 0 2 0 0
49 0 0 2 0 0
50 0 0 2 0 0
51 0 0 2 0 0
52 0 0 2 0 0
53 0 0 2 0 0
54 0 0 2 0 0
55 0 0 2 0 0
56 0 0 2 0 0
57 0 0 2 0 0
58 0 0 2 0 0
59 0 0 2 0 0
60 0 0 2 0 0
61 0 0 2 0 0
62 0 0 2 0 0
63 0 0 2 0 0
64 0 0 2 0 0
65 0 0 2 0 0
66 0 0 2 0 0
67 0 0 2 0 0
68 0 0 2 0 0
69 0 0 2 0 0
70 0 0 2 0 0
71 0 0 2 0 0
72 0 0 2 0 0
73 0 0 2 0 0
74 0 0 2 0 0
75 0 0 2 0 0
76 0 0 2 0 0
77 0 0 2 0 0
78 0 0 2 0 0
79 0 0 2 0 0
80 0 0 2 0 0
81 0 0 2 0 0
82 0 0 2 0 0
83 0 0 2 0 0
84 0 0 2 0 0
85 0 0 2 0 0
86 0 0 2 0 0
87 0 0 2 0 0
88 0 0 2 0 0
89 0 0 2 0 0
90 0 0 2 0 0
91 0 0 2 0 0
92 0 0 2 0 0
93 0 0 2 0 0
94 0 0 2 0 0
95 0 0 2 0 0
96 0 0 2 0 0
97 0 0 2 0 1
98 0 0 2 0 1
99 0 0 2 0 1
100 0 0 2 0 1
101 0 0 2 0 1
102 0 0 2 0 0
103 0 0 2 0 0
104 0 0 2 0 1
105 0 0 2 0 1
106 0 0 2 0 1
107 0 0 2 0 1
108 0 0 2 0 1
109 0 0 2 0 1
110 0 0 2 0 1
111 0 0 2 0 1
112 0 0 2 0 1
113 0 0 2 0 1
114 0 0 2 0 1
115 0 0 2 0 1
116 0 0 2 0 1
117 0 0 2 0 1
118 0 0 2 0 1
119 0 0 2 0 1
120 0 0 2 0 1
121 0 0 2 0 1
122 0 0 2 0 1
123 0 0 2 0 1
124 0 0 2 0 1
125 0 0 2 0 1
126 0 0 2 0 1
127 0 0 2 0 1
128 0 0 2 0 1
129 0 0 2 0 1
130 0 0 2 0 1
131 0 0 2 0 1
132 0 0 2 0 1
133 0 0 2 0 1
134 0 0 2 0 1
135 0 0 2 0 1
136 0 0 2 0 1
137 0 0 2 0 1
138 0 0 2 0 1
139 0 0 2 0 1
140 0 0 2 0 1
141 0 0 2 0 1
142 0 0 2 0 1
143 0 0 2 0 1
144 0 0 2 0 1
145 0 0 2 0 1
146 0 0 2 0 1
147 0 0 2 0 1
148 0 0 2 0 1
149 0 0 2 0 1
150 0 0 2 0 1
151 0 0 2 0 1
152 0 0 2 0 1
153 0 0 2 0 1
154 0 0 2 0 1
155 0 0 2 0 1
156 0 0 2 0 1
157 0 0 2 0 1
158 0 0 2 0 1
159 0 0 3 0 0
160 0 0 2 0 0
161 0 0 2 0 1
162 0 0 2 0 1
163 0 0 2 0 1
164 0 0 2 0 1
165 0 0 2 0 1
166 0 0 2 0 1
167 0 0 2 0 1
168 0 0 2 0 1
169 0 0 2 0 1
170 0 0 2 0 1
171 0 0 2 0 1
172 0 0 2 0 1
173 0 0 2 0 1
174 0 0 2 0 1
175 0 0 2 0 1
176 0 0 2 0 1
177 0 0 2 0 1
178 0 0 2 0 1
179 0 0 2 0 1
180 0 0 2 0 1
181 0 0 2 0 1
182 0 0 2 0 1
183 0 0 2 0 1
184 0 0 2 0 1
185 0 0 2 0 1
186 0 0 2 0 1
187 0 0 2 0 1
188 0 0 2 0 0
189 0 0 2 0 0
190 0 0 2 0 1
191 0 0 2 0 1
192 0 0 2 0 1
193 0 0 2 0 1
194 0 0 2 0 1
195 0 0 2 0 1
196 0 0 2 0 1
197 0 0 2 0 1
198 0 0 2 0 1
199 0 0 2 0 1
200 0 0 2 0 1
201 0 0 2 0 1
202 0 0 2 0 1
203 0 0 2 0 1
204 0 0 2 0 1
205 0 0 2 0 1
206 0 0 2 0 1
207 0 0 2 0 1
208 0 0 2 0 1
209 0 0 2 0 1
210 0 0 2 0 1
211 0 0 2 0 1
212 0 0 2 0 1
213 0 0 2 0 1
214 0 0 2 0 1
215 0 0 2 0 1
216 0 0 2 0 1
217 0 0 2 0 1
218 0 0 2 0 1
219 0 0 2 0 1
220 0 0 2 0 0
221 0 0 2 0 0
222 0 0 2 0 1
223 0 0 2 0 0
224 0 0 2 0 0
225 0 0 2 0 0
226 0 0 2 0 0
227 0 0 2 0 0
228 0 0 2 0 1
229 0 0 2 0 1
230 0 0 2 0 0
231 0 0 3 0 0
232 0 0 2 0 1
233 0 0 2 0 0
234 0 0 2 0 1
235 0 0 2 0 1
236 0 0 2 0 1
237 0 0 2 0 0
238 0 0 2 0 1
239 0 0 2 0 1
240 0 0 2 0 1
241 0 0 2 0 1
242 0 0 2 0 0
243 0 0 2 0 1
244 0 0 3 0 0
245 0 0 3 0 0
246 0 0 3 0 0
247 0 0 2 0 0
248 0 0 3 0 0
249 0 0 2 0 1
250 0 0 2 0 1
251 0 0 2 0 1
252 0 0 2 0 1
253 0 3 2 0 1
254 0 3 2 0 1
255 0 3 2 0 1
256 0 0 2 0 1
257 0 0 2 0 1
258 0 0 2 0 1
259 0 0 2 0 1
260 0 0 2 0 1
261 0 0 2 0 1
262 0 0 2 0 1
263 0 0 2 0 1
264 0 0 2 0 1
265 0 0 2 0 1
266 0 0 2 0 1
267 0 0 2 0 1
268 0 0 2 0 1
269 0 0 2 0 1
270 0 0 2 0 1
271 0 0 2 0 1
272 0 0 2 0 1
273 0 0 2 0 1
274 0 0 2 0 1
275 0 0 2 0 1
276 0 0 2 0 1
277 0 0 2 0 0
278 0 0 2 0 1
279 0 0 2 0 1
280 0 0 2 0 1
281 0 0 2 0 1
282 0 0 2 0 1
283 0 0 2 0 1
284 0 0 2 0 1
285 0 0 2 0 0
286 0 0 2 0 1
287 0 0 2 0 1
288 0 0 2 0 1
289 0 0 2 0 0
290 0 0 2 0 1
291 0 0 2 0 0
292 0 0 2 0 0
293 0 0 2 0 1
294 0 0 2 0 1
295 0 0 2 0 1
296 0 0 2 0 1
297 0 0 2 0 1
298 0 0 2 0 1
299 0 0 2 0 1
300 0 0 2 0 1
301 0 0 2 0 1
302 0 0 2 0 1
303 0 0 2 0 1
304 0 0 2 0 1
305 0 0 2 0 1
306 0 0 2 0 1
307 0 0 2 0 1
308 0 0 2 0 1
309 0 0 2 0 1
310 0 0 2 0 1
311 0 0 2 0 1
312 0 0 2 0 1
313 0 0 2 0 1
314 0 0 2 0 1
315 0 0 2 0 1
316 0 0 2 0 1
317 0 0 2 0 1
318 0 0 2 0 1
319 0 0 2 0 1
320 0 0 2 0 1
321 0 0 2 0 1
322 0 0 2 0 1
323 0 0 2 0 1
324 0 0 2 0 1
325 0 0 2 0 1
326 0 0 2 0 1
327 0 0 2 0 0
328 0 0 2 0 1
329 0 0 2 0 1
330 0 0 2 0 1
331 0 0 2 0 1
332 0 0 2 0 1
333 0 0 2 0 1
334 0 0 2 0 1
335 0 0 2 0 1
336 0 0 2 0 1
337 0 0 2 0 1
338 0 0 2 0 1
339 0 0 2 0 1
340 0 0 2 0 1
341 0 0 2 0 1
342 0 0 2 0 1
343 0 0 2 0 1
344 0 0 2 0 1
345 0 0 2 0 1
346 0 0 2 0 1
347 0 0 2 0 1
348 0 0 2 0 1
349 0 0 2 0 1
350 0 0 2 0 1
351 0 0 2 0 1
352 0 0 2 0 0
353 0 0 2 0 1
354 0 0 2 0 1
355 0 0 2 0 1
356 0 0 2 0 0
357 0 0 2 0 0
358 0 0 2 0 0
359 0 0 2 0 1
360 0 0 2 0 1
361 0 0 2 0 1
362 0 0 2 0 1
363 0 0 2 0 1
364 0 0 2 0 1
365 0 0 2 0 1
366 0 0 2 0 1
367 0 0 2 0 1
368 0 0 2 0 1
369 0 0 2 0 1
370 0 0 2 0 1
371 0 0 2 0 1
372 0 0 2 0 0
373 0 0 2 0 0
374 0 0 2 0 0
375 0 0 2 0 0
376 0 0 3 0 0
377 0 0 2 0 1
378 0 0 2 0 0
379 0 0 3 0 0
380 0 0 2 0 1
381 0 0 3 0 0
382 0 0 2 0 1
383 0 0 2 0 1
384 0 0 3 0 0
385 0 0 3 0 0
386 0 0 3 0 0
387 0 0 2 0 1
388 0 0 2 0 1
389 0 0 2 0 1
390 0 0 3 0 0
391 0 0 3 0 0
392 0 0 3 0 0
393 0 0 2 0 1
394 0 0 2 0 1
395 0 0 2 0 1
396 0 0 2 0 1
397 0 0 3 0 0
398 0 0 2 0 1
399 0 0 0 2 0
400 0 0 0 2 0
401 0 0 0 2 0
402 0 0 0 2 0
403 0 0 0 2 0
404 0 0 0 2 0
405 0 0 0 2 0
406 0 0 0 2 0
407 0 0 0 2 0
408 0 0 0 2 0
409 0 0 0 2 0
410 0 0 0 2 0
411 0 0 0 2 0
412 0 2 0 2 0
413 0 0 0 2 0
414 0 0 0 2 0
415 0 0 0 2 0
416 0 0 0 2 0
417 0 0 0 2 0
418 0 0 0 2 0
419 0 0 0 2 0
420 0 0 0 2 0
421 0 0 0 2 0
422 0 0 0 2 0
423 0 0 0 2 0
424 0 0 0 2 0
425 0 0 0 2 0
426 0 0 0 2 0
427 0 0 0 2 0
428 0 0 0 2 0
429 0 0 0 0 0
430 0 0 0 0 0
431 0 0 2 0 0
432 0 0 0 0 0
433 0 0 0 0 0
434 0 0 0 0 0
435 0 0 0 0 0
436 0 0 0 0 0
437 0 0 0 0 0
438 0 0 0 0 0
439 0 0 2 0 0
440 0 0 2 0 0
441 0 0 3 0 0
442 0 0 2 0 1
443 0 0 2 0 1
444 0 0 0 2 0
445 0 0 0 3 0
446 0 0 0 2 0
447 0 0 0 2 0
448 0 0 0 2 0
449 0 0 0 2 0
450 0 0 0 2 0
451 0 0 0 2 0
452 0 0 0 2 0
453 0 0 0 2 0
454 0 0 0 2 0
455 0 0 0 2 0
456 0 0 0 2 0
457 0 0 0 2 0
458 0 0 0 2 0
459 0 0 2 0 1
460 0 0 2 0 1
461 0 0 2 0 1
462 0 0 2 0 1
463 0 0 2 0 1
464 0 0 2 0 1
465 0 0 2 0 1
466 0 0 2 0 1
467 0 0 2 0 1
468 0 0 2 0 1
469 0 0 2 0 1
470 0 0 2 0 1
471 0 0 2 0 1
472 0 0 2 0 1
473 0 0 2 0 1
474 0 0 2 0 1
475 0 0 2 0 1
476 0 0 2 0 1
477 0 0 2 0 1
478 0 0 2 0 1
479 0 0 2 0 1
480 0 0 2 0 1
481 0 0 2 0 1
482 0 0 2 0 1
483 0 0 2 0 1
484 0 0 2 0 1
485 0 0 2 0 1
486 0 0 2 0 1
487 0 0 2 0 1
488 0 0 2 0 1
489 0 0 2 0 0
490 0 0 2 0 1
491 0 0 2 0 1
492 0 0 2 0 1
493 0 0 2 0 0
494 0 0 2 0 1
495 0 0 2 0 1
496 0 0 2 0 1
497 0 0 2 0 1
498 0 0 2 0 1
499 0 0 2 0 1
500 0 0 2 0 1
501 0 0 2 0 1
502 0 0 2 0 1
503 0 0 2 0 1
504 0 0 2 0 1
505 0 0 2 0 0
506 0 0 2 0 1
507 0 0 2 0 1
508 0 0 2 0 1
509 0 0 2 0 1
510 0 0 2 0 1
511 0 0 2 0 1
512 0 0 2 0 1
513 0 0 2 0 1
514 0 0 2 0 1
515 0 0 2 0 1
516 0 0 2 0 1
517 0 0 2 0 1
518 0 0 2 0 1
519 0 0 2 0 1
520 0 0 2 0 1
521 0 0 2 0 1
522 0 0 2 0 1
523 0 0 2 0 1
524 0 0 2 0 1
525 0 0 2 0 1
526 0 0 2 0 1
527 0 0 2 0 1
528 0 0 2 0 1
529 0 0 2 0 1
530 0 0 2 0 1
531 0 0 2 0 1
532 0 0 2 0 1
533 0 0 2 0 1
534 0 0 2 0 1
535 0 0 2 0 1
536 0 0 2 0 1
537 0 0 2 0 1
538 0 0 2 0 1
539 0 0 2 0 1
540 0 0 2 0 1
541 0 0 2 0 1
542 0 0 2 0 1
543 0 0 2 0 1
544 0 0 2 0 1
545 0 0 2 0 1
546 2 0 2 0 1
547 2 0 2 0 1
548 2 0 2 0 0
549 2 0 2 0 1
550 2 0 2 0 1
551 2 0 2 0 1
552 2 0 2 0 1
553 2 0 2 0 1
554 2 0 2 0 1
555 2 0 2 0 1
556 2 0 2 0 1
557 2 0 2 0 1
558 2 0 2 0 1
559 2 0 2 0 1
560 2 0 2 0 1
561 2 0 2 0 1
562 2 0 2 0 1
563 2 0 3 0 0
564 2 0 2 0 0
565 2 0 2 0 0
566 2 0 2 0 0
567 2 0 2 0 0
568 2 0 2 0 0
569 2 0 2 0 0
570 2 0 2 0 0
571 2 0 2 0 0
572 2 0 2 0 0
573 2 0 2 0 0
574 2 0 2 0 0
575 2 0 2 0 0
576 2 0 2 0 0
577 2 0 2 0 1
578 2 0 2 0 1
579 2 0 2 0 1
580 2 0 2 0 1
581 2 0 2 0 0
582 2 0 2 0 0
583 2 0 2 0 1
584 2 0 2 0 0
585 0 0 2 0 0
586 2 0 2 0 0
587 0 0 2 0 0
588 0 0 2 0 0
589 2 0 2 0 0
590 2 0 2 0 0
591 2 0 2 0 0
592 2 0 2 0 0
593 2 0 2 0 0
594 2 0 2 0 0
595 2 0 2 0 0
596 2 0 2 0 0
597 2 0 2 0 0
598 2 0 2 0 0
599 2 0 2 0 1
600 2 0 2 0 1
601 2 0 2 0 1
602 2 0 2 0 1
603 2 0 2 0 1
604 2 0 2 0 1
605 2 0 2 0 0
606 2 0 2 0 0
607 2 0 2 0 0
608 2 0 2 0 0
609 2 0 2 0 0
610 2 0 2 0 0
611 2 0 2 0 0
612 2 0 2 0 0
613 2 0 2 0 0
614 2 0 2 0 1
615 2 0 2 0 0
616 2 0 2 0 1
617 2 0 3 0 0
618 2 0 3 0 0
619 2 0 2 0 0
620 2 0 2 0 0
621 2 0 3 0 0
622 2 0 3 0 0
623 2 0 3 0 0
624 2 0 3 0 0
625 2 0 3 0 0
626 2 0 3 0 0
627 0 0 3 0 0
628 2 0 3 0 0
629 2 0 3 0 0
630 2 0 3 0 0
631 2 0 3 0 0
632 2 0 3 0 0
633 2 0 3 0 0
634 2 0 3 0 0
635 2 0 3 0 0
636 2 0 3 0 0
637 2 0 3 0 0
638 2 0 3 0 0
639 2 0 3 0 0
640 2 0 3 0 0
641 2 0 3 0 0
642 2 0 3 0 0
643 2 0 3 0 0
644 2 0 3 0 0
645 2 0 3 0 0
646 2 0 3 0 0
647 2 0 2 0 0
648 2 0 2 0 1
649 2 0 2 0 0
650 2 0 2 0 0
651 2 0 2 0 0
652 2 0 2 0 0
653 2 0 2 0 0
654 2 0 2 0 0
655 2 0 2 0 0
656 2 0 2 0 1
657 2 0 2 0 1
658 2 0 2 0 1
659 2 0 2 0 1
660 2 0 2 0 0
661 2 0 2 0 1
662 2 0 2 0 1
663 2 0 2 0 0
664 2 0 2 0 0
665 2 0 2 0 0
666 2 0 2 0 1
667 2 0 2 0 1
668 2 0 2 0 1
669 2 0 2 0 0
670 2 0 2 0 0
671 2 0 2 0 0
672 2 0 2 0 0
673 2 0 2 0 0
674 2 0 2 0 0
675 2 0 2 0 0
676 2 0 2 0 0
677 2 0 2 0 0
678 2 0 2 0 0
679 2 0 2 0 0
680 2 0 2 0 0
681 2 0 2 0 0
682 2 0 2 0 0
683 2 0 2 0 0
684 2 0 2 0 0
685 2 0 2 0 0
686 2 0 2 0 0
687 2 0 2 0 0
688 2 0 2 0 1
689 2 0 2 0 0
690 2 0 2 0 0
691 2 0 2 0 0
692 2 0 2 0 0
693 2 0 2 0 0
694 2 0 2 0 0
695 2 0 2 0 0
696 2 0 2 0 0
697 2 0 2 0 0
698 2 0 2 0 0
699 2 0 2 0 0
700 2 0 2 0 0
701 2 0 2 0 0
702 2 0 2 0 0
703 2 0 2 0 0
704 2 0 2 0 0
705 2 0 2 0 0
706 2 0 2 0 0
707 2 0 2 0 0
708 2 0 2 0 0
709 2 0 2 0 0
710 2 0 2 0 0
711 2 0 2 0 2
712 2 0 2 0 0
713 2 0 2 0 1
714 2 0 2 0 1
715 2 0 2 0 2
716 2 0 2 0 2
717 2 0 2 0 2
718 2 0 2 0 2
719 2 0 2 0 1
720 2 0 2 0 2
721 2 0 2 0 2
722 2 0 2 0 1
723 2 0 2 0 1
724 2 0 3 0 1
725 2 0 2 0 1
726 2 0 2 0 1
727 2 0 0 0 1
728 2 0 0 0 1
729 2 0 0 0 1
730 2 0 0 0 1
731 2 0 0 0 1
732 2 0 0 0 1
733 2 0 3 0 1
734 2 0 3 0 1
735 2 0 0 0 1
736 2 0 0 0 1
737 2 0 0 0 1
738 2 0 0 0 1
739 2 0 0 0 1
740 2 0 0 0 1
741 2 0 0 0 1
742 2 0 3 0 1
743 2 0 3 0 1
744 2 0 3 0 1
745 2 0 2 0 1
746 2 0 2 0 0
747 2 0 0 0 0
748 2 0 3 0 0
749 2 0 3 0 0
750 2 0 2 0 0
751 2 0 3 0 0
752 2 0 2 0 0
753 2 0 0 0 0
754 2 0 0 0 0
755 2 0 3 0 0
756 2 0 0 0 0
757 2 0 0 0 0
758 2 0 0 0 0
759 2 0 0 0 0
760 2 0 0 0 0
761 2 0 0 0 0
762 2 0 0 0 0
763 2 0 0 0 0
764 2 0 0 0 0
765 0 0 0 0 0
766 0 0 0 0 0
767 0 0 0 0 0
768 0 0 0 0 0
769 0 0 0 0 0
770 2 0 0 0 0
771 0 0 0 0 0
772 0 0 0 0 0
773 0 0 0 0 0
774 0 0 0 0 0
775 0 0 0 0 0
776 2 0 0 0 0
777 0 0 0 0 0
778 2 0 0 0 0
779 0 0 0 0 0
780 0 0 0 0 0
781 0 0 0 0 0
782 0 0 0 0 0
783 0 0 0 0 0
784 0 0 0 0 0
785 0 0 0 0 0
786 0 0 0 0 0
787 0 0 0 0 0
788 0 0 0 0 0
789 2 0 0 0 0
790 2 0 0 0 0
791 2 0 0 0 0
792 0 0 0 0 0
793 0 0 0 0 0
794 0 0 0 0 0
795 0 0 0 0 0
796 0 0 0 0 0
797 0 0 0 0 0
798 0 0 0 0 0
799 0 0 0 0 0
800 0 0 0 0 0
801 0 0 0 0 0
802 0 0 0 0 0
803 0 0 0 0 0
804 0 0 0 0 0
805 0 0 0 0 0
806 0 0 0 0 0
807 0 0 0 0 0
808 0 0 0 0 0
809 0 0 0 0 0
810 0 0 0 0 0
811 0 0 0 0 0
812 0 0 0 0 0
813 0 0 0 0 0
814 0 0 0 0 0
815 0 0 0 0 0
816 0 0 0 0 0
817 0 0 0 0 0
818 0 0 0 0 0
819 0 0 0 0 0
820 0 0 0 0 0
821 0 0 0 0 0
822 0 0 0 0 0
823 0 0 0 0 0
824 0 0 0 0 0
825 0 0 0 0 0
826 0 0 0 0 0
827 0 0 0 0 0
828 0 0 0 0 0
829 0 0 0 0 0
830 0 0 0 0 0
831 0 0 0 0 0
832 0 0 0 0 0
833 0 0 0 0 0
834 0 0 0 0 0
835 0 0 0 0 0
836 0 0 0 0 0
837 0 0 0 0 0
838 0 0 0 0 0
839 0 0 0 0 0
840 0 0 0 0 0
841 0 0 0 0 0
842 0 0 0 0 0
843 0 0 0 0 0
844 0 0 0 0 0
845 0 0 0 0 0
846 0 0 0 0 0
847 0 0 0 0 0
848 0 0 0 0 0
849 0 0 0 0 0
850 0 0 0 0 0
851 0 0 0 0 0
852 0 0 0 0 0
853 0 0 0 0 0
854 0 0 0 0 0
855 0 0 0 0 0
856 0 0 0 0 0
857 0 0 0 0 0
858 0 0 0 0 0
859 0 0 0 0 0
860 0 0 0 0 0
861 0 0 0 0 0
862 0 0 0 0 0
863 0 0 0 0 0
864 0 0 0 0 0
865 0 0 0 0 0
866 0 0 0 0 0
867 0 0 0 0 0
868 0 0 0 0 0
869 0 0 0 0 0
870 0 0 0 0 0
871 0 0 0 0 0
872 0 0 0 0 0
873 0 0 0 0 0
874 0 0 0 0 0
875 0 0 0 0 0
876 0 0 0 0 0
877 0 0 0 0 0
878 0 0 0 0 0
879 0 0 0 0 0
880 0 0 0 0 0
881 0 0 0 0 0
882 0 0 0 0 0
883 0 0 0 0 0
884 0 0 0 0 0
885 0 0 0 0 0
886 0 0 0 0 0
887 0 0 0 0 0
888 0 0 0 0 0
889 0 0 0 0 0
890 0 0 0 0 0
891 0 0 0 0 0
892 0 0 0 0 0
893 0 0 0 0 0
894 0 0 0 0 0
895 0 0 0 0 0
896 0 0 0 0 0
897 0 0 0 0 0
898 0 0 0 0 0
899 0 0 0 0 0
900 0 0 0 0 0
901 0 0 0 0 0
902 0 0 0 0 0
903 0 0 0 0 0
904 0 0 0 0 0
905 0 0 0 0 0
906 0 0 0 0 0
907 0 0 3 0 0
908 0 0 3 0 0
909 0 0 3 0 0
910 0 0 3 0 0
911 0 0 3 0 0
912 0 0 0 0 0
913 0 0 0 0 0
914 0 0 0 0 0
915 0 0 0 0 0
916 0 0 0 0 0
917 0 0 3 0 0
918 0 0 3 0 0
919 0 0 3 0 0
920 0 0 0 0 0
921 0 0 0 0 0
922 2 0 0 0 0
923 2 0 3 0 0
924 2 0 3 0 0
925 2 0 0 0 0
926 2 0 3 0 1
927 2 0 3 0 0
928 2 0 3 0 0
929 2 0 3 0 0
930 2 0 3 0 0
931 0 0 3 0 0
932 2 0 3 0 0
933 2 0 3 0 0
934 2 0 3 0 0
935 2 0 3 0 0
936 2 0 3 0 0
937 2 0 0 0 0
938 2 0 0 0 0
939 2 0 0 0 0
940 2 0 0 0 0
941 2 0 0 0 1
942 2 0 0 0 1
943 2 0 0 0 1
944 2 0 0 0 1
945 2 0 0 0 1
946 2 0 0 0 1
947 2 0 0 0 1
948 2 0 0 0 1
949 2 0 3 0 1
950 2 0 0 0 1
951 2 0 0 0 1
952 2 0 0 0 1
953 2 0 0 0 0
954 2 0 0 0 1
955 2 0 2 0 0
956 2 0 2 0 1
957 2 0 2 0 1
958 2 0 2 0 1
959 2 0 2 0 1
960 2 0 2 0 1
961 2 0 2 0 1
962 2 0 2 0 1
963 2 0 2 0 1
964 0 0 2 0 1
965 2 0 2 0 1
966 2 0 2 0 1
967 2 0 2 0 1
968 2 0 2 0 1
969 2 0 2 0 1
970 0 0 2 0 1
971 2 0 2 0 1
972 0 0 2 0 1
973 2 0 2 0 1
974 2 0 2 0 1
975 2 0 2 0 1
976 2 0 2 0 1
977 2 0 2 0 1
978 0 0 2 0 1
979 2 0 2 0 1
980 2 0 2 0 1
981 0 0 2 0 1
982 2 0 2 0 1
983 0 0 2 0 1
984 0 0 2 0 1
985 0 0 2 0 1
986 2 0 2 0 1
987 2 0 2 0 1
988 0 0 2 0 1
989 2 0 2 0 1
990 0 0 2 0 1
991 0 0 2 0 1
992 0 0 2 0 1
993 0 0 2 0 1
994 0 0 2 0 1
995 0 0 2 0 1
996 2 0 2 0 1
997 2 0 2 0 1
998 2 0 2 0 1
999 2 0 2 0 1
1000 0 0 2 0 1
1001 0 0 2 0 1
1002 2 0 2 0 1
1003 2 0 2 0 1
1004 2 0 2 0 1
1005 2 0 2 0 1
1006 2 0 2 0 1
1007 2 0 2 0 1
1008 2 0 2 0 1
1009 2 0 2 0 1
1010 0 0 2 0 1
1011 0 0 2 0 1
1012 0 0 2 0 1
1013 0 0 2 0 1
1014 2 0 2 0 1
1015 2 0 2 0 1
1016 2 0 2 0 1
1017 0 0 2 0 1
1018 2 0 2 0 1
1019 0 0 2 0 1
1020 2 0 2 0 1
1021 2 0 2 0 1
1022 2 0 2 0 1
1023 0 0 2 0 1
1024 2 0 2 0 1
1025 2 0 2 0 1
1026 2 0 2 0 1
1027 2 0 2 0 1
1028 0 0 2 0 1
1029 0 0 2 0 1
1030 0 0 2 0 1
1031 0 0 2 0 1
1032 0 0 2 0 1
1033 0 0 2 0 1
1034 0 0 2 0 0
1035 0 0 2 0 0
1036 0 0 2 0 1
1037 0 0 2 0 0
1038 2 0 2 0 0
1039 0 0 2 0 0
1040 3 0 2 0 0
1041 2 0 2 0 0
1042 0 0 2 0 0
1043 0 0 2 0 0
1044 0 0 2 0 0
1045 0 0 2 0 0
1046 0 0 2 0 0
1047 0 0 2 0 0
1048 0 0 2 0 0
1049 0 0 2 0 0
1050 0 0 2 0 0
1051 0 0 2 0 0
1052 0 0 2 0 0
1053 0 0 2 0 0
1054 0 0 2 0 0
1055 0 0 2 0 0
1056 0 0 2 0 0
1057 0 0 2 0 0
1058 0 0 2 0 0
1059 0 0 3 0 0
1060 0 0 3 0 0
1061 0 0 3 0 0
1062 0 0 3 0 0
1063 0 0 3 0 0
1064 0 0 3 0 0
1065 0 0 3 0 0
1066 0 0 3 0 0
1067 0 0 3 0 0
1068 0 0 3 0 0
1069 0 0 3 0 0
1070 0 0 2 0 0
1071 0 0 3 0 0
1072 0 0 3 0 0
1073 0 0 3 0 0
1074 0 0 2 0 1
1075 0 0 2 0 0
1076 0 0 2 0 0
1077 0 0 2 0 0
1078 0 0 2 0 0
1079 0 0 2 0 1
1080 0 0 2 0 0
1081 0 0 2 0 1
1082 0 0 2 0 0
1083 0 0 2 0 0
1084 0 0 3 0 0
1085 0 0 2 0 0
1086 0 0 2 0 0
1087 0 0 2 0 1
1088 0 0 2 0 1
1089 0 0 2 0 1
1090 0 0 2 0 1
1091 0 0 2 0 0
1092 0 0 2 0 1
1093 0 0 2 0 1
1094 0 0 2 0 1
1095 0 0 2 0 1
1096 0 0 2 0 1
1097 0 0 2 0 1
1098 0 0 2 0 1
1099 0 0 2 0 1
1100 0 0 2 0 1
1101 0 0 2 0 1
1102 0 0 2 0 1
1103 0 0 2 0 1
1104 0 0 2 0 1
1105 0 0 2 0 1
1106 0 0 2 0 1
1107 0 0 3 0 0
1108 0 0 2 0 1
1109 0 0 2 0 1
1110 0 0 2 0 1
1111 0 0 2 0 1
1112 0 0 2 0 1
1113 0 0 2 0 1
1114 0 0 2 0 1
1115 0 0 2 0 1
1116 0 0 2 0 1
1117 0 0 2 0 1
1118 0 0 2 0 1
1119 0 0 2 0 1
1120 0 0 2 0 1
1121 0 0 3 0 0
1122 0 0 3 0 0
1123 0 0 3 0 0
1124 0 0 3 0 0
1125 0 0 3 0 0
1126 0 0 2 0 0
1127 0 0 2 0 1
1128 0 0 2 0 0
1129 0 0 3 0 0
1130 0 0 3 0 0
1131 0 0 3 0 0
1132 0 0 3 0 0
1133 0 0 2 0 1
1134 0 0 2 0 1
1135 0 0 2 0 1
1136 0 0 0 0 0
1137 0 0 2 0 1
1138 0 0 2 0 0
1139 0 0 0 0 0
1140 0 0 2 0 0
1141 2 0 2 0 0
1142 2 0 2 0 0
1143 2 0 2 0 0
1144 0 0 2 0 0
1145 0 0 0 0 0
1146 0 0 0 0 0
1147 0 0 2 0 0
1148 0 0 2 0 0
1149 0 0 2 0 1
1150 0 0 2 0 0
1151 0 0 2 0 0
1152 0 0 2 0 0
1153 0 0 2 0 0
1154 0 0 2 0 0
1155 0 0 2 0 1
1156 0 0 2 0 0
1157 0 0 2 0 0
1158 0 0 2 0 0
1159 0 0 2 0 0
1160 0 0 0 0 0
1161 0 0 0 0 0
1162 0 0 0 0 0
1163 0 0 0 0 0
1164 0 0 0 0 0
1165 0 0 2 0 0
1166 0 0 2 0 0
1167 0 0 2 0 1
1168 0 0 2 0 1
1169 0 0 2 0 1
1170 0 0 2 0 0
1171 0 0 2 0 0
1172 0 0 2 0 0
1173 0 0 2 0 0
1174 0 0 0 0 0
1175 0 0 2 0 0
1176 0 0 2 0 0
1177 0 0 0 0 0
1178 0 0 2 0 0
1179 0 0 0 0 0
1180 0 0 0 0 0
1181 0 0 3 0 0
1182 0 0 0 0 0
1183 0 0 0 0 0
1184 0 0 0 0 0
1185 2 0 0 0 0
1186 0 0 3 0 0
1187 2 0 3 0 0
1188 0 0 3 0 0
1189 0 0 2 0 1
1190 0 0 2 0 1
1191 0 0 0 0 0
1192 0 0 2 0 1
1193 0 0 2 0 1
1194 0 0 3 0 0
1195 0 0 2 0 0
1196 0 0 2 0 0
1197 0 0 2 0 1
1198 0 0 2 0 1
1199 0 0 2 0 1
1200 0 0 2 0 1
1201 0 0 3 0 0
1202 0 0 0 0 0
1203 0 0 0 0 0
1204 0 0 3 0 0
1205 0 0 0 0 0
1206 0 0 3 0 0
1207 0 0 2 0 0
1208 0 0 2 0 0
1209 0 0 0 0 0
1210 0 0 0 0 0
1211 0 0 2 0 1
1212 0 0 2 0 1
1213 0 0 2 0 1
1214 2 0 2 0 1
1215 3 0 2 0 1
1216 2 0 2 0 1
1217 2 0 2 0 1
1218 2 0 2 0 1
1219 0 0 2 0 1
1220 2 0 2 0 1
1221 0 0 2 0 1
1222 0 0 2 0 1
1223 0 0 2 0 1
1224 0 0 2 0 1
1225 0 0 2 0 1
1226 0 0 2 0 1
1227 0 0 2 0 1
1228 0 0 2 0 1
1229 0 0 2 0 1
1230 0 0 2 0 1
1231 2 0 2 0 1
1232 0 0 2 0 1
1233 0 0 2 0 1
1234 0 0 2 0 1
1235 0 0 2 0 1
1236 0 0 2 0 1
1237 0 0 2 0 1
1238 0 0 2 0 1
1239 0 0 2 0 1
1240 0 0 2 0 1
1241 0 0 2 0 1
1242 0 0 2 0 1
1243 0 0 2 0 1
1244 0 0 2 0 1
1245 0 0 2 0 1
1246 0 0 2 0 1
1247 0 0 2 0 1
1248 0 0 2 0 1
1249 0 0 2 0 1
1250 0 0 2 0 1
1251 0 0 2 0 1
1252 0 0 2 0 1
1253 0 0 2 0 1
1254 0 0 2 0 1
1255 0 0 2 0 1
1256 0 0 3 0 0
1257 0 0 2 0 1
1258 0 0 2 0 1
1259 0 0 2 0 1
1260 0 0 2 0 1
1261 0 0 2 0 1
1262 0 0 2 0 1
1263 0 0 2 0 1
1264 0 0 2 0 1
1265 0 0 2 0 1
1266 0 0 2 0 1
1267 0 0 2 0 1
1268 0 0 2 0 1
1269 0 0 2 0 1
1270 0 0 2 0 1
1271 0 0 2 0 1
1272 0 0 2 0 1
1273 0 0 2 0 0
1274 0 0 2 0 1
1275 0 0 2 0 1
1276 0 0 2 0 1
1277 0 0 2 0 1
1278 0 0 2 0 1
1279 2 0 2 0 1
1280 0 0 2 0 1
1281 0 0 2 0 1
1282 0 0 2 0 1
1283 3 0 2 0 1
1284 0 0 2 0 1
1285 0 0 2 0 1
1286 0 0 2 0 1
1287 0 0 2 0 1
1288 0 0 2 0 1
1289 0 0 2 0 1
1290 2 0 2 0 1
1291 0 0 2 0 1
1292 0 0 2 0 1
1293 0 0 2 0 1
1294 0 0 2 0 1
1295 0 0 2 0 1
1296 0 0 2 0 1
1297 0 0 2 0 1
1298 0 0 2 0 1
1299 0 0 2 0 1
1300 0 0 2 0 1
1301 0 0 2 0 1
1302 0 0 2 0 1
1303 0 0 2 0 1
1304 2 0 2 0 1
1305 2 0 2 0 1
1306 2 0 2 0 1
1307 2 0 2 0 1
1308 0 0 2 0 1
1309 2 0 2 0 1
1310 2 0 2 0 1
1311 2 0 2 0 1
1312 2 0 2 0 1
1313 2 0 2 0 1
1314 2 0 2 0 1
1315 2 0 2 0 1
1316 2 0 2 0 1
1317 2 0 2 0 1
1318 2 0 2 0 1
1319 2 0 2 0 1
1320 2 0 2 0 1
1321 0 0 2 0 1
1322 2 0 2 0 1
1323 2 0 2 0 1
1324 2 0 2 0 1
1325 2 0 2 0 1
1326 2 0 2 0 1
1327 2 0 2 0 1
1328 2 0 2 0 1
1329 2 0 2 0 1
1330 2 0 2 0 1
1331 2 0 2 0 1
1332 2 0 2 0 1
1333 2 0 2 0 1
1334 2 0 2 0 1
1335 2 0 2 0 1
1336 2 0 2 0 1
1337 2 0 2 0 1
1338 2 0 2 0 1
1339 2 0 2 0 1
1340 2 0 2 0 1
1341 2 0 2 0 1
1342 2 0 2 0 1
1343 2 0 2 0 1
1344 2 0 2 0 1
1345 2 0 2 0 1
1346 2 0 2 0 1
1347 2 0 2 0 1
1348 2 0 2 0 1
1349 2 0 2 0 1
1350 2 0 2 0 1
1351 2 0 2 0 1
1352 2 0 2 0 1
1353 2 0 2 0 1
1354 2 0 2 0 1
1355 2 0 2 0 1
1356 2 0 2 0 1
1357 2 0 2 0 1
1358 2 0 2 0 1
1359 2 0 2 0 1
1360 2 0 2 0 1
1361 2 0 2 0 1
1362 2 0 2 0 1
1363 2 0 2 0 1
1364 2 0 2 0 1
1365 2 0 2 0 1
1366 2 0 2 0 1
1367 2 0 2 0 1
1368 2 0 2 0 1
1369 2 0 2 0 1
1370 2 0 2 0 1
1371 2 0 2 0 1
1372 2 0 2 0 1
1373 2 0 2 0 1
1374 2 0 2 0 1
1375 2 0 2 0 1
1376 2 0 2 0 1
1377 2 0 2 0 1
1378 2 0 2 0 1
1379 2 0 2 0 1
1380 2 0 2 0 1
1381 2 0 2 0 1
1382 2 0 2 0 1
1383 2 0 2 0 1
1384 2 0 2 0 1
1385 2 0 2 0 1
1386 2 0 2 0 1
1387 2 0 2 0 1
1388 2 0 2 0 1
1389 2 0 2 0 1
1390 2 0 2 0 1
1391 2 0 2 0 1
1392 2 0 2 0 1
1393 2 0 2 0 1
1394 2 0 2 0 1
1395 2 0 2 0 1
1396 2 0 2 0 1
1397 2 0 2 0 1
1398 2 0 2 0 1
1399 2 0 2 0 1
1400 2 0 2 0 1
1401 2 0 2 0 1
1402 2 0 2 0 1
1403 2 0 2 0 1
1404 2 0 2 0 1
1405 2 0 2 0 1
1406 2 0 2 0 1
1407 2 0 2 0 1
1408 2 0 2 0 1
1409 2 0 2 0 1
1410 2 0 2 0 1
1411 2 0 2 0 1
1412 2 0 2 0 1
1413 2 0 2 0 1
1414 2 0 2 0 1
1415 2 0 2 0 1
1416 2 0 2 0 1
1417 2 0 2 0 1
1418 2 0 2 0 1
1419 2 0 2 0 1
1420 2 0 2 0 1
1421 2 0 2 0 1
1422 2 0 2 0 1
1423 2 0 2 0 1
1424 2 0 2 0 1
1425 2 0 2 0 2
1426 2 0 2 0 1
1427 2 0 2 0 1
1428 2 0 3 0 1
1429 2 0 2 0 1
1430 2 0 3 0 1
1431 2 0 3 0 1
1432 2 0 3 0 1
1433 2 0 3 0 1
1434 2 0 3 0 1
1435 2 0 2 0 1
1436 2 0 2 0 1
1437 2 0 2 0 1
1438 2 0 2 0 1
1439 2 0 2 0 1
1440 2 0 2 0 1
1441 2 0 2 0 1
1442 2 0 2 0 1
1443 2 0 2 0 1
1444 2 0 2 0 1
1445 2 0 2 0 1
1446 2 0 2 0 1
1447 2 0 2 0 1
1448 2 0 2 0 1
1449 2 0 3 0 1
1450 2 0 3 0 1
1451 2 0 3 0 1
1452 2 0 3 0 1
1453 2 0 3 0 1
1454 2 0 3 0 1
1455 2 0 3 0 1
1456 2 0 3 0 1
1457 2 0 3 0 1
1458 2 0 3 0 1
1459 2 0 3 0 1
1460 2 0 3 0 1
1461 2 0 3 0 1
1462 2 0 3 0 1
1463 2 0 3 0 1
1464 2 0 3 0 1
1465 2 0 3 0 1
1466 2 0 3 0 1
1467 2 0 3 0 1
1468 2 0 3 0 1
1469 2 0 3 0 1
1470 2 0 3 0 1
1471 2 0 3 0 1
1472 2 0 3 0 1
1473 2 0 3 0 0
1474 2 0 3 0 1
1475 2 0 3 0 0
1476 2 0 3 0 1
1477 2 0 3 0 0
1478 2 0 3 0 1
1479 2 0 3 0 1
1480 2 0 3 0 1
1481 2 0 0 0 1
1482 0 0 3 0 0
1483 2 0 0 0 0
1484 0 0 0 0 0
1485 0 0 0 0 0
1486 2 0 0 0 1
1487 2 0 0 0 1
1488 2 0 0 0 1
1489 3 0 0 0 0
1490 2 0 0 0 1
1491 2 0 0 0 1
1492 2 0 0 0 1
1493 2 0 0 0 1
1494 2 0 0 0 1
1495 0 0 0 0 0
1496 3 0 0 0 0
1497 0 0 0 0 0
1498 2 0 0 0 0
1499 0 0 0 0 0
1500 3 0 0 0 0
1501 0 0 0 0 0
1502 0 0 0 0 0
1503 0 0 0 0 0
1504 2 0 0 0 0
1505 2 0 0 0 0
1506 2 0 0 0 0
1507 2 0 0 0 0
1508 2 0 0 0 0
1509 0 0 0 0 0
1510 2 0 0 0 0
1511 2 0 0 0 0
1512 2 0 0 0 0
1513 2 0 0 0 0
1514 2 0 0 0 0
1515 2 0 0 0 0
1516 2 0 0 0 0
1517 0 0 0 0 0
1518 0 0 0 0 0
1519 0 0 0 0 0
1520 0 0 0 0 0
1521 0 0 0 0 0
1522 0 0 0 0 0
1523 0 0 0 0 0
1524 2 0 0 0 0
1525 0 0 0 0 0
1526 0 0 0 0 0
1527 0 0 0 0 0
1528 0 0 0 0 0
1529 0 0 0 0 0
1530 0 0 0 0 0
1531 0 0 0 0 0
1532 0 0 0 0 0
1533 0 0 0 0 0
1534 0 0 0 0 0
1535 0 0 0 0 0
1536 0 0 0 0 0
1537 0 0 0 0 0
1538 0 0 0 0 0
1539 0 0 0 0 0
1540 0 0 0 0 0
1541 0 0 0 0 0
1542 0 0 0 0 0
1543 0 0 0 0 0
1544 0 0 0 0 0
1545 0 0 0 0 0
1546 0 0 0 0 0
1547 0 0 0 0 0
1548 0 0 0 0 0
1549 0 0 0 0 0
1550 0 0 0 0 0
1551 0 0 0 0 0
1552 0 0 0 0 0
1553 0 0 0 0 0
1554 0 0 0 0 0
1555 0 0 0 0 0
1556 0 0 0 0 0
1557 0 0 0 0 0
1558 0 0 0 0 0
1559 0 0 0 0 0
1560 0 0 0 0 0
1561 0 0 0 0 0
1562 0 0 0 0 0
1563 0 0 0 0 0
1564 0 0 0 0 0
1565 0 0 0 0 0
1566 0 0 0 0 0
1567 0 0 0 0 0
1568 0 0 0 0 0
1569 0 0 0 0 0
1570 0 0 0 0 0
1571 0 0 0 0 0
1572 0 0 0 0 0
1573 0 0 0 0 0
1574 0 0 0 0 0
1575 0 0 0 0 0
1576 0 0 0 0 0
1577 0 0 0 0 0
1578 0 0 0 0 0
1579 0 0 0 0 0
1580 0 0 0 0 0
1581 0 0 0 0 0
1582 0 0 0 0 0
1583 0 0 0 0 0
1584 0 0 0 0 0
1585 0 0 0 0 0
1586 0 0 0 0 0
1587 0 0 0 0 0
1588 0 0 0 0 0
1589 0 0 0 0 0
1590 0 0 0 0 0
1591 0 0 0 0 0
1592 0 0 0 0 0
1593 0 0 0 0 0
1594 0 0 0 0 0
1595 0 0 0 0 0
1596 0 0 0 0 0
1597 0 0 0 0 0
1598 0 0 0 0 0
1599 0 0 0 0 0
1600 0 0 0 0 0
1601 0 0 0 0 0
1602 0 0 0 0 0
1603 0 0 0 0 0
1604 0 0 0 0 0
1605 0 0 0 0 0
1606 0 0 0 0 0
1607 0 0 0 0 0
1608 0 0 0 0 0
1609 0 0 0 0 0
1610 0 0 0 0 0
1611 0 0 0 0 0
1612 0 0 0 0 0
1613 0 0 0 0 0
1614 0 0 0 0 0
1615 0 0 0 0 0
1616 0 0 0 0 0
1617 0 0 0 0 0
1618 0 0 0 0 0
1619 0 0 0 0 0
1620 0 0 0 0 0
1621 0 0 0 0 0
1622 0 0 0 0 0
1623 0 0 0 0 0
1624 0 0 0 0 0
1625 0 0 0 0 0
1626 0 0 0 0 0
1627 0 0 0 0 0
1628 0 0 0 0 0
1629 0 0 0 0 0
1630 0 0 0 0 0
1631 0 0 0 0 0
1632 0 0 0 0 0
1633 0 0 3 0 0
1634 0 0 3 0 0
1635 2 0 3 0 0
1636 2 0 3 0 0
1637 2 0 3 0 0
1638 2 0 3 0 0
1639 2 0 3 0 0
1640 2 0 3 0 0
1641 2 0 3 0 0
1642 2 0 3 0 0
1643 2 0 3 0 0
1644 2 0 3 0 0
1645 2 0 3 0 0
1646 2 0 3 0 0
1647 2 0 3 0 0
1648 2 0 3 0 1
1649 2 0 3 0 1
1650 2 0 3 0 1
1651 2 0 3 0 1
1652 2 0 3 0 1
1653 2 0 3 0 1
1654 2 0 3 0 1
1655 2 0 3 0 1
1656 2 0 3 0 1
1657 2 0 3 0 1
1658 2 0 3 0 1
1659 0 0 3 0 0
1660 2 0 3 0 1
1661 2 0 3 0 1
1662 2 0 3 0 1
1663 2 0 3 0 1
1664 2 0 3 0 1
1665 2 0 3 0 1
1666 2 0 3 0 1
1667 2 0 3 0 1
1668 2 0 3 0 1
1669 2 0 2 0 1
1670 2 0 2 0 1
1671 2 0 3 0 1
1672 2 0 3 0 1
1673 2 0 3 0 1
1674 2 0 3 0 1
1675 2 0 3 0 1
1676 2 0 3 0 1
1677 2 0 3 0 1
1678 2 0 3 0 1
1679 2 0 3 0 1
1680 2 0 3 0 1
1681 2 0 0 0 1
1682 2 0 3 0 1
1683 2 0 3 0 1
1684 2 0 3 0 1
1685 2 0 3 0 1
1686 2 0 3 0 1
1687 2 0 3 0 1
1688 2 0 2 0 1
1689 2 0 2 0 1
1690 2 0 2 0 1
1691 2 0 2 0 1
1692 2 0 2 0 1
1693 2 0 2 0 1
1694 2 0 2 0 1
1695 2 0 2 0 1
1696 2 0 2 0 1
1697 2 0 2 0 1
1698 2 0 2 0 1
1699 2 0 2 0 1
1700 2 0 2 0 1
1701 2 0 2 0 1
1702 2 0 2 0 1
1703 2 0 2 0 1
1704 2 0 2 0 1
1705 2 0 2 0 1
1706 2 0 2 0 1
1707 2 0 2 0 1
1708 2 0 2 0 1
1709 2 0 2 0 1
1710 2 0 2 0 1
1711 2 0 2 0 1
1712 2 0 2 0 1
1713 2 0 2 0 1
1714 2 0 2 0 1
1715 2 0 2 0 1
1716 2 0 2 0 1
1717 3 0 2 0 1
1718 3 0 2 0 1
1719 2 0 2 0 1
1720 2 0 2 0 1
1721 2 0 2 0 1
1722 2 0 2 0 1
1723 2 0 2 0 1
1724 0 0 2 0 1
1725 0 0 2 0 1
1726 2 0 2 0 1
1727 2 0 2 0 1
1728 2 0 2 0 1
1729 2 0 2 0 1
1730 2 0 2 0 1
1731 2 0 2 0 1
1732 2 0 2 0 1
1733 2 0 2 0 1
1734 2 0 2 0 1
1735 0 0 2 0 1
1736 2 0 2 0 1
1737 2 0 2 0 1
1738 2 0 2 0 1
1739 0 0 3 0 0
1740 0 0 2 0 1
1741 0 0 2 0 1
1742 0 0 2 0 1
1743 0 0 2 0 1
1744 0 0 2 0 1
1745 0 0 2 0 1
1746 0 0 2 0 1
1747 0 0 2 0 1
1748 0 0 2 0 0
1749 0 0 2 0 1
1750 0 0 2 0 1
1751 0 0 3 0 0
1752 0 0 3 0 0
1753 0 0 3 0 0
1754 0 0 2 0 1
1755 0 0 2 0 1
1756 0 0 2 0 1
1757 0 0 2 0 1
1758 0 0 2 0 1
1759 0 0 2 0 1
1760 0 0 2 0 1
1761 0 0 2 0 1
1762 0 0 2 0 1
1763 0 0 2 0 1
1764 0 0 3 0 0
1765 0 0 2 0 1
1766 0 0 3 0 0
1767 0 0 3 0 0
1768 0 0 3 0 0
1769 0 0 2 0 1
1770 0 0 3 0 0
1771 0 0 2 0 1
1772 0 0 3 0 0
1773 0 0 3 0 0
1774 0 0 3 0 0
1775 0 0 2 0 1
1776 0 0 2 0 1
1777 0 0 3 0 0
1778 0 0 3 0 0
1779 0 0 2 0 1
1780 0 0 2 0 1
1781 0 0 2 0 1
1782 0 0 2 0 1
1783 0 0 2 0 1
1784 0 0 2 0 1
1785 0 0 2 0 1
1786 0 0 2 0 1
1787 0 0 2 0 1
1788 0 0 2 0 1
1789 0 0 2 0 1
1790 0 0 2 0 1
1791 0 0 2 0 1
1792 0 0 2 0 1
1793 0 0 2 0 1
1794 0 0 2 0 1
1795 0 0 2 0 1
1796 0 0 2 0 1
1797 2 0 2 0 1
1798 2 0 2 0 1
1799 2 0 2 0 2
1800 2 0 2 0 1
1801 2 0 2 0 2
1802 2 0 2 0 1
1803 3 0 3 0 0
1804 2 0 2 0 1
1805 2 0 2 0 1
1806 2 0 2 0 1
1807 2 0 2 0 1
1808 2 0 2 0 1
1809 2 0 2 0 1
1810 2 0 3 0 1
1811 2 0 2 0 1
1812 2 0 3 0 1
1813 2 0 3 0 1
1814 2 0 3 0 1
1815 0 0 0 0 0
1816 0 0 0 0 0
1817 2 0 0 0 1
1818 2 0 0 0 1
1819 2 0 0 0 1
1820 2 0 0 0 1
1821 2 0 0 0 0
1822 2 0 0 0 1
1823 2 0 0 0 1
1824 3 0 0 0 0
1825 2 0 0 0 1
1826 2 0 0 0 1
1827 2 0 0 0 1
1828 3 0 2 0 1
1829 3 0 0 0 0
1830 2 0 0 0 1
1831 2 0 2 0 1
1832 0 0 2 0 1
1833 0 0 2 0 1
1834 0 0 2 0 1
1835 0 0 2 0 1
1836 0 0 3 0 0
1837 0 0 0 0 0
1838 0 0 2 0 1
1839 0 0 3 0 0
1840 0 0 2 0 1
1841 0 0 3 0 0
1842 0 0 2 0 1
1843 0 0 3 0 0
1844 0 0 3 0 0
1845 0 0 3 0 0
1846 0 0 3 0 0
1847 0 0 3 0 0
1848 0 0 3 0 0
1849 0 0 3 0 0
1850 0 0 2 0 1
1851 0 0 3 0 0
1852 2 0 2 0 1
1853 0 0 3 0 0
1854 0 0 2 0 1
1855 2 0 2 0 1
1856 2 0 2 0 1
1857 0 0 2 0 1
1858 0 0 2 0 1
1859 0 0 2 0 1
1860 0 0 2 0 1
1861 0 0 2 0 1
1862 0 0 2 0 1
1863 0 0 2 0 1
1864 0 0 2 0 1
1865 0 0 2 0 1
1866 0 0 2 0 1
1867 0 0 2 0 1
1868 0 0 2 0 1
1869 0 0 2 0 1
1870 0 0 2 0 1
1871 0 0 2 0 1
1872 0 0 2 0 1
1873 0 0 2 0 1
1874 0 0 2 0 1
1875 0 0 2 0 1
1876 0 0 2 0 1
1877 0 0 2 0 1
1878 0 0 2 0 1
1879 0 0 2 0 1
1880 0 0 3 0 0
1881 0 0 2 0 1
1882 0 0 2 0 1
1883 0 0 2 0 1
1884 0 0 2 0 1
1885 0 0 2 0 1
1886 0 0 2 0 1
1887 0 0 2 0 1
1888 0 0 2 0 0
1889 0 0 2 0 1
1890 0 0 2 0 1
1891 0 0 2 0 1
1892 0 0 2 0 1
1893 0 0 2 0 1
1894 0 0 2 0 1
1895 0 0 2 0 1
1896 0 0 2 0 1
1897 0 0 2 0 1
1898 0 0 2 0 1
1899 0 0 2 0 1
1900 0 0 2 0 1
1901 0 0 2 0 1
1902 0 0 2 0 1
1903 0 0 2 0 1
1904 0 0 2 0 1
1905 0 0 2 0 1
1906 0 0 2 0 1
1907 0 0 2 0 1
1908 0 0 2 0 1
1909 0 0 2 0 1
1910 0 0 2 0 1
1911 0 0 2 0 1
1912 0 0 2 0 1
1913 0 0 2 0 1
1914 0 0 2 0 1
1915 0 0 2 0 1
1916 0 0 2 0 1
1917 0 0 2 0 1
1918 0 0 2 0 1
1919 0 0 2 0 1
1920 0 0 2 0 1
1921 0 0 2 0 1
1922 0 0 2 0 1
1923 0 0 2 0 1
1924 0 0 2 0 1
1925 0 0 2 0 1
1926 0 0 2 0 1
1927 0 0 2 0 1
1928 0 0 2 0 1
1929 0 0 2 0 1
1930 0 0 2 0 1
1931 0 0 2 0 1
1932 0 0 2 0 0
1933 0 0 2 0 1
1934 0 0 2 0 1
1935 0 0 2 0 1
1936 0 0 2 0 1
1937 0 0 2 0 1
1938 0 0 2 0 0
1939 0 0 2 0 0
1940 0 0 2 0 0
1941 0 0 2 0 1
1942 0 0 2 0 0
1943 0 0 2 0 1
1944 2 0 2 0 1
1945 2 0 2 0 1
1946 3 0 2 0 1
1947 2 0 2 0 1
1948 2 0 2 0 1
1949 2 0 2 0 0
1950 2 0 2 0 1
1951 2 0 2 0 1
1952 2 0 2 0 1
1953 2 0 2 0 1
1954 2 0 2 0 1
1955 2 0 2 0 1
1956 2 0 2 0 1
1957 2 0 2 0 1
1958 2 0 2 0 1
1959 2 0 2 0 1
1960 2 0 2 0 1
1961 2 0 2 0 1
1962 2 0 2 0 1
1963 2 0 2 0 1
1964 2 0 2 0 1
1965 2 0 2 0 1
1966 2 0 2 0 1
1967 2 0 2 0 1
1968 2 0 2 0 1
1969 2 0 2 0 1
1970 2 0 2 0 1
1971 2 0 2 0 1
1972 2 0 2 0 1
1973 2 0 2 0 1
1974 2 0 2 0 1
1975 2 0 2 0 1
1976 2 0 2 0 1
1977 2 0 2 0 1
1978 2 0 2 0 1
1979 2 0 2 0 1
1980 2 0 2 0 1
1981 2 0 2 0 1
1982 2 0 2 0 1
1983 2 0 2 0 1
1984 2 0 2 0 1
1985 2 0 2 0 1
1986 2 0 2 0 1
1987 2 0 2 0 1
1988 2 0 2 0 1
1989 2 0 2 0 1
1990 2 0 2 0 1
1991 2 0 2 0 1
1992 2 0 2 0 1
1993 2 0 2 0 1
1994 2 0 2 0 1
1995 2 0 2 0 1
1996 2 0 2 0 1
1997 2 0 2 0 1
1998 2 0 2 0 1
1999 2 0 2 0 1
2000 2 0 2 0 1
2001 2 0 2 0 1
2002 2 0 2 0 1
2003 2 0 2 0 1
2004 2 0 2 0 1
2005 2 0 2 0 1
2006 2 0 2 0 1
2007 2 0 2 0 1
2008 2 0 2 0 1
2009 2 0 2 0 1
2010 2 0 2 0 1
2011 2 0 2 0 1
2012 3 0 2 0 1
2013 2 0 2 0 1
2014 2 0 2 0 1
2015 3 0 2 0 1
2016 2 0 2 0 1
2017 3 0 2 0 1
2018 3 0 2 0 1
2019 0 0 2 0 1
2020 3 0 2 0 1
2021 2 0 2 0 1
2022 3 0 2 0 1
2023 2 0 2 0 1
2024 3 0 2 0 1
2025 3 0 2 0 1
2026 3 0 2 0 1
2027 2 0 2 0 1
2028 2 0 2 0 1
2029 2 0 2 0 1
2030 2 0 2 0 1
2031 2 0 2 0 1
2032 2 0 2 0 1
2033 2 0 2 0 1
2034 2 0 2 0 1
2035 2 0 2 0 1
2036 2 0 2 0 1
2037 0 0 2 0 1
2038 0 0 2 0 1
2039 0 0 2 0 1
2040 0 0 2 0 1
2041 0 0 2 0 1
2042 0 0 2 0 1
2043 3 0 2 0 1
2044 3 0 2 0 1
2045 3 0 2 0 1
2046 3 0 2 0 1
2047 2 0 2 0 1
2048 2 0 2 0 1
2049 2 0 2 0 1
2050 2 0 2 0 1
2051 2 0 2 0 1
2052 2 0 2 0 1
2053 2 0 2 0 1
2054 2 0 2 0 1
2055 2 0 2 0 1
2056 2 0 2 0 1
2057 2 0 2 0 1
2058 2 0 2 0 1
2059 2 0 2 0 1
2060 2 0 2 0 1
2061 2 0 2 0 1
2062 2 0 2 0 1
2063 2 0 2 0 1
2064 2 0 2 0 1
2065 2 0 2 0 1
2066 2 0 2 0 1
2067 2 0 2 0 1
2068 2 0 2 0 1
2069 2 0 2 0 1
2070 2 0 2 0 1
2071 2 0 2 0 1
2072 2 0 2 0 1
2073 2 0 2 0 1
2074 2 0 2 0 1
2075 2 0 2 0 1
2076 2 0 2 0 1
2077 2 0 2 0 1
2078 2 0 2 0 1
2079 2 0 2 0 1
2080 2 0 2 0 1
2081 2 0 2 0 1
2082 2 0 2 0 1
2083 2 0 2 0 1
2084 2 0 2 0 1
2085 2 0 2 0 1
2086 2 0 2 0 1
2087 2 0 2 0 1
2088 2 0 2 0 1
2089 2 0 2 0 1
2090 2 0 2 0 1
2091 2 0 2 0 1
2092 2 0 2 0 1
2093 2 0 2 0 1
2094 2 0 2 0 1
2095 2 0 2 0 1
2096 2 0 2 0 1
2097 2 0 2 0 1
2098 2 0 2 0 1
2099 2 0 2 0 1
2100 2 0 2 0 1
2101 2 0 2 0 1
2102 2 0 2 0 1
2103 2 0 2 0 1
2104 2 0 2 0 1
2105 2 0 2 0 1
2106 2 0 2 0 1
2107 2 0 2 0 1
2108 2 0 2 0 1
2109 2 0 2 0 1
2110 2 0 2 0 1
2111 2 0 2 0 1
2112 2 0 2 0 1
2113 2 0 2 0 1
2114 2 0 2 0 1
2115 2 0 2 0 1
2116 2 0 3 0 0
2117 3 0 3 0 0
2118 2 0 3 0 0
2119 2 0 3 0 0
2120 3 0 3 0 0
2121 3 0 3 0 0
2122 2 0 2 0 1
2123 3 0 2 0 1
2124 3 0 3 0 0
2125 3 0 2 0 1
2126 2 0 2 0 1
2127 2 0 3 0 0
2128 2 0 3 0 1
2129 2 0 3 0 0
2130 2 0 3 0 0
2131 2 0 2 0 1
2132 2 0 3 0 1
2133 2 0 3 0 0
2134 2 0 3 0 0
2135 2 0 2 0 1
2136 2 0 2 0 1
2137 2 0 2 0 1
2138 2 0 2 0 1
2139 2 0 2 0 1
2140 2 0 2 0 1
2141 2 0 2 0 1
2142 2 0 2 0 1
2143 2 0 2 0 1
2144 2 0 3 0 0
2145 2 0 2 0 1
2146 2 0 2 0 1
2147 2 0 2 0 1
2148 2 0 2 0 1
2149 2 0 2 0 1
2150 2 0 2 0 1
2151 2 0 2 0 1
2152 2 0 2 0 1
2153 2 0 2 0 1
2154 2 0 3 0 0
2155 2 0 3 0 0
2156 2 0 3 0 0
2157 2 0 3 0 0
2158 3 0 3 0 0
2159 2 0 3 0 0
2160 2 0 2 0 1
2161 2 0 2 0 1
2162 3 0 2 0 1
2163 2 0 2 0 1
2164 2 0 2 0 1
2165 2 0 2 0 1
2166 2 0 2 0 1
2167 2 0 2 0 1
2168 2 0 2 0 1
2169 2 0 2 0 1
2170 2 0 2 0 1
2171 3 0 2 0 1
2172 2 0 2 0 1
2173 2 0 2 0 1
2174 2 0 2 0 1
2175 2 0 2 0 1
2176 2 0 2 0 1
2177 2 0 2 0 1
2178 2 0 2 0 1
2179 2 0 3 0 1
2180 2 0 3 0 0
2181 2 0 2 0 1
2182 2 0 3 0 1
2183 2 0 3 0 0
2184 2 0 2 0 1
2185 2 0 3 0 0
2186 2 0 3 0 0
2187 2 0 3 0 0
2188 2 0 3 0 0
2189 2 0 3 0 0
2190 2 0 3 0 0
2191 2 0 3 0 0
2192 2 0 2 0 1
2193 2 0 3 0 0
2194 2 0 2 0 1
2195 2 0 2 0 1
2196 2 0 2 0 1
2197 2 0 3 0 0
2198 2 0 3 0 0
2199 2 0 2 0 1
2200 2 0 2 0 1
2201 2 0 2 0 1
2202 2 0 3 0 1
2203 2 0 2 0 1
2204 2 0 3 0 1
2205 2 0 2 0 1
2206 2 0 3 0 0
2207 2 0 2 0 1
2208 2 0 2 0 1
2209 2 0 2 0 1
2210 2 0 2 0 1
2211 2 0 2 0 1
2212 2 0 2 0 1
2213 2 0 2 0 1
2214 2 0 2 0 1
2215 2 0 2 0 1
2216 2 0 2 0 1
2217 2 0 2 0 1
2218 2 0 2 0 1
2219 2 0 2 0 0
2220 2 0 2 0 1
2221 2 0 2 0 1
2222 2 0 2 0 1
2223 2 0 2 0 1
2224 2 0 3 0 1
2225 2 0 3 0 1
2226 2 0 3 0 1
2227 2 0 3 0 1
2228 2 0 3 0 1
2229 2 0 3 0 1
2230 2 0 3 0 0
2231 2 0 3 0 1
2232 2 0 3 0 0
2233 2 0 3 0 1
2234 2 0 3 0 1
2235 2 0 3 0 1
2236 0 0 3 0 0
2237 0 0 3 0 0
2238 0 0 3 0 0
2239 0 0 3 0 0
2240 0 0 3 0 0
2241 0 0 3 0 0
2242 0 0 3 0 0
2243 0 0 3 0 0
2244 0 0 3 0 0
2245 0 0 3 0 0
2246 0 0 3 0 0
2247 0 0 3 0 0
2248 0 0 3 0 0
2249 0 0 3 0 0
2250 0 0 3 0 0
2251 0 0 3 0 0
2252 0 0 3 0 0
2253 0 0 3 0 0
2254 0 0 3 0 0
2255 0 0 3 0 0
2256 0 0 3 0 0
2257 0 0 3 0 0
2258 0 0 3 0 0
2259 0 0 3 0 0
2260 0 0 3 0 0
2261 0 0 3 0 0
2262 0 0 3 0 0
2263 0 0 0 0 0
2264 2 0 0 0 0
2265 0 0 0 0 0
2266 0 0 3 0 0
2267 2 0 3 0 0
2268 0 0 0 0 0
2269 2 0 0 0 0
2270 0 0 0 0 0
2271 0 0 0 0 0
2272 0 0 0 0 0
2273 2 0 0 0 0
2274 0 0 0 0 0
2275 0 0 0 0 0
2276 0 0 0 0 0
2277 0 0 0 0 0
2278 0 0 0 0 0
2279 0 0 0 0 0
2280 0 0 0 0 0
2281 0 0 0 0 0
2282 0 0 0 0 0
2283 0 0 0 0 0
2284 0 0 0 0 0
2285 0 0 0 0 0
2286 0 0 0 0 0
2287 0 0 0 0 0
2288 0 0 0 0 0
2289 0 0 0 0 0
2290 0 0 0 0 0
2291 0 0 0 0 0
2292 0 0 0 0 0
2293 0 0 0 0 0
2294 0 0 0 0 0
2295 0 0 0 0 0
2296 0 0 0 0 0
2297 0 0 0 0 0
2298 0 0 0 0 0
2299 0 0 0 0 0
2300 0 0 0 0 0
2301 0 0 0 0 0
2302 0 0 0 0 0
2303 0 0 0 0 0
2304 0 0 0 0 0
2305 0 0 0 0 0
2306 0 0 0 0 0
2307 0 0 0 0 0
2308 0 0 0 0 0
2309 0 0 0 0 0
2310 0 0 0 0 0
2311 0 0 0 0 0
2312 0 0 0 0 0
2313 0 0 0 0 0
2314 0 0 0 0 0
2315 0 0 0 0 0
2316 0 0 0 0 0
2317 0 0 0 0 0
2318 0 0 0 0 0
2319 0 0 0 0 0
2320 0 0 0 0 0
2321 0 0 0 0 0
2322 0 0 0 0 0
2323 0 0 0 0 0
2324 0 0 0 0 0
2325 0 0 0 0 0
2326 0 0 0 0 0
2327 0 0 0 0 0
2328 0 0 0 0 0
2329 0 0 0 0 0
2330 0 0 0 0 0
2331 0 0 0 0 0
2332 0 0 0 0 0
2333 0 0 0 0 0
2334 0 0 3 0 0
2335 0 0 0 0 0
2336 0 0 0 0 0
2337 0 0 0 0 0
2338 0 0 0 0 0
2339 0 0 0 0 0
2340 0 0 0 0 0
2341 0 0 0 0 0
2342 0 0 0 0 0
2343 0 0 0 0 0
2344 0 0 0 0 0
2345 0 0 0 0 0
2346 0 0 0 0 0
2347 0 0 0 0 0
2348 0 0 0 0 0
2349 0 0 0 0 0
2350 0 0 0 0 0
2351 2 0 0 0 0
2352 2 0 0 0 0
2353 0 0 0 0 0
2354 2 0 2 0 0
2355 0 0 2 0 0
2356 2 0 2 0 0
2357 2 0 0 0 0
2358 2 0 0 0 0
2359 2 0 0 0 0
2360 0 0 0 0 0
2361 2 0 0 0 0
2362 2 0 0 0 0
2363 2 0 0 0 0
2364 2 0 0 0 0
2365 2 0 2 0 0
2366 3 0 0 0 0
2367 2 0 0 0 1
2368 2 0 0 0 1
2369 2 0 3 0 1
2370 2 0 0 0 1
2371 2 0 0 0 1
2372 2 0 0 0 1
2373 2 0 0 0 1
2374 2 0 0 0 0
2375 2 0 0 0 0
2376 2 0 0 0 1
2377 2 0 0 0 0
2378 2 0 0 0 1
2379 2 0 2 0 1
2380 2 0 0 0 1
2381 2 0 0 0 1
2382 2 0 0 0 1
2383 2 0 0 0 1
2384 2 0 0 0 1
2385 2 0 0 0 1
2386 2 0 3 0 1
2387 2 0 0 0 1
2388 2 0 0 0 1
2389 2 0 0 0 1
2390 2 0 2 0 1
2391 2 0 2 0 1
2392 2 0 2 0 1
2393 2 0 2 0 1
2394 2 0 2 0 1
2395 2 0 2 0 1
2396 2 0 2 0 1
2397 2 0 2 0 1
2398 2 0 2 0 1
2399 2 0 2 0 1
2400 2 0 2 0 1
2401 2 0 2 0 1
2402 2 0 2 0 1
2403 2 0 2 0 1
2404 2 0 2 0 1
2405 2 0 2 0 1
2406 2 0 2 0 1
2407 2 0 2 0 1
2408 2 0 2 0 1
2409 2 0 2 0 1
2410 2 0 2 0 1
2411 2 0 2 0 1
2412 2 0 2 0 1
2413 2 0 2 0 1
2414 2 0 2 0 1
2415 2 0 2 0 1
2416 2 0 2 0 1
2417 2 0 2 0 1
2418 2 0 2 0 1
2419 2 0 2 0 1
2420 2 0 2 0 1
2421 2 0 2 0 1
2422 2 0 2 0 1
2423 2 0 2 0 1
2424 2 0 2 0 1
2425 2 0 2 0 1
2426 2 0 2 0 1
2427 2 0 2 0 1
2428 2 0 2 0 1
2429 2 0 2 0 1
2430 2 0 2 0 1
2431 2 0 2 0 1
2432 2 0 2 0 1
2433 2 0 2 0 1
2434 2 0 2 0 1
2435 2 0 2 0 0
2436 2 0 2 0 0
2437 2 0 2 0 0
2438 2 0 2 0 0
2439 2 0 2 0 0
2440 2 0 2 0 0
2441 2 0 2 0 0
2442 0 0 2 0 0
2443 0 0 2 0 0
2444 0 0 2 0 0
2445 0 0 2 0 0
2446 0 2 2 0 0
2447 0 0 2 0 0
2448 0 2 2 0 0
2449 0 2 2 0 0
2450 0 2 2 0 0
2451 0 2 2 0 0
2452 0 0 2 0 0
2453 0 0 2 0 0
2454 0 0 2 0 0
2455 0 0 2 0 0
2456 0 3 2 0 0
2457 0 0 2 0 1
2458 0 0 2 0 1
2459 0 2 2 0 1
2460 2 0 2 0 1
2461 0 0 2 0 1
2462 0 0 2 0 1
2463 2 0 0 0 1
2464 0 0 0 0 0
2465 0 0 2 0 1
2466 0 0 2 0 1
2467 0 0 2 0 1
2468 0 0 0 0 0
2469 0 0 0 0 0
2470 0 0 2 0 1
2471 0 0 3 0 0
2472 0 0 3 0 0
2473 0 0 3 0 0
2474 0 0 3 0 0
2475 0 0 0 0 0
2476 0 0 2 0 1
2477 0 0 3 0 0
2478 0 0 2 0 1
2479 0 0 2 0 1
2480 0 0 2 0 1
2481 0 0 2 0 1
2482 0 0 2 0 1
2483 0 0 3 0 0
2484 0 0 2 0 0
2485 0 0 3 0 0
2486 0 0 2 0 1
2487 0 0 2 0 0
2488 2 0 2 0 0
2489 0 0 2 0 1
2490 0 0 2 0 1
2491 2 0 2 0 1
2492 0 0 2 0 1
2493 0 0 0 0 0
2494 0 0 2 0 1
2495 0 0 3 0 0
2496 0 0 2 0 1
2497 0 0 3 0 0
2498 0 0 0 0 0
2499 0 0 0 0 0
2500 0 0 3 0 0
2501 0 0 3 0 0
2502 0 0 3 0 0
2503 0 0 0 0 0
2504 0 0 0 0 0
2505 0 0 3 0 0
2506 0 0 2 0 1
2507 2 0 2 0 1
2508 2 0 0 0 1
2509 0 0 2 0 1
2510 0 0 2 0 1
2511 0 0 2 0 1
2512 3 0 2 0 1
2513 3 0 2 0 1
2514 3 0 2 0 1
2515 0 0 2 0 1
2516 2 0 2 0 1
2517 2 0 2 0 1
2518 2 0 2 0 1
2519 2 0 2 0 1
2520 2 0 2 0 1
2521 2 0 2 0 1
2522 2 0 2 0 1
2523 2 0 2 0 1
2524 2 0 2 0 1
2525 2 0 2 0 1
2526 2 0 2 0 1
2527 2 0 2 0 1
2528 2 0 2 0 1
2529 2 0 2 0 1
2530 2 0 2 0 1
2531 2 0 2 0 1
2532 2 0 2 0 1
2533 2 0 2 0 1
2534 2 0 2 0 1
2535 2 0 2 0 1
2536 2 0 2 0 1
2537 2 0 2 0 1
2538 2 0 2 0 1
2539 2 0 2 0 1
2540 2 0 2 0 1
2541 2 0 2 0 1
2542 2 0 2 0 1
2543 2 0 2 0 1
2544 2 0 2 0 1
2545 2 0 2 0 0
2546 2 0 2 0 0
2547 2 0 2 0 1
2548 2 0 2 0 0
2549 2 0 2 0 1
2550 2 0 2 0 1
2551 2 0 2 0 1
2552 2 0 2 0 1
2553 2 0 2 0 1
2554 2 0 2 0 1
2555 2 0 2 0 1
2556 2 0 2 0 1
2557 2 0 2 0 1
2558 2 0 2 0 1
2559 2 0 2 0 1
2560 2 0 2 0 1
2561 2 0 2 0 1
2562 2 0 2 0 1
2563 2 0 2 0 1
2564 2 0 2 0 1
2565 2 0 2 0 1
2566 2 0 2 0 1
2567 2 0 2 0 1
2568 2 0 2 0 0
2569 2 0 2 0 0
2570 2 0 2 0 0
2571 2 0 2 0 0
2572 2 0 2 0 0
2573 2 0 2 0 0
2574 2 0 2 0 0
2575 2 0 2 0 1
2576 2 0 2 0 0
2577 2 0 2 0 0
2578 2 0 2 0 0
2579 2 0 2 0 0
2580 2 0 2 0 0
2581 2 0 2 0 0
2582 2 0 2 0 0
2583 2 0 2 0 1
2584 2 0 2 0 1
2585 2 0 2 0 1
2586 2 0 2 0 1
2587 2 0 2 0 1
2588 2 0 2 0 1
2589 2 0 2 0 1
2590 2 0 2 0 1
2591 2 0 2 0 1
2592 2 0 2 0 1
2593 2 0 2 0 1
2594 2 0 2 0 1
2595 2 0 2 0 1
2596 2 0 2 0 1
2597 2 0 2 0 1
2598 2 0 2 0 1
2599 2 0 2 0 1
2600 3 0 2 0 1
2601 2 0 2 0 1
2602 2 0 2 0 1
2603 2 0 2 0 1
2604 2 0 2 0 1
2605 2 0 2 0 1
2606 2 0 2 0 1
2607 2 0 2 0 1
2608 2 0 2 0 0
2609 3 0 2 0 0
2610 3 0 2 0 0
2611 3 0 2 0 0
2612 0 0 2 0 0
2613 0 0 2 0 0
2614 0 0 2 0 0
2615 0 0 2 0 0
2616 0 0 2 0 0
2617 0 0 2 0 0
2618 0 0 2 0 0
2619 0 0 2 0 1
2620 0 0 2 0 1
2621 0 0 2 0 1
2622 0 0 2 0 1
2623 0 0 2 0 1
2624 0 0 2 0 1
2625 0 0 2 0 1
2626 0 0 2 0 1
2627 0 0 2 0 1
2628 0 0 2 0 1
2629 0 0 2 0 1
2630 0 0 2 0 1
2631 0 0 2 0 1
2632 0 0 2 0 1
2633 0 0 2 0 1
2634 0 0 2 0 1
2635 0 0 2 0 1
2636 0 0 2 0 1
2637 0 0 2 0 1
2638 0 0 2 0 1
2639 0 0 2 0 1
2640 0 0 2 0 1
2641 0 0 2 0 1
2642 0 0 2 0 1
2643 0 0 2 0 1
2644 0 0 2 0 1
2645 0 0 2 0 1
2646 0 0 2 0 1
2647 0 0 2 0 1
2648 2 0 0 0 1
2649 2 0 3 0 1
2650 0 0 2 0 1
2651 0 0 2 0 1
2652 0 0 0 0 0
2653 0 0 2 0 1
2654 0 0 2 0 1
2655 0 0 0 0 0
2656 0 0 2 0 1
2657 0 0 0 0 0
2658 0 0 0 0 0
2659 0 0 3 0 0
2660 0 0 3 0 0
2661 0 0 3 0 0
2662 0 0 3 0 0
2663 0 0 3 0 0
2664 0 0 3 0 0
2665 0 0 3 0 0
2666 0 0 2 0 1
2667 0 0 2 0 1
2668 0 0 2 0 1
2669 0 0 2 0 1
2670 0 0 2 0 1
2671 0 0 2 0 0
2672 2 0 2 0 0
2673 0 0 2 0 1
2674 0 0 2 0 1
2675 0 0 2 0 0
2676 0 0 2 0 1
2677 0 0 2 0 1
2678 0 0 0 0 0
2679 0 0 2 0 1
2680 0 0 2 0 1
2681 2 0 2 0 1
2682 0 0 2 0 1
2683 0 0 2 0 1
2684 0 0 2 0 1
2685 0 0 2 0 1
2686 0 0 2 0 1
2687 0 0 2 0 1
2688 0 0 2 0 1
2689 0 0 2 0 1
2690 0 0 2 0 1
2691 0 0 2 0 1
2692 0 0 2 0 1
2693 0 0 2 0 1
2694 0 0 2 0 1
2695 0 0 2 0 1
2696 0 0 2 0 1
2697 0 0 2 0 1
2698 0 0 2 0 1
2699 0 0 2 0 1
2700 0 0 2 0 1
2701 0 0 2 0 1
2702 0 0 2 0 1
2703 0 0 2 0 1
2704 0 0 2 0 1
2705 0 0 2 0 1
2706 0 0 2 0 1
2707 0 0 2 0 1
2708 0 0 2 0 1
2709 0 0 2 0 1
2710 0 0 2 0 1
2711 0 0 2 0 1
2712 0 0 2 0 1
2713 0 0 2 0 1
2714 0 0 2 0 1
2715 0 0 2 0 1
2716 0 0 2 0 1
2717 0 0 2 0 1
2718 0 0 2 0 1
2719 0 0 2 0 1
2720 0 0 2 0 1
2721 0 0 2 0 1
2722 0 0 2 0 1
2723 0 0 2 0 1
2724 0 0 2 0 1
2725 0 0 2 0 1
2726 0 0 2 0 1
2727 0 0 2 0 1
2728 0 0 2 0 1
2729 0 0 2 0 0
2730 0 0 2 0 1
2731 0 0 2 0 1
2732 0 0 2 0 1
2733 0 0 2 0 1
2734 2 0 2 0 1
2735 0 0 2 0 1
2736 0 0 2 0 1
2737 0 0 2 0 1
2738 0 0 2 0 1
2739 0 0 2 0 1
2740 0 0 2 0 1
2741 0 0 2 0 1
2742 0 0 2 0 1
2743 0 0 2 0 1
2744 0 0 2 0 1
2745 0 0 2 0 1
2746 0 0 2 0 1
2747 0 0 2 0 1
2748 0 0 2 0 1
2749 0 0 2 0 1
2750 0 0 2 0 1
2751 0 0 2 0 1
2752 0 0 2 0 1
2753 0 0 2 0 1
2754 0 0 2 0 1
2755 0 0 2 0 1
2756 0 0 2 0 1
2757 0 0 2 0 1
2758 0 0 2 0 1
2759 0 0 2 0 1
2760 0 0 2 0 1
2761 0 0 2 0 1
2762 0 0 2 0 1
2763 0 0 2 0 1
2764 0 0 2 0 1
2765 0 0 2 0 1
2766 0 0 2 0 1
2767 0 0 2 0 1
2768 0 0 2 0 1
2769 0 0 2 0 1
2770 0 0 2 0 1
2771 0 0 2 0 1
2772 0 0 2 0 1
2773 0 0 2 0 1
2774 0 0 2 0 1
2775 0 0 2 0 1
2776 0 0 2 0 1
2777 0 0 2 0 1
2778 0 0 2 0 1
2779 0 0 2 0 1
2780 0 0 2 0 1
2781 0 0 2 0 1
2782 0 0 2 0 1
2783 0 0 2 0 1
2784 0 0 2 0 1
2785 0 0 2 0 1
2786 0 0 2 0 1
2787 0 0 2 0 1
2788 0 0 2 0 1
2789 0 0 2 0 1
2790 0 0 2 0 1
2791 0 0 2 0 1
2792 0 0 2 0 1
2793 0 0 2 0 1
2794 0 0 2 0 1
2795 0 0 2 0 1
2796 0 0 2 0 1
2797 0 0 2 0 1
2798 0 0 2 0 1
2799 0 0 2 0 1
2800 0 0 2 0 1
2801 0 0 2 0 1
2802 0 0 2 0 1
2803 0 0 2 0 1
2804 0 0 2 0 1
2805 0 0 2 0 1
2806 0 0 2 0 1
2807 0 0 2 0 1
2808 0 0 2 0 1
2809 0 0 2 0 1
2810 0 0 2 0 1
2811 0 0 2 0 1
2812 2 0 2 0 2
2813 0 0 2 0 1
2814 0 0 2 0 1
2815 3 0 2 0 1
2816 3 0 2 0 1
2817 3 0 2 0 1
2818 3 0 2 0 1
2819 3 0 2 0 1
2820 3 0 2 0 1
2821 2 0 2 0 2
2822 2 0 2 0 2
2823 2 0 2 0 2
2824 2 0 2 0 2
2825 2 0 2 0 1
2826 2 0 2 0 2
2827 2 0 2 0 2
2828 2 0 2 0 2
2829 2 0 2 0 2
2830 2 0 2 0 1
2831 2 0 2 0 2
2832 2 0 2 0 1
2833 2 0 2 0 1
2834 2 0 2 0 1
2835 2 0 2 0 1
2836 2 0 2 0 1
2837 2 0 2 0 2
2838 2 0 2 0 2
2839 2 0 2 0 1
2840 2 0 2 0 1
2841 2 0 2 0 1
2842 2 0 2 0 2
2843 2 0 2 0 2
2844 2 0 2 0 2
2845 2 0 2 0 2
2846 2 0 2 0 1
2847 2 0 2 0 1
2848 2 0 2 0 2
2849 2 0 2 0 2
2850 2 0 2 0 2
2851 2 0 2 0 2
2852 2 0 2 0 2
2853 2 0 2 0 2
2854 2 0 2 0 2
2855 2 0 2 0 2
2856 2 0 2 0 1
2857 2 0 2 0 1
2858 2 0 2 0 2
2859 2 0 2 0 2
2860 2 0 2 0 2
2861 2 0 2 0 2
2862 2 0 2 0 2
2863 2 0 2 0 2
2864 2 0 2 0 2
2865 2 0 2 0 2
2866 2 0 2 0 2
2867 2 0 2 0 2
2868 2 0 2 0 2
2869 2 0 2 0 2
2870 2 0 2 0 2
2871 2 0 2 0 2
2872 2 0 2 0 2
2873 2 0 2 0 2
2874 2 0 2 0 2
2875 2 0 2 0 2
2876 2 0 2 0 2
2877 2 0 2 0 1
2878 2 0 2 0 1
2879 2 0 2 0 1
2880 2 0 2 0 1
2881 2 0 2 0 1
2882 2 0 2 0 1
2883 2 0 2 0 1
2884 2 0 2 0 1
2885 2 0 2 0 1
2886 2 0 2 0 1
2887 2 0 2 0 1
2888 2 0 2 0 1
2889 2 0 2 0 1
2890 2 0 2 0 1
2891 2 0 2 0 2
2892 2 0 2 0 2
2893 2 0 2 0 1
2894 2 0 2 0 1
2895 2 0 2 0 1
2896 2 0 2 0 2
2897 2 0 2 0 1
2898 2 0 2 0 2
2899 2 0 2 0 1
2900 2 0 2 0 1
2901 2 0 2 0 1
2902 2 0 2 0 1
2903 2 0 2 0 1
2904 2 0 2 0 1
2905 2 0 2 0 1
2906 2 0 2 0 1
2907 2 0 2 0 1
2908 2 0 2 0 1
2909 2 0 2 0 1
2910 2 0 2 0 1
2911 2 0 2 0 1
2912 2 0 2 0 1
2913 2 0 2 0 1
2914 2 0 2 0 1
2915 2 0 2 0 1
2916 2 0 2 0 1
2917 2 0 2 0 1
2918 2 0 2 0 1
2919 2 0 2 0 1
2920 2 0 2 0 1
2921 2 0 2 0 1
2922 2 0 2 0 1
2923 2 0 2 0 1
2924 2 0 2 0 1
2925 2 0 2 0 1
2926 2 0 2 0 1
2927 2 0 2 0 1
2928 2 0 2 0 1
2929 2 0 2 0 1
2930 2 0 2 0 1
2931 2 0 2 0 1
2932 2 0 2 0 1
2933 2 0 2 0 2
2934 2 0 2 0 1
2935 2 0 2 0 1
2936 2 0 2 0 2
2937 2 0 2 0 1
2938 2 0 2 0 1
2939 2 0 2 0 1
2940 2 0 2 0 1
2941 2 0 2 0 1
2942 2 0 2 0 1
2943 2 0 2 0 1
2944 2 0 2 0 1
2945 2 0 2 0 1
2946 2 0 2 0 1
2947 2 0 2 0 1
2948 2 0 2 0 1
2949 2 0 2 0 1
2950 2 0 2 0 1
2951 2 0 2 0 1
2952 2 0 2 0 1
2953 2 0 2 0 1
2954 2 0 2 0 1
2955 2 0 2 0 1
2956 2 0 2 0 1
2957 2 0 2 0 1
2958 2 0 2 0 1
2959 2 0 2 0 1
2960 2 0 2 0 1
2961 2 0 2 0 1
2962 2 0 2 0 1
2963 2 0 2 0 1
2964 2 0 2 0 1
2965 2 0 2 0 1
2966 2 0 2 0 1
2967 2 0 2 0 1
2968 2 0 2 0 1
2969 2 0 2 0 1
2970 2 0 2 0 1
2971 2 0 2 0 1
2972 2 0 0 0 1
2973 2 0 3 0 1
2974 2 0 0 0 1
2975 2 0 0 0 1
2976 0 0 0 0 0
2977 2 0 0 0 1
2978 2 0 0 0 1
2979 0 0 3 0 0
2980 0 0 3 0 0
2981 2 0 3 0 1
2982 0 0 3 0 0
2983 0 0 3 0 0
2984 0 0 3 0 0
2985 0 0 0 0 0
2986 0 0 3 0 0
2987 0 0 0 0 0
2988 2 0 0 0 1
2989 0 0 0 0 0
2990 2 0 0 0 1
2991 2 0 0 0 1
2992 2 0 0 0 1
2993 2 0 0 0 1
2994 2 0 0 0 0
2995 2 0 0 0 0
2996 0 0 0 0 0
2997 2 0 0 0 1
2998 2 0 0 0 0
2999 2 0 0 0 0
3000 2 0 0 0 1
3001 2 0 0 0 1
3002 0 0 0 0 0
3003 0 0 0 0 0
3004 2 0 0 0 1
3005 2 0 0 0 1
3006 2 0 0 0 1
3007 2 0 0 0 1
3008 2 0 0 0 1
3009 2 0 0 0 1
3010 2 0 0 0 1
3011 0 0 0 0 0
3012 2 0 0 0 1
3013 2 0 0 0 1
3014 0 0 0 0 0
3015 0 0 0 0 0
3016 0 0 0 0 0
3017 0 0 0 0 0
3018 0 0 0 0 0
3019 0 0 0 0 0
3020 0 0 0 0 0
3021 0 0 0 0 0
3022 0 0 0 0 0
3023 0 0 0 0 0
3024 0 0 0 0 0
3025 0 0 0 0 0
3026 0 0 0 0 0
3027 0 0 0 0 0
3028 0 0 0 0 0
3029 0 0 0 0 0
3030 0 0 0 0 0
3031 0 0 0 0 0
3032 0 0 0 0 0
3033 0 0 0 0 0
3034 0 0 0 0 0
3035 0 0 0 0 0
3036 0 0 0 0 0
3037 0 0 0 0 0
3038 0 0 0 0 0
3039 0 0 0 0 0
3040 0 0 0 0 0
3041 0 0 0 0 0
3042 0 0 0 0 0
3043 0 0 0 0 0
3044 0 0 0 0 0
3045 0 0 0 0 0
3046 0 0 0 0 0
3047 0 0 0 0 0
3048 0 0 0 0 0
3049 0 0 0 0 0
3050 0 0 0 0 0
3051 0 0 0 0 0
3052 0 0 0 0 0
3053 0 0 0 0 0
3054 0 0 0 0 0
3055 0 0 0 0 0
3056 0 0 0 0 0
3057 0 0 0 0 0
3058 0 0 0 0 0
3059 0 0 0 0 0
3060 0 0 0 0 0
3061 0 0 0 0 0
3062 0 0 0 0 0
3063 0 0 0 0 0
3064 0 0 0 0 0
3065 0 0 0 0 0
3066 0 0 0 0 0
3067 0 0 0 0 0
3068 0 0 0 0 0
3069 0 0 0 0 0
3070 0 0 0 0 0
3071 0 0 0 0 0
3072 0 0 0 0 0
3073 0 0 0 0 0
3074 0 0 0 0 0
3075 0 0 0 0 0
3076 0 0 0 0 0
3077 0 0 0 0 0
3078 0 0 0 0 0
3079 0 0 0 0 0
3080 0 0 0 0 0
3081 0 0 0 0 0
3082 0 0 0 0 0
3083 0 0 0 0 0
3084 0 0 0 0 0
3085 0 0 0 0 0
3086 0 0 0 0 0
3087 2 0 0 0 0
3088 2 0 0 0 0
3089 2 0 0 0 0
3090 2 0 0 0 0
3091 2 0 0 0 0
3092 2 0 0 0 0
3093 0 0 0 0 0
3094 2 0 0 0 0
3095 0 0 0 0 0
3096 2 0 0 0 0
3097 0 0 0 0 0
3098 2 0 0 0 0
3099 2 0 0 0 0
3100 2 0 0 0 0
3101 2 0 0 0 0
3102 2 0 0 0 0
3103 2 0 0 0 0
3104 2 0 0 0 0
3105 2 0 0 0 0
3106 2 0 0 0 1
3107 2 0 0 0 1
3108 2 0 2 0 1
3109 2 0 0 0 1
3110 2 0 2 0 0
3111 2 0 2 0 0
3112 2 0 2 0 1
3113 2 0 2 0 1
3114 2 0 2 0 1
3115 2 0 2 0 1
3116 2 0 2 0 1
3117 2 0 2 0 1
3118 2 0 2 0 1
3119 2 0 2 0 1
3120 2 0 2 0 1
3121 2 0 2 0 1
3122 2 0 2 0 1
3123 2 0 2 0 1
3124 2 0 2 0 1
3125 2 0 2 0 1
3126 0 0 2 0 1
3127 0 0 2 0 1
3128 0 0 2 0 1
3129 0 0 2 0 1
3130 0 0 2 0 1
3131 0 0 2 0 1
3132 0 0 2 0 1
3133 0 0 2 0 1
3134 0 0 2 0 1
3135 2 0 2 0 1
3136 0 0 2 0 1
3137 2 0 2 0 1
3138 0 0 2 0 1
3139 0 0 2 0 1
3140 2 0 2 0 2
3141 2 0 2 0 0
3142 0 0 2 0 0
3143 2 0 2 0 1
3144 0 0 2 0 1
3145 0 0 2 0 1
3146 0 0 2 0 1
3147 0 0 2 0 1
3148 0 0 2 0 1
3149 0 0 2 0 1
3150 2 0 2 0 1
3151 2 0 2 0 1
3152 0 0 2 0 1
3153 2 0 2 0 1
3154 2 0 2 0 1
3155 0 0 2 0 1
3156 0 0 2 0 1
3157 0 0 2 0 1
3158 2 0 2 0 1
3159 3 0 2 0 1
3160 0 0 2 0 1
3161 0 0 2 0 1
3162 2 0 2 0 1
3163 3 0 2 0 1
3164 0 0 2 0 1
3165 0 0 2 0 1
3166 0 0 2 0 1
3167 0 0 2 0 1
3168 0 0 2 0 1
3169 3 0 2 0 1
3170 0 0 2 0 1
3171 0 0 2 0 1
3172 0 0 2 0 1
3173 0 0 2 0 1
3174 0 0 2 0 1
3175 3 0 2 0 1
3176 3 0 2 0 1
3177 3 0 2 0 1
3178 3 0 2 0 1
3179 2 0 2 0 1
3180 2 0 2 0 1
3181 2 0 2 0 1
3182 2 0 0 0 1
3183 3 0 3 0 0
3184 3 0 3 0 0
3185 2 0 3 0 1
3186 2 0 3 0 1
3187 2 0 3 0 1
3188 2 0 2 0 1
3189 2 0 2 0 1
3190 0 0 2 0 1
3191 0 0 2 0 1
3192 0 0 2 0 1
3193 0 0 2 0 1
3194 0 0 2 0 1
3195 0 0 2 0 1
3196 0 0 2 0 1
3197 0 0 2 0 1
3198 0 0 3 0 0
3199 0 0 2 0 0
3200 0 0 3 0 0
3201 0 0 2 0 0
3202 0 0 3 0 0
3203 0 0 3 0 0
3204 0 0 3 0 0
3205 0 0 2 0 0
3206 0 0 3 0 0
3207 0 0 3 0 0
3208 0 0 3 0 0
3209 0 0 0 0 0
3210 0 0 3 0 0
3211 0 0 0 0 0
3212 0 0 3 0 0
3213 0 0 0 0 0
3214 0 0 0 0 0
3215 0 0 0 0 0
3216 0 0 0 0 0
3217 0 0 0 0 0
3218 0 0 0 0 0
3219 0 0 0 0 0
3220 0 0 0 0 0
3221 0 0 0 0 0
3222 0 0 0 0 0
3223 0 0 0 0 0
3224 0 0 0 0 0
3225 0 0 0 0 0
3226 0 0 0 0 0
3227 0 0 0 0 0
3228 0 0 0 0 0
3229 0 0 0 0 0
3230 0 0 0 0 0
3231 0 0 0 0 0
3232 0 0 0 0 0
3233 0 0 0 0 0
3234 0 0 0 0 0
3235 0 0 0 0 0
3236 0 0 0 0 0
3237 0 0 0 0 0
3238 0 0 0 0 0
3239 0 0 0 0 0
3240 0 0 0 0 0
3241 0 0 0 0 0
3242 0 0 0 0 0
3243 0 0 0 0 0
3244 0 0 0 0 0
3245 0 0 0 0 0
3246 0 0 0 0 0
3247 0 0 0 0 0
3248 0 0 0 0 0
3249 0 0 0 0 0
3250 0 0 0 0 0
3251 0 0 0 0 0
3252 0 0 0 0 0
3253 0 0 0 0 0
3254 0 0 0 0 0
3255 0 0 0 0 0
3256 0 0 0 0 0
3257 0 0 0 0 0
3258 0 0 0 0 0
3259 0 0 0 0 0
3260 0 0 0 0 0
3261 0 0 0 0 0
3262 0 0 0 0 0
3263 0 0 0 0 0
3264 0 0 0 0 0
3265 0 0 0 0 0
3266 0 0 0 0 0
3267 0 0 0 0 0
3268 0 0 0 0 0
3269 0 0 0 0 0
3270 0 0 0 0 0
3271 0 0 0 0 0
3272 0 0 0 0 0
3273 0 0 0 0 0
