0 0 0 0 2 0
1 0 0 0 2 0
2 0 0 0 2 0
3 0 0 0 2 0
4 0 0 0 2 0
5 0 0 0 2 0
6 0 0 0 2 0
7 0 0 0 2 0
8 0 0 0 2 0
9 0 0 0 2 0
10 0 0 0 2 0
11 0 0 0 2 0
12 0 0 0 2 0
13 0 0 0 2 0
14 0 0 0 2 0
15 0 0 0 2 0
16 0 0 0 2 0
17 0 0 0 2 0
18 0 0 0 2 0
19 0 0 0 2 0
20 0 0 0 2 0
21 0 0 0 2 0
22 0 0 0 2 0
23 0 0 0 2 0
24 0 0 0 2 0
25 0 0 0 2 0
26 0 0 0 2 0
27 0 0 0 2 0
28 0 0 0 2 0
29 0 0 0 2 0
30 0 0 0 2 0
31 0 0 0 2 0
32 0 0 0 2 0
33 0 0 0 2 0
34 0 0 0 2 0
35 0 0 0 2 0
36 0 0 0 2 0
37 0 0 0 2 0
38 0 0 0 2 0
39 0 0 0 2 0
40 0 0 0 0 0
41 0 0 0 0 0
42 0 0 0 0 0
43 0 0 0 0 0
44 0 0 0 0 0
45 0 0 0 0 0
46 0 0 0 0 0
47 0 0 0 0 0
48 0 0 0 0 0
49 0 0 0 0 0
50 0 0 0 0 0
51 0 0 0 0 0
52 0 0 0 0 0
53 0 0 0 0 0
54 0 0 0 0 0
55 0 0 0 0 0
56 0 0 0 0 0
57 0 0 0 0 0
58 0 0 0 0 0
59 0 0 0 0 0
60 0 0 0 0 0
61 0 0 0 0 0
62 0 0 0 0 0
63 0 0 0 0 0
64 0 0 0 0 0
65 0 0 0 0 0
66 0 0 0 0 0
67 0 0 0 0 0
68 0 0 0 0 0
69 0 0 0 0 0
70 0 0 0 0 0
71 0 0 0 2 0
72 0 0 0 2 0
73 0 0 0 2 0
74 0 0 0 2 0
75 0 0 2 0 0
76 0 0 0 0 0
77 0 0 2 0 0
78 0 0 2 0 0
79 0 0 2 0 0
80 0 0 2 0 0
81 0 0 2 0 0
82 0 0 2 0 0
83 0 0 2 0 0
84 0 0 2 0 0
85 0 0 2 0 0
86 0 0 2 0 0
87 0 0 2 0 0
88 0 0 2 0 0
89 0 0 2 0 0
90 0 0 2 0 0
91 0 0 2 0 0
92 0 0 2 0 0
93 0 0 2 0 0
94 0 0 2 0 0
95 0 0 2 0 0
96 0 0 2 0 0
97 0 0 2 0 0
98 0 0 2 0 0
99 0 0 2 0 0
100 0 0 2 0 0
101 0 0 2 0 0
102 0 0 2 0 0
103 0 0 2 0 0
104 0 0 2 0 0
105 0 0 2 0 0
106 0 0 2 0 0
107 0 0 2 0 0
108 0 0 2 0 0
109 0 0 2 0 0
110 0 0 2 0 0
111 0 0 2 0 0
112 0 0 2 0 0
113 0 0 2 0 0
114 0 0 2 0 0
115 0 0 2 0 0
116 0 0 2 0 0
117 0 0 2 0 0
118 0 0 2 0 0
119 0 0 2 0 0
120 0 0 2 0 0
121 0 0 2 0 0
122 0 0 2 0 0
123 0 0 2 0 0
124 0 0 2 0 0
125 0 0 2 0 0
126 0 0 2 0 0
127 0 0 2 0 0
128 0 0 2 0 0
129 0 0 2 0 0
130 0 0 2 0 0
131 0 0 2 0 0
132 0 0 2 0 0
133 0 0 2 0 0
134 0 0 2 0 0
135 0 0 2 0 0
136 0 0 2 0 0
137 0 0 2 0 0
138 0 0 2 0 0
139 0 0 2 0 0
140 0 0 2 0 0
141 0 0 2 0 0
142 0 0 2 0 0
143 0 0 2 0 0
144 0 0 2 0 0
145 0 0 2 0 0
146 0 0 2 0 0
147 0 0 2 0 0
148 0 0 2 0 0
149 0 0 2 0 0
150 0 0 2 0 0
151 0 0 2 0 0
152 0 0 2 0 0
153 0 0 2 0 0
154 0 0 2 0 0
155 0 0 2 0 0
156 0 0 2 0 0
157 0 0 2 0 0
158 0 0 2 0 0
159 0 0 2 0 0
160 0 0 2 0 0
161 0 0 2 0 0
162 0 0 2 0 0
163 0 0 2 0 0
164 0 0 2 0 0
165 0 0 2 0 0
166 0 0 2 0 0
167 0 0 2 0 0
168 0 0 2 0 0
169 0 0 2 0 0
170 0 0 2 0 0
171 0 0 2 0 0
172 0 0 2 0 0
173 0 0 2 0 0
174 0 0 2 0 0
175 0 0 2 0 0
176 0 0 2 0 0
177 0 0 2 0 0
178 0 0 2 0 0
179 0 0 2 0 0
180 0 0 2 0 0
181 0 0 2 0 0
182 0 0 2 0 0
183 0 0 2 0 0
184 0 0 2 0 0
185 0 0 2 0 0
186 0 0 2 0 0
187 0 0 2 0 0
188 0 0 2 0 0
189 0 0 2 0 0
190 0 0 2 0 1
191 0 0 2 0 1
192 0 0 2 0 1
193 0 0 2 0 1
194 0 0 0 0 0
195 0 0 2 0 0
196 0 0 2 0 0
197 0 0 2 0 0
198 0 0 2 0 0
199 0 0 2 0 0
200 0 0 2 0 0
201 0 0 2 0 0
202 0 0 2 0 0
203 0 0 2 0 0
204 0 0 2 0 0
205 0 0 2 0 0
206 0 0 2 0 1
207 0 0 2 0 1
208 0 0 2 0 1
209 0 0 2 0 1
210 0 0 2 0 1
211 0 0 2 0 1
212 0 0 2 0 1
213 0 0 2 0 1
214 0 0 2 0 1
215 0 0 2 0 1
216 0 0 2 0 1
217 0 0 2 0 0
218 0 0 2 0 0
219 0 0 2 0 0
220 0 0 2 0 0
221 0 0 2 0 0
222 0 0 2 0 0
223 0 0 2 0 0
224 0 0 2 0 0
225 0 0 2 0 1
226 0 0 2 0 1
227 0 0 2 0 1
228 0 0 2 0 1
229 0 0 2 0 1
230 0 0 2 0 1
231 0 0 2 0 1
232 0 0 2 0 1
233 0 0 2 0 1
234 0 0 2 0 1
235 0 0 2 0 1
236 0 0 2 0 1
237 0 0 2 0 1
238 0 0 2 0 1
239 0 0 2 0 1
240 0 0 2 0 1
241 0 0 2 0 1
242 0 0 2 0 1
243 0 0 2 0 1
244 0 0 2 0 1
245 0 0 2 0 1
246 0 0 2 0 1
247 0 0 2 0 1
248 0 0 2 0 1
249 0 0 2 0 1
250 0 0 2 0 1
251 0 0 2 0 1
252 0 0 2 0 1
253 0 0 2 0 1
254 0 0 2 0 1
255 0 0 2 0 1
256 0 0 2 0 1
257 0 0 2 0 1
258 0 0 2 0 1
259 0 0 2 0 1
260 0 0 2 0 1
261 0 0 2 0 1
262 0 0 2 0 1
263 0 0 2 0 1
264 0 0 2 0 1
265 0 0 2 0 1
266 0 0 2 0 1
267 0 0 2 0 1
268 0 0 2 0 1
269 0 0 2 0 1
270 0 0 2 0 1
271 0 0 2 0 1
272 0 0 2 0 1
273 0 0 2 0 1
274 0 0 2 0 1
275 0 0 2 0 1
276 0 0 2 0 1
277 0 0 2 0 1
278 0 0 2 0 1
279 0 0 2 0 1
280 0 0 2 0 1
281 0 0 2 0 1
282 0 0 2 0 1
283 0 0 2 0 1
284 0 0 2 0 1
285 0 0 2 0 1
286 0 0 2 0 1
287 0 0 2 0 0
288 0 0 2 0 1
289 0 0 2 0 0
290 0 0 2 0 1
291 0 0 2 0 1
292 0 0 2 0 1
293 0 0 2 0 1
294 0 0 2 0 1
295 0 0 2 0 1
296 0 0 2 0 1
297 0 0 2 0 1
298 0 0 2 0 1
299 0 0 2 0 0
300 0 0 2 0 0
301 0 0 2 0 0
302 0 0 2 0 0
303 0 0 2 0 1
304 0 0 2 0 0
305 0 0 2 0 0
306 0 0 2 0 1
307 0 0 2 0 1
308 0 0 2 0 0
309 0 0 2 0 1
310 0 0 2 0 1
311 0 0 2 0 1
312 0 0 2 0 1
313 0 0 2 0 1
314 0 0 2 0 1
315 0 0 2 0 1
316 0 0 2 0 1
317 0 0 2 0 1
318 0 0 2 0 1
319 0 0 2 0 1
320 0 0 2 0 1
321 0 0 2 0 1
322 0 0 2 0 1
323 0 0 2 0 1
324 0 0 2 0 1
325 0 0 2 0 1
326 0 0 2 0 1
327 0 0 2 0 1
328 0 0 2 0 1
329 0 0 2 0 1
330 0 0 2 0 1
331 0 0 2 0 1
332 0 0 2 0 1
333 0 0 2 0 1
334 0 0 2 0 1
335 0 0 2 0 1
336 0 0 2 0 1
337 0 0 2 0 1
338 0 0 2 0 1
339 0 0 2 0 0
340 0 0 2 0 0
341 0 0 2 0 0
342 0 0 2 0 1
343 0 0 2 0 1
344 0 0 2 0 1
345 0 0 2 0 1
346 0 0 2 0 1
347 0 0 2 0 1
348 0 0 2 0 1
349 0 0 2 0 1
350 0 0 2 0 1
351 0 0 2 0 1
352 0 0 2 0 1
353 0 0 2 0 1
354 0 0 2 0 1
355 0 0 2 0 1
356 0 0 2 0 1
357 0 0 2 0 1
358 0 0 2 0 1
359 0 0 2 0 1
360 0 0 2 0 1
361 0 0 2 0 1
362 0 0 2 0 1
363 0 0 2 0 1
364 0 0 2 0 1
365 0 0 2 0 1
366 0 0 2 0 1
367 0 0 2 0 1
368 0 0 2 0 1
369 0 0 2 0 1
370 0 0 2 0 1
371 0 0 2 0 1
372 0 0 2 0 1
373 0 0 2 0 1
374 0 0 2 0 1
375 0 0 2 0 1
376 0 0 2 0 1
377 0 0 2 0 1
378 0 0 2 0 1
379 0 2 2 0 1
380 0 0 2 0 1
381 0 0 2 0 1
382 0 0 2 0 1
383 0 0 2 0 1
384 0 0 2 0 1
385 0 0 2 0 1
386 0 0 2 0 1
387 0 0 2 0 1
388 0 0 2 0 1
389 0 0 2 0 1
390 0 0 2 0 1
391 0 0 2 0 1
392 0 0 2 0 1
393 2 0 2 0 1
394 2 0 2 0 1
395 2 0 2 0 1
396 2 0 2 0 2
397 2 0 2 0 1
398 2 0 2 0 1
399 2 0 2 0 1
400 2 0 2 0 1
401 2 0 2 0 2
402 2 0 2 0 2
403 2 0 2 0 2
404 0 0 2 0 1
405 2 0 2 0 1
406 2 0 2 0 1
407 2 0 2 0 2
408 2 0 2 0 1
409 2 0 2 0 1
410 2 0 2 0 1
411 2 0 2 0 1
412 3 0 2 0 1
413 2 0 2 0 1
414 2 0 2 0 2
415 2 0 2 0 1
416 2 0 2 0 1
417 2 0 2 0 1
418 2 0 2 0 2
419 2 0 2 0 1
420 2 0 2 0 1
421 2 0 2 0 1
422 2 0 2 0 1
423 2 0 2 0 1
424 2 0 2 0 1
425 2 0 2 0 1
426 2 0 2 0 1
427 2 0 2 0 1
428 2 0 2 0 2
429 2 0 2 0 1
430 2 0 2 0 1
431 2 0 2 0 1
432 2 0 2 0 1
433 2 0 2 0 1
434 0 2 2 0 1
435 0 2 2 0 1
436 0 2 2 0 1
437 0 2 2 0 1
438 0 2 2 0 1
439 0 2 2 0 1
440 0 2 2 0 1
441 0 2 2 0 1
442 0 2 2 0 1
443 0 2 2 0 1
444 0 2 2 0 1
445 0 2 2 0 1
446 0 2 2 0 1
447 2 0 2 0 1
448 2 0 2 0 1
449 2 0 2 0 1
450 2 0 2 0 1
451 2 0 2 0 1
452 2 0 2 0 1
453 2 0 2 0 1
454 2 0 2 0 1
455 2 0 2 0 1
456 2 0 2 0 1
457 2 0 2 0 1
458 2 0 2 0 1
459 2 0 2 0 1
460 2 0 2 0 1
461 2 0 2 0 1
462 2 0 2 0 1
463 2 0 2 0 1
464 2 0 2 0 1
465 2 0 2 0 1
466 2 0 2 0 2
467 2 0 2 0 2
468 2 0 2 0 2
469 2 0 2 0 1
470 2 0 2 0 1
471 2 0 2 0 2
472 2 0 2 0 1
473 2 0 3 0 1
474 2 0 3 0 1
475 2 0 3 0 1
476 2 0 3 0 1
477 0 0 3 0 0
478 2 0 3 0 1
479 2 0 3 0 1
480 2 0 0 3 1
481 2 0 0 3 1
482 2 0 0 3 1
483 2 0 0 3 1
484 2 0 0 3 1
485 2 0 0 3 1
486 0 0 0 3 0
487 2 0 0 3 1
488 2 0 0 3 1
489 2 0 0 2 1
490 2 0 0 2 1
491 2 0 0 2 1
492 2 0 0 2 1
493 2 0 0 2 1
494 0 0 0 2 0
495 2 0 0 2 1
496 2 0 0 2 1
497 2 0 0 2 1
498 2 0 0 2 1
499 2 0 0 2 1
500 2 0 0 2 1
501 2 0 0 3 1
502 2 0 0 2 1
503 0 0 0 3 0
504 2 0 0 3 1
505 2 0 0 3 1
506 2 0 0 3 1
507 2 0 0 0 1
508 2 0 0 0 1
509 2 0 0 0 1
510 2 0 0 0 1
511 2 0 0 0 1
512 2 0 0 0 0
513 2 0 0 0 0
514 2 0 0 0 0
515 2 0 0 0 0
516 2 0 0 0 0
517 2 0 0 0 0
518 2 0 0 0 0
519 2 0 0 0 0
520 2 0 0 0 0
521 2 0 0 0 0
522 2 0 0 0 0
523 2 0 0 0 0
524 2 0 0 0 0
525 2 0 0 0 0
526 2 0 0 0 0
527 2 0 0 0 0
528 2 0 0 0 0
529 0 0 0 0 0
530 2 0 0 0 0
531 2 0 0 0 0
532 2 0 0 0 0
533 2 0 0 0 0
534 2 0 0 0 0
535 2 0 0 0 0
536 2 0 0 0 0
537 2 0 0 0 0
538 2 0 0 0 0
539 2 0 0 0 0
540 2 0 0 0 0
541 2 0 0 0 0
542 2 0 0 0 0
543 0 0 0 0 0
544 2 0 0 0 1
545 2 0 0 0 0
546 2 0 0 0 0
547 2 0 0 0 0
548 2 0 0 0 1
549 2 0 0 0 0
550 2 0 0 0 0
551 0 0 0 0 0
552 0 0 0 0 0
553 0 0 0 0 0
554 2 0 0 0 1
555 0 0 0 0 0
556 2 0 0 0 1
557 0 0 0 0 0
558 0 0 0 0 0
559 0 0 0 0 0
560 0 0 0 0 0
561 0 0 0 0 0
562 0 0 0 0 0
563 0 0 0 0 0
564 0 0 0 0 0
565 0 0 0 0 0
566 0 0 0 0 0
567 0 0 0 0 0
568 0 0 0 0 0
569 0 0 0 0 0
570 0 0 0 0 0
571 0 0 0 0 0
572 0 0 0 0 0
573 0 0 0 0 0
574 0 0 0 0 0
575 0 0 0 0 0
576 0 0 0 0 0
577 0 0 0 0 0
578 0 0 0 0 0
579 0 0 0 0 0
580 0 0 0 0 0
581 0 0 0 0 0
582 0 0 0 0 0
583 0 0 0 0 0
584 0 0 0 0 0
585 0 0 0 0 0
586 0 0 0 0 0
587 0 0 0 0 0
588 2 0 0 0 0
589 2 0 0 0 0
590 2 0 0 0 0
591 2 0 0 0 0
592 2 0 0 0 0
593 2 0 0 0 0
594 2 0 0 0 0
595 3 0 0 0 0
596 3 0 0 0 0
597 2 0 0 0 0
598 2 0 0 0 1
599 2 0 0 3 0
600 2 0 0 2 1
601 2 0 0 3 1
602 2 0 0 3 1
603 2 0 0 0 1
604 2 0 0 0 1
605 2 0 0 0 1
606 2 0 0 0 1
607 2 0 0 0 1
608 2 0 0 0 1
609 2 0 0 0 1
610 2 0 0 0 1
611 2 0 0 0 1
612 2 0 0 0 1
613 2 0 0 0 1
614 2 0 0 0 1
615 2 0 0 0 1
616 2 0 3 0 1
617 2 0 3 0 1
618 2 0 0 0 1
619 2 0 0 0 1
620 2 0 0 0 1
621 2 0 0 0 1
622 2 0 0 0 1
623 2 0 0 0 0
624 2 0 2 0 0
625 2 0 0 2 0
626 2 0 0 2 1
627 0 0 0 2 0
628 3 0 0 2 0
629 3 0 0 2 0
630 3 0 0 2 0
631 3 0 0 2 0
632 3 0 0 2 0
633 3 0 0 2 0
634 3 0 0 3 0
635 2 0 0 3 1
636 2 0 0 3 1
637 2 0 0 2 1
638 2 0 0 3 1
639 2 0 0 3 1
640 2 0 3 0 1
641 2 0 3 0 1
642 2 0 3 0 1
643 2 0 0 0 1
644 2 0 3 0 1
645 2 0 3 0 1
646 2 0 3 0 1
647 2 0 2 0 1
648 2 0 2 0 1
649 2 0 2 0 1
650 2 0 2 0 1
651 2 0 2 0 1
652 2 0 2 0 1
653 2 0 2 0 1
654 2 0 2 0 1
655 2 0 2 0 1
656 2 0 2 0 1
657 2 0 2 0 1
658 2 0 2 0 1
659 2 0 2 0 1
660 2 0 2 0 1
661 2 0 2 0 1
662 2 0 2 0 1
663 2 0 2 0 1
664 2 0 2 0 1
665 2 0 2 0 1
666 2 0 2 0 1
667 2 0 2 0 1
668 2 0 2 0 1
669 2 0 2 0 1
670 2 0 2 0 1
671 2 0 2 0 1
672 2 0 2 0 1
673 2 0 2 0 1
674 2 0 2 0 1
675 2 0 2 0 1
676 3 0 2 0 1
677 3 0 2 0 1
678 2 0 2 0 1
679 2 0 2 0 1
680 2 0 2 0 1
681 3 0 2 0 1
682 3 0 2 0 1
683 3 0 2 0 1
684 3 0 2 0 1
685 2 0 2 0 1
686 3 0 2 0 1
687 3 0 2 0 1
688 2 0 2 0 1
689 2 0 2 0 1
690 3 0 2 0 1
691 3 0 2 0 1
692 2 0 2 0 1
693 3 0 2 0 1
694 3 0 2 0 1
695 3 0 2 0 1
696 3 0 2 0 1
697 3 0 2 0 1
698 3 0 2 0 1
699 2 0 2 0 1
700 3 0 2 0 1
701 3 0 2 0 1
702 3 0 2 0 1
703 3 0 2 0 0
704 3 0 2 0 0
705 0 3 2 0 0
706 0 3 2 0 0
707 0 3 2 0 0
708 0 3 2 0 0
709 0 3 2 0 0
710 0 3 2 0 0
711 0 3 2 0 0
712 0 3 2 0 0
713 0 3 2 0 0
714 0 3 2 0 1
715 0 3 2 0 0
716 0 3 2 0 1
717 0 3 2 0 0
718 0 3 2 0 1
719 0 3 2 0 0
720 0 3 2 0 0
721 0 3 2 0 0
722 0 3 2 0 0
723 0 3 2 0 0
724 0 3 2 0 0
725 0 3 2 0 0
726 0 3 2 0 0
727 0 3 2 0 0
728 0 3 2 0 1
729 0 3 2 0 1
730 0 3 2 0 1
731 0 0 2 0 1
732 0 3 2 0 1
733 0 3 2 0 1
734 0 0 2 0 1
735 0 0 2 0 1
736 0 0 2 0 1
737 3 0 2 0 1
738 0 0 2 0 1
739 3 0 2 0 1
740 3 0 2 0 1
741 3 0 2 0 1
742 3 0 2 0 1
743 3 0 2 0 1
744 3 0 2 0 1
745 3 0 2 0 1
746 3 0 2 0 1
747 3 0 2 0 1
748 3 0 2 0 1
749 3 0 2 0 1
750 3 0 2 0 1
751 3 0 2 0 1
752 3 0 2 0 1
753 3 0 2 0 1
754 3 0 2 0 1
755 3 0 2 0 1
756 3 0 2 0 1
757 3 0 2 0 1
758 3 0 2 0 1
759 3 0 2 0 1
760 3 0 2 0 1
761 3 0 2 0 1
762 3 0 2 0 1
763 3 0 2 0 1
764 3 0 0 0 0
765 3 0 2 0 1
766 3 0 2 0 1
767 3 0 2 0 1
768 3 0 2 0 1
769 3 0 2 0 1
770 3 0 2 0 1
771 3 0 2 0 1
772 3 0 0 0 0
773 3 0 2 0 1
774 3 0 2 0 1
775 3 0 2 0 1
776 3 0 2 0 1
777 3 0 2 0 1
778 3 0 2 0 1
779 3 0 2 0 1
780 3 0 2 0 1
781 3 0 2 0 1
782 3 0 2 0 1
783 3 0 2 0 1
784 3 0 2 0 1
785 3 0 2 0 1
786 3 0 2 0 1
787 3 0 2 0 1
788 3 0 2 0 1
789 3 0 2 0 1
790 3 0 2 0 1
791 3 0 2 0 1
792 3 0 2 0 1
793 3 0 2 0 1
794 3 0 2 0 1
795 3 0 2 0 1
796 3 0 2 0 1
797 3 0 2 0 1
798 3 0 2 0 1
799 3 0 2 0 1
800 3 0 2 0 1
801 3 0 2 0 1
802 3 0 2 0 1
803 3 0 2 0 1
804 3 0 2 0 1
805 3 0 2 0 1
806 3 0 2 0 1
807 3 0 2 0 1
808 3 0 2 0 1
809 3 0 2 0 1
810 3 0 2 0 1
811 3 0 2 0 1
812 3 0 2 0 1
813 3 0 2 0 1
814 3 0 2 0 0
815 3 0 2 0 1
816 3 0 2 0 0
817 3 0 2 0 0
818 3 0 2 0 1
819 3 0 2 0 0
820 3 0 2 0 1
821 3 0 2 0 0
822 3 0 2 0 1
823 3 0 2 0 1
824 3 0 2 0 1
825 3 0 2 0 0
826 3 0 2 0 1
827 3 0 2 0 1
828 3 0 2 0 1
829 3 0 2 0 1
830 3 0 2 0 1
831 3 0 2 0 1
832 3 0 2 0 0
833 3 0 2 0 0
834 3 0 2 0 0
835 3 0 2 0 1
836 3 0 2 0 1
837 3 0 2 0 0
838 3 0 2 0 0
839 3 0 2 0 0
840 3 0 2 0 0
841 3 0 2 0 0
842 3 0 2 0 0
843 3 0 2 0 0
844 3 0 2 0 0
845 3 0 2 0 0
846 3 0 2 0 1
847 3 0 2 0 1
848 3 0 2 0 0
849 3 0 2 0 0
850 3 0 2 0 1
851 3 0 2 0 1
852 3 0 2 0 1
853 3 0 2 0 1
854 3 0 2 0 1
855 3 0 2 0 0
856 3 0 2 0 1
857 3 0 2 0 1
858 3 0 2 0 1
859 3 0 2 0 0
860 3 0 2 0 1
861 0 0 2 0 1
862 3 0 2 0 1
863 0 0 2 0 1
864 0 0 2 0 1
865 0 0 2 0 1
866 0 0 2 0 1
867 0 0 2 0 1
868 0 0 2 0 1
869 0 0 2 0 1
870 0 0 2 0 1
871 0 0 2 0 1
872 0 0 2 0 1
873 0 3 2 0 1
874 0 3 2 0 1
875 0 3 2 0 1
876 0 3 2 0 0
877 0 3 2 0 1
878 0 3 2 0 1
879 0 0 2 0 0
880 0 0 2 0 1
881 0 0 2 0 1
882 0 0 2 0 1
883 0 0 2 0 1
884 0 0 2 0 1
885 0 0 2 0 1
886 0 0 2 0 1
887 0 0 2 0 0
888 0 0 2 0 1
889 0 0 2 0 1
890 0 0 2 0 1
891 0 0 2 0 1
892 3 0 2 0 1
893 3 0 2 0 1
894 3 0 2 0 1
895 3 0 2 0 1
896 3 0 2 0 1
897 3 0 2 0 1
898 3 0 2 0 1
899 3 0 2 0 1
900 2 0 2 0 1
901 2 0 2 0 1
902 2 0 2 0 1
903 3 0 2 0 1
904 3 0 2 0 1
905 0 0 2 0 1
906 3 0 2 0 1
907 2 0 2 0 2
908 3 0 2 0 1
909 0 0 2 0 1
910 0 0 2 0 1
911 0 3 2 0 1
912 0 2 2 0 1
913 0 2 2 0 1
914 0 3 2 0 1
915 0 2 2 0 1
916 0 2 2 0 1
917 0 2 2 0 1
918 0 2 2 0 1
919 0 2 2 0 1
920 0 2 2 0 1
921 0 2 2 0 1
922 0 2 2 0 1
923 0 2 2 0 1
924 0 2 2 0 1
925 2 0 2 0 2
926 2 0 2 0 2
927 2 0 2 0 2
928 2 0 2 0 2
929 2 0 2 0 2
930 2 0 2 0 2
931 2 0 2 0 2
932 2 0 2 0 2
933 2 0 2 0 2
934 2 0 2 0 2
935 2 0 2 0 2
936 2 0 2 0 2
937 2 0 2 0 2
938 2 0 2 0 2
939 2 0 2 0 2
940 2 0 2 0 2
941 2 0 2 0 1
942 2 0 2 0 1
943 2 0 2 0 0
944 2 0 2 0 1
945 2 0 2 0 0
946 3 0 2 0 0
947 2 0 2 0 0
948 3 0 2 0 0
949 2 0 2 0 1
950 2 0 2 0 0
951 2 0 2 0 1
952 2 0 2 0 1
953 2 0 2 0 0
954 2 0 2 0 0
955 2 0 2 0 0
956 2 0 2 0 1
957 2 0 2 0 0
958 2 0 2 0 0
959 2 0 2 0 0
960 2 0 2 0 0
961 2 0 2 0 0
962 2 0 2 0 0
963 2 0 2 0 0
964 3 0 2 0 0
965 2 0 2 0 0
966 3 0 2 0 1
967 2 0 2 0 1
968 2 0 2 0 1
969 2 0 2 0 1
970 3 0 2 0 1
971 3 0 2 0 1
972 3 0 2 0 1
973 2 0 2 0 1
974 3 0 2 0 1
975 3 0 2 0 1
976 3 0 2 0 1
977 3 0 2 0 1
978 3 0 2 0 1
979 3 0 2 0 1
980 3 0 3 0 0
981 3 0 3 0 0
982 3 0 2 0 1
983 3 0 2 0 1
984 3 0 2 0 1
985 3 0 3 0 0
986 3 0 2 0 1
987 3 0 3 0 0
988 2 0 3 0 1
989 2 0 3 0 1
990 2 0 3 0 1
991 2 0 3 0 1
992 2 0 0 0 1
993 2 0 0 0 1
994 2 0 0 0 1
995 3 0 0 0 0
996 3 0 0 0 0
997 2 0 0 0 1
998 2 0 0 0 1
999 2 0 3 0 1
1000 2 0 0 0 1
1001 2 0 0 0 1
1002 2 0 0 0 1
1003 2 0 0 0 1
1004 2 0 0 0 1
1005 2 0 2 0 2
1006 2 0 3 0 1
1007 2 0 2 0 1
1008 2 0 2 0 1
1009 2 0 2 0 1
1010 0 0 2 0 0
1011 2 0 2 0 0
1012 2 0 2 0 0
1013 2 0 2 0 0
1014 0 0 3 0 0
1015 0 0 2 0 1
1016 2 0 2 0 2
1017 2 0 2 0 1
1018 2 0 2 0 1
1019 2 0 2 0 0
1020 2 0 2 0 1
1021 2 0 2 0 1
1022 2 0 2 0 0
1023 0 0 2 0 0
1024 2 0 2 0 0
1025 0 0 2 0 0
1026 2 0 3 0 1
1027 2 0 3 0 0
1028 2 0 2 0 0
1029 0 0 2 0 0
1030 2 0 2 0 0
1031 2 0 3 0 0
1032 2 0 3 0 0
1033 2 0 2 0 0
1034 0 0 3 0 0
1035 2 0 3 0 0
1036 2 0 2 0 0
1037 0 0 2 0 0
1038 2 0 2 0 1
1039 2 0 2 0 0
1040 2 0 2 0 0
1041 2 0 2 0 0
1042 2 0 2 0 0
1043 2 0 2 0 0
1044 2 0 2 0 0
1045 2 0 2 0 0
1046 2 0 2 0 0
1047 0 0 2 0 1
1048 2 0 2 0 1
1049 0 0 2 0 0
1050 2 0 2 0 1
1051 2 0 2 0 1
1052 2 0 2 0 0
1053 2 0 2 0 0
1054 2 0 2 0 0
1055 2 0 3 0 0
1056 2 0 3 0 0
1057 2 0 0 0 0
1058 2 0 0 0 1
1059 2 0 0 0 1
1060 2 0 0 0 0
1061 2 0 0 0 0
1062 2 0 0 0 1
1063 2 0 0 0 0
1064 2 0 0 0 0
1065 2 0 0 0 0
1066 2 0 0 0 0
1067 2 0 0 0 0
1068 2 0 0 0 0
1069 2 0 0 0 1
1070 2 0 0 0 0
1071 2 0 0 0 0
1072 2 0 0 0 0
1073 2 0 0 0 0
1074 2 0 0 0 0
1075 2 0 0 0 0
1076 2 0 0 0 0
1077 2 0 0 0 0
1078 2 0 0 0 0
1079 2 0 0 0 0
1080 2 0 0 0 0
1081 2 0 0 0 0
1082 2 0 0 0 0
1083 2 0 0 0 0
1084 2 0 0 0 0
1085 2 0 0 0 0
1086 2 0 0 0 0
1087 2 0 0 0 0
1088 2 0 0 0 0
1089 2 0 0 0 0
1090 2 0 0 0 0
1091 0 0 0 0 0
1092 2 0 0 0 0
1093 2 0 0 0 0
1094 2 0 0 0 0
1095 0 0 0 0 0
1096 2 0 0 0 0
1097 2 0 0 0 0
1098 2 0 0 0 0
1099 2 0 0 0 0
1100 2 0 0 0 0
1101 2 0 0 0 0
1102 2 0 0 0 0
1103 2 0 0 0 0
1104 2 0 0 0 0
1105 2 0 0 0 0
1106 2 0 0 0 0
1107 2 0 0 0 0
1108 2 0 0 0 0
1109 2 0 0 0 0
1110 2 0 0 0 0
1111 2 0 0 0 0
1112 2 0 0 0 0
1113 2 0 0 0 0
1114 2 0 0 0 0
1115 2 0 2 0 0
1116 2 0 0 0 0
1117 2 0 0 0 0
1118 2 0 0 0 0
1119 2 0 0 0 0
1120 2 0 0 0 1
1121 2 0 0 0 1
1122 2 0 0 0 1
1123 2 0 2 0 1
1124 2 0 0 0 1
1125 2 0 0 0 1
1126 2 0 0 0 1
1127 2 0 0 0 1
1128 2 0 0 0 1
1129 2 0 0 0 1
1130 2 0 3 0 1
1131 0 0 3 0 0
1132 2 0 3 0 1
1133 2 0 3 0 1
1134 2 0 3 0 1
1135 2 0 3 0 1
1136 2 0 3 0 1
1137 2 0 3 0 1
1138 2 0 3 0 1
1139 2 0 3 0 1
1140 2 0 2 0 1
1141 2 0 2 0 1
1142 2 0 3 0 1
1143 2 0 3 0 1
1144 2 0 2 0 1
1145 2 0 2 0 1
1146 0 0 2 0 1
1147 0 0 2 0 1
1148 0 0 2 0 1
1149 2 0 3 0 1
1150 2 0 2 0 1
1151 0 0 2 0 1
1152 3 0 3 0 0
1153 3 0 3 0 0
1154 0 0 3 0 0
1155 0 0 2 0 1
1156 0 0 2 0 1
1157 2 0 2 0 1
1158 2 0 2 0 1
1159 0 0 2 0 1
1160 0 0 2 0 1
1161 0 0 2 0 1
1162 0 0 2 0 1
1163 2 0 2 0 1
1164 2 0 2 0 1
1165 2 0 2 0 1
1166 2 0 2 0 1
1167 2 0 2 0 1
1168 2 0 2 0 1
1169 2 0 2 0 1
1170 2 0 2 0 1
1171 2 0 2 0 1
1172 2 0 2 0 1
1173 2 0 2 0 1
1174 2 0 2 0 1
1175 2 0 2 0 1
1176 2 0 2 0 1
1177 2 0 2 0 1
1178 2 0 2 0 1
1179 2 0 2 0 1
1180 2 0 2 0 1
1181 0 0 2 0 1
1182 0 0 2 0 1
1183 0 0 2 0 1
1184 0 0 2 0 1
1185 0 0 2 0 1
1186 2 0 2 0 1
1187 2 0 2 0 1
1188 2 0 2 0 1
1189 2 0 2 0 1
1190 2 0 2 0 1
1191 2 0 2 0 1
1192 2 0 2 0 1
1193 2 0 2 0 1
1194 2 0 2 0 1
1195 2 0 2 0 1
1196 2 0 2 0 1
1197 2 0 2 0 1
1198 2 0 2 0 1
1199 2 0 2 0 1
1200 2 0 2 0 1
1201 2 0 2 0 0
1202 0 0 2 0 1
1203 0 0 2 0 0
1204 2 0 2 0 1
1205 2 0 2 0 1
1206 2 0 2 0 1
1207 2 0 2 0 1
1208 2 0 2 0 1
1209 2 0 2 0 0
1210 2 0 2 0 0
1211 2 0 2 0 0
1212 2 0 2 0 0
1213 2 0 2 0 0
1214 2 0 2 0 0
1215 2 0 2 0 0
1216 2 0 2 0 0
1217 2 0 2 0 0
1218 2 0 2 0 0
1219 2 0 2 0 0
1220 2 0 2 0 0
1221 2 0 2 0 0
1222 2 0 2 0 0
1223 2 0 2 0 0
1224 2 0 2 0 0
1225 2 0 2 0 0
1226 2 0 2 0 0
1227 2 0 2 0 0
1228 2 0 2 0 0
1229 2 0 2 0 0
1230 2 0 2 0 0
1231 2 0 2 0 0
1232 2 0 2 0 1
1233 2 0 2 0 1
1234 2 0 2 0 0
1235 2 0 2 0 1
1236 2 0 2 0 1
1237 2 0 2 0 1
1238 2 0 2 0 1
1239 2 0 2 0 1
1240 2 0 2 0 1
1241 2 0 2 0 1
1242 2 0 2 0 1
1243 2 0 2 0 1
1244 2 0 2 0 1
1245 2 0 2 0 0
1246 2 0 2 0 0
1247 2 0 2 0 1
1248 2 0 2 0 1
1249 2 0 2 0 1
1250 2 0 2 0 0
1251 2 0 2 0 0
1252 2 0 2 0 0
1253 2 0 2 0 1
1254 2 0 2 0 0
1255 2 0 2 0 0
1256 2 0 2 0 0
1257 2 0 2 0 0
1258 2 0 2 0 0
1259 2 0 2 0 0
1260 2 0 2 0 0
1261 2 0 2 0 0
1262 2 0 2 0 0
1263 2 0 2 0 0
1264 2 0 2 0 0
1265 2 0 2 0 0
1266 2 0 2 0 0
1267 2 0 2 0 0
1268 2 0 2 0 0
1269 2 0 2 0 0
1270 2 0 2 0 1
1271 2 0 2 0 0
1272 2 0 2 0 0
1273 2 0 2 0 0
1274 2 0 2 0 1
1275 2 0 2 0 1
1276 2 0 2 0 1
1277 2 0 2 0 1
1278 2 0 2 0 1
1279 2 0 2 0 1
1280 2 0 2 0 1
1281 0 0 2 0 1
1282 0 0 2 0 1
1283 0 0 2 0 1
1284 0 0 2 0 1
1285 0 0 2 0 1
1286 0 2 2 0 1
1287 0 0 2 0 1
1288 0 0 2 0 1
1289 0 0 2 0 1
1290 0 0 2 0 1
1291 0 0 2 0 1
1292 0 0 2 0 1
1293 0 0 2 0 1
1294 0 0 2 0 1
1295 0 0 2 0 1
1296 0 0 2 0 1
1297 0 0 2 0 1
1298 0 0 2 0 1
1299 0 0 2 0 1
1300 0 0 2 0 1
1301 0 0 2 0 1
1302 0 0 2 0 1
1303 0 0 2 0 1
1304 0 0 2 0 1
1305 0 0 2 0 1
1306 0 0 2 0 1
1307 0 0 2 0 1
1308 0 0 2 0 1
1309 0 0 2 0 1
1310 0 0 2 0 1
1311 0 0 2 0 1
1312 0 0 2 0 1
1313 0 0 2 0 1
1314 0 0 2 0 1
1315 0 0 2 0 1
1316 0 0 2 0 1
1317 0 0 2 0 1
1318 0 0 2 0 1
1319 0 0 2 0 1
1320 0 0 2 0 1
1321 0 0 2 0 1
1322 0 0 2 0 1
1323 0 0 2 0 1
1324 0 0 2 0 1
1325 0 0 2 0 0
1326 0 0 2 0 1
1327 0 0 2 0 1
1328 0 0 2 0 1
1329 0 0 2 0 1
1330 0 0 2 0 1
1331 0 0 2 0 1
1332 0 0 2 0 1
1333 0 0 2 0 1
1334 0 0 2 0 1
1335 0 0 2 0 1
1336 0 0 2 0 1
1337 0 0 2 0 1
1338 0 0 2 0 1
1339 0 0 2 0 1
1340 0 0 2 0 1
1341 0 0 2 0 1
1342 0 0 2 0 1
1343 0 0 2 0 1
1344 0 0 2 0 1
1345 0 0 2 0 1
1346 0 0 2 0 1
1347 0 0 2 0 1
1348 0 0 2 0 1
1349 0 0 2 0 1
1350 0 0 2 0 1
1351 0 0 2 0 1
1352 0 0 2 0 1
1353 0 0 2 0 1
1354 0 0 2 0 1
1355 0 0 2 0 1
1356 0 0 2 0 1
1357 0 0 2 0 1
1358 0 0 2 0 1
1359 0 0 2 0 1
1360 0 0 2 0 1
1361 0 0 2 0 1
1362 0 0 2 0 1
1363 0 0 2 0 1
1364 0 0 2 0 1
1365 0 0 2 0 1
1366 0 0 2 0 1
1367 0 0 2 0 1
1368 0 0 2 0 1
1369 0 0 2 0 1
1370 0 0 2 0 1
1371 0 0 2 0 1
1372 0 0 2 0 1
1373 0 0 2 0 1
1374 0 0 2 0 1
1375 0 0 2 0 1
1376 0 0 2 0 1
1377 0 0 2 0 1
1378 0 0 2 0 1
1379 0 0 2 0 1
1380 0 0 2 0 1
1381 0 0 2 0 1
1382 0 0 2 0 1
1383 0 0 2 0 1
1384 0 0 2 0 1
1385 0 0 2 0 1
1386 0 0 2 0 1
1387 0 3 2 0 1
1388 0 2 2 0 1
1389 0 0 2 0 1
1390 0 0 2 0 1
1391 0 3 2 0 1
1392 0 0 2 0 1
1393 0 0 2 0 1
1394 0 0 2 0 1
1395 0 0 2 0 1
1396 0 0 2 0 1
1397 0 0 2 0 1
1398 0 0 2 0 1
1399 0 0 2 0 1
1400 0 0 2 0 1
1401 0 0 2 0 1
1402 0 0 2 0 1
1403 0 0 2 0 0
1404 0 0 2 0 1
1405 0 0 2 0 1
1406 0 0 2 0 0
1407 0 0 2 0 0
1408 0 0 2 0 1
1409 0 0 2 0 1
1410 0 0 2 0 1
1411 0 0 2 0 1
1412 0 0 2 0 1
1413 0 0 2 0 1
1414 0 0 2 0 1
1415 0 0 2 0 1
1416 0 0 2 0 1
1417 0 0 2 0 1
1418 0 0 2 0 1
1419 0 0 2 0 1
1420 0 0 2 0 1
1421 0 0 2 0 1
1422 0 0 2 0 1
1423 0 0 2 0 1
1424 0 0 2 0 1
1425 0 0 2 0 1
1426 0 0 2 0 1
1427 0 0 2 0 1
1428 0 0 2 0 1
1429 0 0 2 0 1
1430 0 0 2 0 1
1431 0 0 2 0 1
1432 0 0 2 0 1
1433 0 0 2 0 1
1434 0 0 2 0 1
1435 0 0 2 0 1
1436 0 3 2 0 1
1437 0 0 2 0 1
1438 0 0 2 0 1
1439 0 0 2 0 1
1440 0 0 2 0 1
1441 0 0 2 0 1
1442 0 0 2 0 1
1443 0 0 2 0 1
1444 0 0 2 0 1
1445 0 2 2 0 1
1446 0 3 2 0 1
1447 0 3 2 0 1
1448 0 2 2 0 1
1449 0 0 2 0 1
1450 0 3 2 0 1
1451 0 3 2 0 1
1452 0 2 2 0 1
1453 0 2 2 0 1
1454 0 2 2 0 1
1455 0 2 2 0 1
1456 0 2 2 0 1
1457 0 3 2 0 1
1458 0 2 2 0 1
1459 0 2 2 0 0
1460 0 2 2 0 1
1461 0 2 2 0 1
1462 0 2 2 0 1
1463 0 2 2 0 1
1464 0 2 2 0 1
1465 0 2 2 0 1
1466 0 2 2 0 1
1467 0 2 2 0 1
1468 0 2 2 0 1
1469 0 2 2 0 1
1470 0 2 2 0 1
1471 0 2 2 0 1
1472 0 2 2 0 1
1473 0 2 2 0 1
1474 0 2 2 0 1
1475 0 2 2 0 1
1476 0 2 2 0 1
1477 0 2 2 0 1
1478 0 2 2 0 1
1479 0 2 2 0 1
1480 0 2 2 0 1
1481 0 2 2 0 1
1482 0 2 2 0 1
1483 0 2 2 0 1
1484 0 2 2 0 1
1485 0 2 2 0 1
1486 0 2 2 0 1
1487 0 2 2 0 1
1488 0 2 2 0 1
1489 0 3 2 0 1
1490 0 2 2 0 1
1491 0 2 2 0 1
1492 0 2 2 0 1
1493 0 2 2 0 1
1494 0 2 2 0 1
1495 0 2 2 0 1
1496 0 2 2 0 1
1497 0 2 2 0 1
1498 0 2 2 0 1
1499 0 2 2 0 1
1500 0 2 2 0 1
1501 0 2 2 0 1
1502 0 2 2 0 1
1503 0 2 2 0 1
1504 0 2 2 0 1
1505 2 0 2 0 1
1506 2 0 2 0 1
1507 2 0 2 0 1
1508 2 0 2 0 1
1509 2 0 2 0 1
1510 2 0 2 0 1
1511 2 0 2 0 1
1512 2 0 2 0 1
1513 2 0 2 0 1
1514 2 0 2 0 1
1515 2 0 2 0 1
1516 2 0 2 0 1
1517 2 0 2 0 1
1518 2 0 2 0 1
1519 2 0 2 0 1
1520 2 0 2 0 1
1521 2 0 2 0 1
1522 2 0 2 0 1
1523 2 0 2 0 1
1524 2 0 2 0 1
1525 2 0 2 0 1
1526 2 0 2 0 1
1527 2 0 2 0 1
1528 2 0 2 0 1
1529 2 0 2 0 1
1530 2 0 2 0 1
1531 2 0 2 0 1
1532 2 0 3 0 1
1533 3 0 2 0 1
1534 2 0 3 0 1
1535 2 0 3 0 1
1536 2 0 3 0 1
1537 3 0 3 0 0
1538 0 0 3 0 0
1539 0 0 3 0 0
1540 2 0 3 0 1
1541 2 0 3 0 1
1542 2 0 3 0 1
1543 2 0 3 0 1
1544 2 0 3 0 1
1545 2 0 3 0 1
1546 2 0 3 0 1
1547 0 0 3 0 0
1548 2 0 3 0 1
1549 2 0 3 0 1
1550 2 0 2 0 1
1551 2 0 2 0 0
1552 2 0 2 0 2
1553 2 0 0 0 1
1554 2 0 3 0 1
1555 2 0 0 0 1
1556 2 0 0 0 1
1557 2 0 0 0 1
1558 2 0 0 0 1
1559 2 0 0 0 0
1560 2 0 0 0 1
1561 2 0 0 0 1
1562 0 0 0 0 0
1563 2 0 0 0 0
1564 0 0 0 0 0
1565 0 0 0 0 0
1566 2 0 0 0 1
1567 2 0 0 0 1
1568 2 0 0 0 1
1569 2 0 0 0 0
1570 2 0 0 0 0
1571 2 0 0 0 0
1572 2 0 0 0 0
1573 2 0 0 0 1
1574 2 0 0 0 1
1575 2 0 0 0 1
1576 2 0 0 0 1
1577 2 0 0 0 1
1578 2 0 0 0 0
1579 2 0 0 0 1
1580 2 0 0 0 0
1581 2 0 0 0 0
1582 2 0 0 0 0
1583 2 0 0 0 0
1584 2 0 0 0 0
1585 2 0 0 0 0
1586 2 0 0 0 0
1587 2 0 0 0 0
1588 2 0 0 0 0
1589 2 0 0 0 0
1590 2 0 0 0 0
1591 2 0 0 0 0
1592 2 0 0 0 0
1593 2 0 0 0 0
1594 2 0 0 0 0
1595 0 0 0 0 0
1596 2 0 0 0 0
1597 2 0 0 0 0
1598 2 0 0 0 0
1599 2 0 0 0 0
1600 2 0 0 0 0
1601 2 0 0 0 0
1602 2 0 0 0 0
1603 2 0 0 0 0
1604 2 0 0 0 0
1605 2 0 0 0 0
1606 2 0 0 0 0
1607 2 0 0 0 0
1608 2 0 0 0 0
1609 2 0 0 0 0
1610 2 0 0 0 0
1611 2 0 0 0 0
1612 2 0 0 0 0
1613 0 0 0 0 0
1614 0 0 0 0 0
1615 0 0 0 0 0
1616 0 0 0 0 0
1617 0 0 0 0 0
1618 2 0 0 0 0
1619 2 0 0 0 0
1620 2 0 0 0 0
1621 2 0 0 0 0
1622 2 0 0 0 0
1623 0 0 0 0 0
1624 2 0 0 0 0
1625 2 0 0 0 0
1626 0 0 0 0 0
1627 2 0 0 0 0
1628 2 0 0 0 0
1629 0 0 0 0 0
1630 2 0 0 0 0
1631 0 0 0 0 0
1632 2 0 0 0 0
1633 2 0 0 0 0
1634 2 0 0 0 0
1635 2 0 0 0 0
1636 2 0 0 0 0
1637 2 0 0 0 0
1638 0 0 0 0 0
1639 2 0 0 0 0
1640 2 0 0 0 0
1641 2 0 0 0 0
1642 2 0 0 0 0
1643 2 0 0 0 0
1644 2 0 0 0 0
1645 2 0 0 0 0
1646 2 0 0 0 0
1647 2 0 0 0 0
1648 2 0 0 0 0
1649 2 0 0 0 0
1650 2 0 0 0 0
1651 2 0 0 0 0
1652 2 0 0 0 0
1653 2 0 0 0 0
1654 2 0 0 0 0
1655 2 0 0 0 0
1656 2 0 0 0 0
1657 2 0 0 0 0
1658 2 0 0 0 0
1659 2 0 0 0 0
1660 2 0 0 0 0
1661 2 0 0 0 0
1662 2 0 0 0 0
1663 2 0 0 0 0
1664 2 0 0 0 0
1665 2 0 0 0 0
1666 2 0 0 0 0
1667 2 0 0 0 0
1668 2 0 0 0 0
1669 2 0 0 0 0
1670 2 0 0 0 0
1671 2 0 0 0 0
1672 2 0 0 0 0
1673 2 0 0 0 0
1674 2 0 0 0 0
1675 2 0 0 0 0
1676 0 0 0 0 0
1677 2 0 0 0 0
1678 2 0 0 0 0
1679 2 0 0 0 0
1680 2 0 0 0 0
1681 2 0 0 0 0
1682 2 0 0 0 0
1683 2 0 0 0 0
1684 2 0 0 0 0
1685 2 0 0 0 0
1686 2 0 0 0 0
1687 2 0 0 0 0
1688 2 0 0 0 0
1689 2 0 0 0 0
1690 2 0 0 0 1
1691 2 0 0 0 1
1692 2 0 0 0 1
1693 2 0 0 0 1
1694 2 0 0 0 1
1695 2 0 0 0 1
1696 2 0 0 3 1
1697 2 0 0 0 1
1698 2 0 0 2 1
1699 2 0 0 0 1
1700 2 0 0 2 1
1701 2 0 0 0 1
1702 2 0 0 2 1
1703 2 0 0 2 1
1704 3 0 0 2 0
1705 2 0 0 2 1
1706 2 0 0 2 1
1707 2 0 0 2 1
1708 2 0 0 2 1
1709 2 0 0 2 1
1710 2 0 0 2 1
1711 2 0 0 2 1
1712 2 0 0 2 1
1713 2 0 0 2 1
1714 2 0 0 2 1
1715 3 0 0 2 0
1716 2 0 0 2 1
1717 2 0 0 2 1
1718 2 0 0 2 1
1719 2 0 0 2 1
1720 3 0 0 2 0
1721 2 0 0 2 1
1722 2 0 0 2 1
1723 2 0 0 2 1
1724 2 0 0 2 1
1725 3 0 0 2 0
1726 2 0 0 2 1
1727 2 0 0 2 1
1728 2 0 0 2 1
1729 2 0 0 2 1
1730 2 0 0 2 1
1731 2 0 0 2 1
1732 2 0 0 2 1
1733 2 0 0 2 1
1734 2 0 0 2 1
1735 2 0 0 2 1
1736 2 0 0 2 1
1737 2 0 0 2 1
1738 2 0 0 2 1
1739 2 0 0 2 1
1740 2 0 0 2 1
1741 2 0 0 2 1
1742 2 0 0 2 1
1743 2 0 0 2 1
1744 2 0 0 2 1
1745 2 0 0 2 1
1746 2 0 0 2 1
1747 2 0 0 2 1
1748 2 0 0 2 1
1749 2 0 0 2 1
1750 2 0 0 2 1
1751 2 0 0 2 1
1752 2 0 0 2 1
1753 2 0 2 0 1
1754 2 0 2 0 1
1755 2 0 2 0 1
1756 2 0 2 0 1
1757 2 0 2 0 1
1758 2 0 2 0 1
1759 2 0 2 0 1
1760 2 0 2 0 1
1761 2 0 2 0 1
1762 2 0 2 0 1
1763 2 0 2 0 1
1764 2 0 2 0 1
1765 2 0 2 0 1
1766 2 0 2 0 1
1767 2 0 2 0 1
1768 2 0 2 0 1
1769 2 0 2 0 1
1770 2 0 2 0 1
1771 2 0 2 0 1
1772 3 0 2 0 1
1773 3 0 2 0 1
1774 3 0 2 0 1
1775 3 0 2 0 1
1776 2 0 2 0 1
1777 2 0 2 0 1
1778 2 0 2 0 1
1779 2 0 2 0 1
1780 2 0 2 0 1
1781 2 0 2 0 1
1782 3 0 2 0 1
1783 2 0 2 0 1
1784 2 0 2 0 1
1785 2 0 2 0 1
1786 2 0 2 0 1
1787 2 0 2 0 1
1788 2 0 2 0 1
1789 2 0 2 0 1
1790 2 0 2 0 1
1791 3 0 2 0 1
1792 3 0 2 0 1
1793 0 3 2 0 1
1794 0 3 2 0 1
1795 0 3 2 0 1
1796 0 3 2 0 1
1797 0 2 2 0 1
1798 0 3 0 0 0
1799 0 3 2 0 1
1800 0 3 2 0 1
1801 0 3 2 0 1
1802 0 3 2 0 1
1803 0 3 2 0 1
1804 0 3 0 0 0
1805 0 3 2 0 1
1806 0 2 2 0 1
1807 0 3 2 0 1
1808 0 2 2 0 0
1809 0 3 2 0 0
1810 0 3 2 0 0
1811 0 3 3 0 0
1812 0 3 2 0 0
1813 0 3 2 0 1
1814 0 3 2 0 1
1815 0 3 2 0 1
1816 0 0 2 0 1
1817 0 0 2 0 1
1818 0 0 2 0 1
1819 0 0 2 0 1
1820 0 0 2 0 1
1821 0 0 2 0 1
1822 0 0 2 0 1
1823 0 0 2 0 1
1824 0 0 2 0 1
1825 0 0 2 0 1
1826 0 0 2 0 1
1827 0 0 2 0 1
1828 0 0 0 0 0
1829 0 0 0 0 0
1830 0 0 0 0 0
1831 0 0 2 0 1
1832 0 0 2 0 1
1833 0 0 2 0 1
1834 3 0 2 0 1
1835 3 0 2 0 1
1836 0 0 2 0 1
1837 0 0 2 0 1
1838 0 0 2 0 1
1839 0 0 2 0 1
1840 0 0 0 0 0
1841 0 0 2 0 1
1842 0 0 2 0 1
1843 0 0 0 0 0
1844 0 0 0 0 0
1845 0 0 2 0 1
1846 0 0 2 0 1
1847 0 0 2 0 1
1848 0 0 2 0 1
1849 0 0 0 0 0
1850 0 0 0 0 0
1851 0 0 0 0 0
1852 0 0 2 0 1
1853 0 0 2 0 1
1854 0 0 2 0 1
1855 0 0 2 0 1
1856 0 0 2 0 1
1857 0 0 2 0 1
1858 0 0 2 0 1
1859 0 0 2 0 1
1860 0 0 2 0 1
1861 0 0 2 0 1
1862 0 0 2 0 1
1863 0 0 2 0 1
1864 0 0 0 0 0
1865 0 0 2 0 1
1866 0 0 2 0 1
1867 0 0 2 0 1
1868 0 0 2 0 1
1869 0 0 2 0 1
1870 0 0 2 0 1
1871 0 0 2 0 1
1872 0 0 2 0 1
1873 0 0 2 0 1
1874 0 0 2 0 1
1875 0 0 2 0 1
1876 0 0 2 0 1
1877 0 0 2 0 1
1878 0 0 2 0 1
1879 0 0 2 0 1
1880 0 0 2 0 1
1881 0 0 2 0 1
1882 0 0 2 0 1
1883 0 0 2 0 1
1884 0 0 2 0 1
1885 0 0 2 0 1
1886 0 0 2 0 1
1887 0 0 2 0 1
1888 0 0 2 0 1
1889 0 0 2 0 1
1890 0 0 2 0 1
1891 0 0 2 0 1
1892 0 0 2 0 1
1893 0 0 2 0 1
1894 0 0 2 0 1
1895 0 0 2 0 1
1896 0 0 2 0 1
1897 0 0 2 0 1
1898 0 0 2 0 1
1899 0 0 2 0 1
1900 0 0 2 0 1
1901 0 0 2 0 1
1902 0 0 2 0 1
1903 0 0 2 0 1
1904 0 0 2 0 1
1905 0 0 2 0 1
1906 0 0 2 0 1
1907 0 0 2 0 1
1908 0 0 2 0 1
1909 0 0 2 0 1
1910 0 0 2 0 1
1911 0 0 2 0 1
1912 0 0 2 0 1
1913 0 0 2 0 1
1914 0 0 2 0 0
1915 0 0 2 0 1
1916 0 0 2 0 1
1917 0 0 2 0 0
1918 0 0 2 0 0
1919 0 0 2 0 1
1920 0 0 2 0 1
1921 0 0 2 0 1
1922 0 0 2 0 1
1923 0 0 2 0 1
1924 0 0 2 0 1
1925 0 0 3 0 0
1926 0 0 0 0 0
1927 0 0 0 0 0
1928 0 0 3 0 0
1929 0 0 3 0 0
1930 0 0 2 0 1
1931 0 0 2 0 1
1932 0 0 3 0 0
1933 0 0 3 0 0
1934 0 0 2 0 1
1935 0 0 2 0 1
1936 0 0 2 0 1
1937 0 0 2 0 1
1938 0 0 2 0 1
1939 0 0 2 0 1
1940 0 0 2 0 1
1941 0 0 3 0 0
1942 0 0 2 0 1
1943 0 0 3 0 0
1944 0 0 2 0 1
1945 0 0 2 0 1
1946 3 0 2 0 1
1947 0 0 2 0 1
1948 0 0 2 0 1
1949 0 0 2 0 1
1950 0 0 2 0 1
1951 0 0 2 0 1
1952 0 0 2 0 1
1953 0 0 2 0 1
1954 0 0 2 0 1
1955 0 0 2 0 1
1956 0 0 2 0 1
1957 0 0 2 0 1
1958 0 0 2 0 1
1959 0 0 2 0 1
1960 0 0 2 0 1
1961 0 0 2 0 1
1962 0 0 2 0 1
1963 0 0 2 0 1
1964 0 0 2 0 1
1965 0 0 2 0 1
1966 0 0 2 0 1
1967 0 0 2 0 1
1968 0 0 2 0 1
1969 0 0 2 0 1
1970 3 0 2 0 1
1971 0 0 2 0 1
1972 0 0 2 0 1
1973 0 0 2 0 1
1974 0 0 2 0 1
1975 0 0 2 0 1
1976 0 0 2 0 1
1977 0 0 2 0 1
1978 0 0 2 0 1
1979 0 0 2 0 0
1980 0 0 2 0 0
1981 0 0 2 0 0
1982 0 0 2 0 0
1983 0 0 2 0 1
1984 0 0 2 0 0
1985 0 0 2 0 0
1986 0 0 2 0 1
1987 0 0 2 0 1
1988 0 0 2 0 1
1989 0 0 2 0 1
1990 0 0 2 0 1
1991 0 0 2 0 1
1992 0 0 2 0 1
1993 0 0 2 0 1
1994 0 0 2 0 1
1995 0 0 2 0 1
1996 0 0 2 0 1
1997 0 0 2 0 1
1998 0 0 2 0 1
1999 0 0 2 0 1
2000 0 0 2 0 1
2001 0 0 2 0 1
2002 0 2 2 0 1
2003 0 2 2 0 1
2004 0 2 2 0 1
2005 0 2 2 0 1
2006 0 2 2 0 1
2007 0 2 2 0 1
2008 0 2 2 0 1
2009 0 2 2 0 1
2010 0 2 2 0 1
2011 0 2 2 0 1
2012 0 2 2 0 1
2013 0 2 2 0 1
2014 0 2 2 0 1
2015 0 2 2 0 1
2016 0 2 2 0 1
2017 0 2 2 0 1
2018 0 2 2 0 0
2019 0 2 2 0 1
2020 0 2 2 0 1
2021 0 2 2 0 0
2022 0 3 2 0 0
2023 0 2 2 0 1
2024 0 2 2 0 1
2025 0 2 2 0 1
2026 0 3 2 0 1
2027 0 3 2 0 0
2028 0 3 2 0 0
2029 0 2 2 0 1
2030 0 2 2 0 1
2031 0 2 2 0 1
2032 0 2 2 0 1
2033 0 2 2 0 1
2034 0 2 2 0 1
2035 0 2 2 0 1
2036 0 2 2 0 1
2037 0 2 2 0 1
2038 0 2 2 0 1
2039 0 2 2 0 1
2040 0 2 2 0 1
2041 0 0 2 0 0
2042 0 0 2 0 0
2043 0 2 2 0 1
2044 0 2 2 0 1
2045 0 2 2 0 1
2046 2 0 2 0 1
2047 2 0 2 0 1
2048 2 0 2 0 1
2049 2 0 2 0 1
2050 2 0 2 0 1
2051 2 0 2 0 1
2052 2 0 2 0 1
2053 2 0 2 0 1
2054 2 0 2 0 1
2055 2 0 2 0 1
2056 2 0 2 0 1
2057 2 0 2 0 1
2058 2 0 2 0 1
2059 2 0 2 0 1
2060 2 0 2 0 1
2061 2 0 2 0 1
2062 2 0 2 0 1
2063 2 0 2 0 1
2064 2 0 2 0 1
2065 2 0 2 0 1
2066 2 0 2 0 1
2067 2 0 2 0 1
2068 2 0 2 0 1
2069 2 0 2 0 1
2070 2 0 2 0 1
2071 2 0 2 0 1
2072 2 0 3 0 1
2073 2 0 2 0 1
2074 2 0 2 0 1
2075 2 0 0 0 1
2076 2 0 0 0 1
2077 2 0 2 0 1
2078 2 0 0 0 1
2079 2 0 0 0 1
2080 2 0 2 0 1
2081 2 0 2 0 1
2082 2 0 2 0 1
2083 2 0 0 0 1
2084 2 0 0 0 1
2085 2 0 3 0 1
2086 2 0 0 0 1
2087 2 0 0 0 1
2088 0 0 0 0 0
2089 2 0 0 0 1
2090 0 0 0 0 0
2091 2 0 0 0 0
2092 0 0 0 0 0
2093 0 0 0 0 0
2094 0 0 0 0 0
2095 2 0 0 0 0
2096 0 0 0 0 0
2097 2 0 0 0 0
2098 2 0 0 0 0
2099 0 0 0 0 0
2100 0 0 0 0 0
2101 0 0 0 0 0
2102 2 0 0 0 0
2103 2 0 0 0 0
2104 0 0 0 0 0
2105 2 0 0 0 0
2106 0 0 0 0 0
2107 2 0 0 0 0
2108 2 0 0 0 0
2109 2 0 0 0 0
2110 2 0 0 0 0
2111 2 0 0 0 0
2112 2 0 0 0 0
2113 2 0 0 0 0
2114 2 0 0 0 0
2115 2 0 0 0 0
2116 2 0 0 0 0
2117 2 0 0 0 0
2118 2 0 0 0 0
2119 2 0 0 0 0
2120 2 0 0 0 0
2121 2 0 0 0 0
2122 2 0 0 0 0
2123 2 0 0 0 0
2124 2 0 0 0 0
2125 2 0 0 0 0
2126 2 0 0 0 0
2127 2 0 0 0 0
2128 2 0 0 0 0
2129 2 0 0 0 0
2130 0 0 0 0 0
2131 2 0 0 0 0
2132 2 0 3 0 0
2133 2 0 0 0 0
2134 2 0 0 0 0
2135 2 0 0 0 0
2136 2 0 0 0 0
2137 2 0 0 0 0
2138 2 0 0 0 0
2139 2 0 0 0 0
2140 2 0 0 0 0
2141 2 0 0 0 0
2142 2 0 0 0 0
2143 2 0 3 0 0
2144 2 0 3 0 0
2145 2 0 3 0 0
2146 2 0 3 0 0
2147 2 0 3 0 0
2148 2 0 2 0 0
2149 2 0 2 0 0
2150 2 0 2 0 0
2151 2 0 2 0 0
2152 2 0 2 0 0
2153 2 0 2 0 0
2154 2 0 2 0 0
2155 2 0 2 0 0
2156 2 0 2 0 0
2157 2 0 2 0 0
2158 2 0 2 0 0
2159 2 0 2 0 0
2160 2 0 2 0 0
2161 2 0 0 2 0
2162 2 0 0 2 0
2163 2 0 0 2 0
2164 2 0 0 2 0
2165 2 0 0 2 0
2166 2 0 0 2 0
2167 2 0 0 2 0
2168 2 0 0 2 0
2169 2 0 0 2 0
2170 2 0 0 2 0
2171 0 0 0 2 0
2172 2 0 0 2 0
2173 2 0 0 2 0
2174 2 0 0 2 0
2175 2 0 0 2 0
2176 2 0 2 0 0
2177 2 0 2 0 0
2178 2 0 2 0 0
2179 2 0 2 0 0
2180 2 0 2 0 0
2181 2 0 2 0 0
2182 2 0 2 0 0
2183 2 0 2 0 0
2184 2 0 2 0 0
2185 2 0 2 0 0
2186 2 0 2 0 0
2187 2 0 2 0 0
2188 2 0 2 0 0
2189 2 0 2 0 0
2190 2 0 2 0 0
2191 2 0 2 0 0
2192 2 0 2 0 0
2193 2 0 2 0 0
2194 2 0 2 0 0
2195 2 0 2 0 0
2196 2 0 2 0 0
2197 2 0 2 0 0
2198 2 0 2 0 0
2199 2 0 2 0 0
2200 2 0 2 0 0
2201 2 0 2 0 0
2202 2 0 2 0 0
2203 2 0 2 0 0
2204 2 0 2 0 0
2205 2 0 2 0 0
2206 0 2 2 0 0
2207 0 2 2 0 0
2208 0 2 2 0 0
2209 0 2 2 0 0
2210 0 2 2 0 0
2211 0 2 2 0 0
2212 0 2 2 0 0
2213 0 2 2 0 0
2214 0 2 2 0 0
2215 0 2 2 0 0
2216 0 2 2 0 0
2217 0 2 2 0 0
2218 0 2 2 0 0
2219 0 0 2 0 0
2220 0 0 2 0 0
2221 0 2 2 0 0
2222 0 0 2 0 0
2223 0 0 2 0 0
2224 0 2 2 0 0
2225 0 2 2 0 0
2226 0 2 2 0 0
2227 0 2 2 0 0
2228 0 2 2 0 0
2229 0 2 2 0 0
2230 0 2 2 0 0
2231 0 2 2 0 0
2232 0 2 2 0 0
2233 0 2 2 0 0
2234 0 2 2 0 0
2235 0 2 2 0 0
2236 0 2 2 0 0
2237 0 2 2 0 0
2238 0 2 2 0 0
2239 0 2 2 0 0
2240 0 2 2 0 0
2241 0 2 2 0 0
2242 0 2 2 0 0
2243 0 2 2 0 0
2244 0 2 2 0 0
2245 0 2 2 0 0
2246 0 2 2 0 0
2247 0 2 2 0 0
2248 0 2 2 0 0
2249 0 2 2 0 0
2250 0 2 2 0 0
2251 0 2 2 0 0
2252 0 2 2 0 0
2253 0 2 2 0 0
2254 0 2 2 0 0
2255 0 2 2 0 0
2256 0 2 2 0 0
2257 0 2 2 0 0
2258 0 2 2 0 0
2259 0 2 2 0 0
2260 0 2 2 0 0
2261 0 2 2 0 0
2262 0 2 2 0 0
2263 0 2 2 0 0
2264 0 2 2 0 0
2265 0 2 2 0 0
2266 0 2 2 0 0
2267 0 2 2 0 0
2268 0 2 2 0 0
2269 0 2 2 0 0
2270 0 2 2 0 0
2271 0 2 2 0 0
2272 0 2 2 0 0
2273 0 2 2 0 0
2274 0 2 2 0 0
2275 0 2 2 0 0
2276 0 2 2 0 0
2277 0 2 2 0 0
2278 0 2 2 0 0
2279 0 2 2 0 0
2280 0 2 2 0 0
2281 2 0 2 0 0
2282 2 0 2 0 0
2283 2 0 2 0 0
2284 0 0 2 0 0
2285 0 0 2 0 0
2286 2 0 2 0 0
2287 2 0 2 0 0
2288 2 0 2 0 0
2289 2 0 2 0 0
2290 2 0 2 0 0
2291 2 0 2 0 0
2292 2 0 2 0 0
2293 2 0 2 0 0
2294 2 0 2 0 2
2295 0 0 2 0 0
2296 0 0 2 0 1
2297 2 0 2 0 1
2298 2 0 2 0 1
2299 2 0 2 0 1
2300 2 0 2 0 1
2301 2 0 2 0 1
2302 2 0 2 0 1
2303 2 0 2 0 1
2304 0 0 2 0 1
2305 0 0 2 0 1
2306 2 0 2 0 0
2307 2 0 2 0 1
2308 2 0 2 0 1
2309 2 0 2 0 0
2310 2 0 2 0 2
2311 0 0 2 0 1
2312 2 0 2 0 1
2313 2 0 3 0 1
2314 2 0 3 0 0
2315 2 0 3 0 0
2316 2 0 3 0 1
2317 2 0 3 0 0
2318 2 0 3 0 1
2319 2 0 2 0 2
2320 2 0 2 0 2
2321 2 0 2 0 1
2322 2 0 2 0 1
2323 2 0 2 0 1
2324 2 0 2 0 1
2325 2 0 2 0 1
2326 2 0 2 0 2
2327 2 0 2 0 2
2328 2 0 2 0 1
2329 2 0 2 0 1
2330 2 0 2 0 1
2331 2 0 2 0 1
2332 2 0 2 0 0
2333 2 0 2 0 1
2334 2 0 2 0 1
2335 2 0 2 0 1
2336 2 0 2 0 1
2337 2 0 2 0 1
2338 0 0 2 0 1
2339 0 0 2 0 1
2340 2 0 2 0 1
2341 2 0 2 0 2
2342 2 0 2 0 1
2343 2 0 2 0 1
2344 0 0 2 0 1
2345 2 0 2 0 1
2346 2 0 2 0 2
2347 2 0 2 0 1
2348 2 0 2 0 1
2349 2 0 2 0 1
2350 2 0 2 0 2
2351 2 0 2 0 1
2352 2 0 2 0 2
2353 0 0 2 0 1
2354 2 0 2 0 2
2355 2 0 2 0 2
2356 2 0 2 0 2
2357 2 0 2 0 2
2358 2 0 2 0 0
2359 2 0 2 0 0
2360 2 0 2 0 0
2361 2 0 2 0 0
2362 2 0 2 0 0
2363 2 0 2 0 0
2364 2 0 2 0 0
2365 2 0 2 0 0
2366 2 0 2 0 0
2367 2 0 2 0 1
2368 2 0 2 0 2
2369 2 0 2 0 1
2370 2 0 2 0 0
2371 2 0 2 0 0
2372 2 0 2 0 0
2373 2 0 2 0 0
2374 2 0 2 0 1
2375 2 0 2 0 0
2376 2 0 2 0 0
2377 2 0 2 0 1
2378 2 0 2 0 1
2379 2 0 2 0 1
2380 2 0 2 0 1
2381 2 0 2 0 1
2382 2 0 2 0 1
2383 2 0 2 0 0
2384 2 0 2 0 1
2385 2 0 2 0 1
2386 2 0 2 0 1
2387 2 0 2 0 1
2388 2 0 2 0 1
2389 2 0 2 0 1
2390 2 0 2 0 1
2391 2 0 2 0 0
2392 2 0 2 0 0
2393 2 0 2 0 1
2394 2 0 2 0 0
2395 2 0 2 0 0
2396 2 0 2 0 0
2397 2 0 2 0 0
2398 2 0 2 0 0
2399 2 0 2 0 0
2400 2 0 2 0 0
2401 2 0 2 0 0
2402 2 0 2 0 0
2403 2 0 2 0 0
2404 0 0 2 0 0
2405 2 0 2 0 0
2406 2 0 2 0 0
2407 0 0 2 0 0
2408 2 0 2 0 0
2409 2 0 2 0 0
2410 2 0 2 0 0
2411 2 0 2 0 0
2412 2 0 2 0 0
2413 2 0 2 0 0
2414 2 0 2 0 0
2415 0 0 2 0 0
2416 2 0 2 0 0
2417 0 0 2 0 0
2418 0 0 2 0 0
2419 2 0 2 0 0
2420 0 0 2 0 0
2421 0 0 2 0 0
2422 0 0 2 0 1
2423 0 0 2 0 0
2424 0 0 2 0 0
2425 2 0 2 0 0
2426 2 0 2 0 0
2427 2 0 2 0 0
2428 2 0 2 0 0
2429 2 0 2 0 0
2430 3 0 2 0 1
2431 0 2 2 0 0
2432 0 2 2 0 0
2433 0 3 2 0 1
2434 0 0 2 0 0
2435 0 3 2 0 0
2436 0 2 2 0 0
2437 0 0 2 0 0
2438 0 3 2 0 1
2439 0 3 2 0 0
2440 0 2 2 0 0
2441 0 3 2 0 0
2442 0 3 2 0 0
2443 0 0 3 0 0
2444 0 2 3 0 0
2445 0 2 0 0 0
2446 0 2 0 0 0
2447 0 2 0 0 0
2448 0 0 0 0 0
2449 0 0 2 0 0
2450 0 0 0 0 0
2451 0 0 3 0 0
2452 0 0 3 0 0
2453 0 0 3 0 0
2454 0 0 3 0 0
2455 0 0 3 0 0
2456 0 0 0 0 0
2457 0 0 3 0 0
2458 0 0 0 0 0
2459 0 0 3 0 0
2460 0 0 3 0 0
2461 0 0 0 0 0
2462 0 0 0 0 0
2463 0 0 0 0 0
2464 0 0 0 0 0
2465 0 0 0 0 0
2466 0 0 0 0 0
2467 0 0 0 0 0
2468 0 0 0 0 0
2469 0 0 0 0 0
2470 0 0 0 0 0
2471 0 0 0 0 0
2472 0 0 0 0 0
2473 0 0 0 0 0
2474 0 0 0 0 0
2475 0 0 0 0 0
2476 0 0 0 0 0
2477 0 0 0 0 0
2478 0 0 0 0 0
2479 0 0 0 0 0
2480 0 0 0 0 0
2481 0 0 0 0 0
2482 0 0 0 0 0
2483 0 0 0 0 0
2484 0 0 0 0 0
2485 0 0 0 0 0
2486 0 0 0 0 0
2487 0 0 0 0 0
2488 0 0 0 0 0
2489 0 0 0 0 0
2490 0 0 0 0 0
2491 0 0 0 0 0
2492 0 0 0 0 0
2493 3 0 0 0 0
2494 2 0 0 0 0
2495 3 0 0 0 0
2496 3 0 0 0 0
2497 2 0 0 0 0
2498 2 0 0 0 0
2499 2 0 0 0 0
2500 2 0 0 0 0
2501 2 0 0 0 0
2502 3 0 0 0 0
2503 2 0 0 0 0
2504 2 0 0 0 0
2505 2 0 0 0 0
2506 2 0 0 0 0
2507 2 0 0 0 0
2508 2 0 0 0 0
2509 3 0 0 0 0
2510 3 0 0 0 0
2511 3 0 0 0 0
2512 2 0 0 0 0
2513 3 0 0 0 0
2514 2 0 0 0 0
2515 3 0 0 0 0
2516 3 0 0 0 0
2517 2 0 0 0 0
2518 2 0 0 0 0
2519 2 0 0 0 0
2520 2 0 0 0 0
2521 2 0 0 0 0
2522 3 0 0 0 0
2523 2 0 0 0 0
2524 2 0 0 0 0
2525 2 0 0 0 0
2526 2 0 0 0 0
2527 2 0 0 0 0
2528 2 0 0 0 0
2529 2 0 0 0 0
2530 2 0 0 0 0
2531 2 0 0 0 0
2532 2 0 0 0 0
2533 2 0 0 0 0
2534 2 0 0 0 0
2535 3 0 0 0 0
2536 2 0 0 0 0
2537 2 0 0 0 0
2538 2 0 0 0 0
2539 2 0 0 0 0
2540 3 0 0 0 0
2541 3 0 0 0 0
2542 2 0 0 0 0
2543 3 0 0 0 0
2544 3 0 0 0 0
2545 2 0 0 0 0
2546 2 0 0 0 0
2547 2 0 0 0 0
2548 2 0 0 0 0
2549 2 0 0 0 0
2550 2 0 0 0 0
2551 2 0 0 0 0
2552 2 0 0 0 0
2553 2 0 0 0 0
2554 2 0 0 0 0
2555 2 0 0 0 0
2556 2 0 0 0 0
2557 2 0 0 0 0
2558 2 0 0 0 0
2559 2 0 0 0 0
2560 2 0 0 0 0
2561 2 0 0 0 0
2562 3 0 0 0 0
2563 3 0 0 0 0
2564 3 0 0 0 0
2565 3 0 0 0 0
2566 3 0 0 0 0
2567 3 0 0 0 0
2568 3 0 0 0 0
2569 3 0 0 0 0
2570 3 0 0 0 0
2571 3 0 0 0 0
2572 3 0 0 0 0
2573 3 0 0 0 0
2574 3 0 0 0 0
2575 3 0 0 0 0
2576 3 0 0 0 0
2577 3 0 0 0 0
2578 3 0 0 0 0
2579 3 0 0 0 0
2580 3 0 0 0 0
2581 3 0 0 0 0
2582 3 0 0 0 0
2583 3 0 0 0 0
2584 3 0 0 0 0
2585 3 0 0 0 0
2586 3 0 0 0 0
2587 3 0 0 0 0
2588 3 0 0 0 0
2589 2 0 0 0 0
2590 2 0 0 0 0
2591 2 0 0 0 0
2592 2 0 0 0 0
2593 3 0 0 0 0
2594 3 0 0 0 0
2595 3 0 0 0 0
2596 3 0 0 0 0
2597 3 0 0 0 0
2598 3 0 0 0 0
2599 3 0 0 0 0
2600 3 0 0 0 0
2601 3 0 0 0 0
2602 3 0 0 0 0
2603 3 0 0 0 0
2604 3 0 0 0 0
2605 3 0 0 0 0
2606 3 0 0 0 0
2607 3 0 0 0 0
2608 0 0 0 0 0
