0 0 0 0 2 0
1 0 0 0 2 0
2 0 0 0 2 0
3 0 0 0 2 0
4 0 0 0 2 0
5 0 0 0 2 0
6 0 0 0 2 0
7 0 0 0 2 0
8 0 0 0 2 0
9 0 0 0 2 0
10 0 0 0 2 0
11 0 0 0 2 0
12 0 0 0 2 0
13 0 0 0 2 0
14 0 0 0 2 0
15 0 0 0 2 0
16 0 0 0 2 0
17 0 0 0 2 0
18 0 0 0 2 0
19 0 0 0 2 0
20 0 0 0 2 0
21 0 0 0 2 0
22 0 0 0 0 0
23 0 0 0 2 0
24 0 0 0 2 0
25 0 0 0 2 0
26 0 0 0 2 0
27 0 0 0 2 0
28 0 0 0 2 0
29 0 0 0 2 0
30 0 0 0 2 0
31 0 0 0 2 0
32 0 0 0 2 0
33 0 0 0 2 0
34 0 0 0 2 0
35 0 0 0 2 0
36 0 0 0 2 0
37 0 0 0 2 0
38 0 0 0 2 0
39 0 0 0 2 0
40 0 0 0 2 0
41 0 0 0 2 0
42 0 0 0 2 0
43 0 0 0 2 0
44 0 0 0 2 0
45 0 0 0 2 0
46 0 0 0 2 0
47 0 0 0 2 0
48 0 0 0 2 0
49 0 0 0 2 0
50 0 0 0 2 0
51 0 0 0 2 0
52 0 0 0 2 0
53 0 0 0 2 0
54 0 0 0 2 0
55 0 0 0 2 0
56 0 0 0 2 0
57 0 0 0 2 0
58 0 0 0 2 0
59 0 0 0 2 0
60 0 0 0 2 0
61 0 0 0 2 0
62 0 0 0 2 0
63 0 0 0 2 0
64 0 0 0 2 0
65 0 0 0 2 0
66 0 0 0 2 0
67 0 0 0 2 0
68 0 0 0 0 0
69 0 0 0 2 0
70 0 0 0 2 0
71 0 0 0 2 0
72 0 0 2 0 0
73 0 0 2 0 0
74 0 0 2 0 0
75 0 0 2 0 0
76 0 0 2 0 0
77 0 0 2 0 0
78 0 0 2 0 0
79 0 0 2 0 0
80 0 0 0 0 0
81 0 0 2 0 0
82 0 0 2 0 0
83 0 0 2 0 0
84 0 0 2 0 0
85 0 0 2 0 0
86 0 0 2 0 0
87 0 0 2 0 0
88 0 0 2 0 0
89 0 0 2 0 0
90 0 2 2 0 0
91 0 0 2 0 0
92 0 0 2 0 0
93 0 3 2 0 0
94 0 3 2 0 0
95 0 2 2 0 0
96 0 3 2 0 0
97 0 3 2 0 0
98 0 3 2 0 0
99 0 0 2 0 0
100 0 0 2 0 0
101 0 0 2 0 0
102 0 2 2 0 0
103 0 2 2 0 1
104 0 2 2 0 0
105 0 2 2 0 0
106 0 2 2 0 0
107 0 2 2 0 0
108 0 2 2 0 1
109 0 2 2 0 1
110 0 2 2 0 1
111 0 2 2 0 1
112 0 2 2 0 1
113 0 2 2 0 1
114 0 2 2 0 1
115 0 2 2 0 1
116 0 2 2 0 1
117 0 2 2 0 1
118 0 2 2 0 0
119 0 2 2 0 1
120 0 2 2 0 1
121 0 2 2 0 1
122 0 2 2 0 1
123 0 2 2 0 0
124 0 2 2 0 0
125 0 2 2 0 1
126 0 2 2 0 0
127 0 2 2 0 1
128 0 2 2 0 1
129 0 2 2 0 1
130 0 2 2 0 0
131 0 2 2 0 1
132 0 2 2 0 1
133 0 2 2 0 1
134 0 2 2 0 1
135 0 2 2 0 1
136 0 2 2 0 0
137 2 0 2 0 0
138 2 0 2 0 0
139 2 0 2 0 0
140 2 0 2 0 0
141 2 0 2 0 0
142 2 0 2 0 0
143 2 0 2 0 0
144 0 0 2 0 0
145 2 0 2 0 1
146 2 0 2 0 1
147 2 0 2 0 1
148 2 0 2 0 1
149 2 0 2 0 0
150 2 0 2 0 1
151 2 0 2 0 1
152 2 0 2 0 1
153 2 0 2 0 1
154 2 0 2 0 1
155 2 0 3 0 1
156 2 0 3 0 0
157 2 0 3 0 0
158 2 0 3 0 0
159 2 0 3 0 0
160 2 0 3 0 0
161 2 0 3 0 1
162 2 0 3 0 1
163 2 0 3 0 1
164 2 0 3 0 1
165 2 0 2 0 1
166 2 0 2 0 1
167 2 0 2 0 1
168 2 0 2 0 1
169 2 0 2 0 0
170 2 0 2 0 0
171 2 0 2 0 0
172 2 0 2 0 0
173 2 0 2 0 0
174 2 0 2 0 0
175 2 0 2 0 0
176 2 0 2 0 0
177 2 0 2 0 0
178 2 0 2 0 0
179 2 0 2 0 0
180 2 0 2 0 0
181 2 0 2 0 1
182 2 0 2 0 0
183 2 0 2 0 0
184 2 0 2 0 0
185 2 0 2 0 0
186 2 0 2 0 0
187 2 0 2 0 0
188 2 0 2 0 0
189 2 0 2 0 0
190 2 0 2 0 0
191 2 0 2 0 0
192 2 0 2 0 0
193 2 0 2 0 0
194 2 0 2 0 0
195 2 0 2 0 0
196 2 0 2 0 0
197 2 0 2 0 0
198 2 0 2 0 0
199 2 0 2 0 0
200 2 0 2 0 0
201 2 0 2 0 0
202 2 0 2 0 0
203 2 0 2 0 0
204 2 0 2 0 0
205 2 0 2 0 0
206 2 0 2 0 0
207 2 0 2 0 0
208 2 0 2 0 0
209 2 0 2 0 0
210 2 0 2 0 0
211 2 0 2 0 0
212 2 0 2 0 0
213 2 0 2 0 0
214 2 0 2 0 0
215 2 0 2 0 0
216 2 0 2 0 0
217 2 0 2 0 1
218 2 0 2 0 1
219 2 0 2 0 1
220 2 0 2 0 1
221 2 0 2 0 1
222 2 0 2 0 0
223 0 0 2 0 0
224 0 0 2 0 0
225 0 0 2 0 0
226 3 0 2 0 0
227 0 0 2 0 0
228 0 0 2 0 0
229 0 0 2 0 0
230 0 0 2 0 0
231 0 0 2 0 0
232 0 0 2 0 1
233 0 0 2 0 0
234 0 0 2 0 0
235 0 0 2 0 1
236 0 0 2 0 1
237 0 0 2 0 1
238 0 0 2 0 1
239 0 0 2 0 1
240 0 0 2 0 1
241 0 0 2 0 1
242 0 0 2 0 1
243 0 0 2 0 1
244 0 0 2 0 0
245 0 0 2 0 0
246 0 0 2 0 1
247 0 0 2 0 1
248 0 0 2 0 1
249 0 0 2 0 1
250 0 0 2 0 1
251 0 0 2 0 1
252 0 0 2 0 1
253 0 0 2 0 1
254 0 0 2 0 1
255 0 0 2 0 1
256 0 0 2 0 1
257 0 0 2 0 1
258 0 0 2 0 1
259 0 0 2 0 1
260 0 0 2 0 1
261 0 0 2 0 1
262 0 0 2 0 1
263 0 0 2 0 1
264 0 0 2 0 1
265 0 0 2 0 1
266 0 0 2 0 1
267 0 0 2 0 1
268 0 0 2 0 1
269 0 0 2 0 1
270 0 0 2 0 1
271 0 0 2 0 1
272 0 0 2 0 1
273 0 0 2 0 1
274 0 0 2 0 1
275 0 0 0 0 0
276 0 0 3 0 0
277 0 0 2 0 1
278 0 0 2 0 1
279 0 0 2 0 1
280 0 0 2 0 1
281 0 0 2 0 1
282 0 0 2 0 1
283 0 0 0 0 0
284 0 0 2 0 1
285 0 0 2 0 1
286 0 0 2 0 1
287 0 0 2 0 1
288 0 0 0 0 0
289 0 0 3 0 0
290 0 0 3 0 0
291 0 0 2 0 1
292 0 0 0 0 0
293 0 0 2 0 1
294 0 0 2 0 1
295 0 3 0 0 0
296 0 3 0 0 0
297 0 3 0 0 0
298 0 3 0 0 0
299 0 0 0 0 0
300 0 3 0 0 0
301 0 3 0 0 0
302 0 3 2 0 1
303 0 0 2 0 1
304 0 3 2 0 1
305 0 0 2 0 1
306 0 3 2 0 1
307 0 0 2 0 1
308 0 0 2 0 1
309 0 0 2 0 1
310 0 3 2 0 1
311 0 0 2 0 1
312 0 3 2 0 1
313 0 0 2 0 1
314 0 0 2 0 1
315 0 0 2 0 1
316 0 0 2 0 1
317 0 0 2 0 1
318 0 0 2 0 1
319 0 3 2 0 1
320 0 3 2 0 1
321 0 0 2 0 1
322 0 0 2 0 1
323 0 0 2 0 1
324 0 0 2 0 1
325 0 0 2 0 1
326 0 0 2 0 1
327 0 0 2 0 1
328 0 0 2 0 1
329 0 0 2 0 1
330 0 0 2 0 1
331 0 0 2 0 1
332 0 0 2 0 1
333 0 0 2 0 1
334 0 0 2 0 1
335 0 0 2 0 1
336 0 0 2 0 1
337 0 0 2 0 1
338 0 0 2 0 1
339 0 0 2 0 1
340 0 0 2 0 1
341 0 0 2 0 1
342 0 0 2 0 1
343 0 0 2 0 1
344 0 0 2 0 1
345 0 0 2 0 1
346 0 0 2 0 1
347 0 0 2 0 1
348 0 0 2 0 1
349 0 2 2 0 1
350 0 2 2 0 1
351 0 2 2 0 1
352 0 2 2 0 1
353 0 2 2 0 1
354 0 2 2 0 1
355 0 2 2 0 1
356 0 0 2 0 1
357 0 2 2 0 1
358 0 2 2 0 1
359 0 2 2 0 1
360 0 2 2 0 0
361 0 0 2 0 1
362 0 2 2 0 1
363 0 2 2 0 1
364 0 0 2 0 1
365 0 2 2 0 1
366 0 2 2 0 1
367 0 0 2 0 1
368 0 0 2 0 1
369 0 2 2 0 1
370 0 0 2 0 1
371 0 0 2 0 1
372 0 2 2 0 1
373 0 2 2 0 0
374 0 0 2 0 0
375 0 0 2 0 1
376 0 0 2 0 1
377 0 0 2 0 1
378 0 0 2 0 1
379 0 0 2 0 1
380 0 0 2 0 1
381 0 0 2 0 1
382 0 0 2 0 1
383 0 0 2 0 1
384 0 0 2 0 1
385 0 0 2 0 1
386 0 0 2 0 1
387 0 0 2 0 1
388 0 0 2 0 1
389 0 0 2 0 1
390 0 0 2 0 1
391 0 0 2 0 1
392 0 0 2 0 1
393 0 0 2 0 1
394 0 0 2 0 1
395 0 0 2 0 1
396 0 0 2 0 1
397 3 0 2 0 1
398 2 0 2 0 2
399 2 0 2 0 2
400 2 0 2 0 2
401 2 0 2 0 2
402 2 0 2 0 2
403 2 0 2 0 2
404 2 0 2 0 2
405 0 0 2 0 1
406 2 0 2 0 2
407 2 0 2 0 2
408 2 0 2 0 2
409 2 0 2 0 2
410 0 0 2 0 1
411 2 0 2 0 2
412 3 0 2 0 1
413 0 0 2 0 1
414 3 0 2 0 1
415 3 0 2 0 1
416 2 0 2 0 2
417 3 0 2 0 1
418 3 0 2 0 1
419 2 0 2 0 1
420 3 0 2 0 1
421 3 0 2 0 1
422 3 0 2 0 0
423 3 0 2 0 0
424 3 0 2 0 1
425 3 0 2 0 1
426 2 0 2 0 1
427 2 0 2 0 0
428 3 0 2 0 0
429 3 0 2 0 1
430 3 0 2 0 0
431 0 0 0 0 0
432 2 0 0 0 1
433 2 0 0 0 0
434 0 0 0 0 0
435 0 0 0 0 0
436 0 0 0 0 0
437 0 0 0 0 0
438 0 0 0 0 0
439 0 0 0 0 0
440 0 0 0 0 0
441 0 0 0 0 0
442 0 0 0 0 0
443 0 0 0 0 0
444 0 0 0 0 0
445 0 0 0 0 0
446 0 0 0 0 0
447 0 0 0 0 0
448 0 0 0 0 0
449 0 0 0 0 0
450 0 0 0 0 0
451 0 0 0 0 0
452 0 0 0 0 0
453 0 0 0 0 0
454 0 0 0 0 0
455 0 0 0 0 0
456 0 0 0 0 0
457 0 0 0 0 0
458 0 0 0 0 0
459 0 0 0 0 0
460 0 0 0 0 0
461 0 0 0 0 0
462 0 0 0 0 0
463 0 0 0 0 0
464 0 0 0 0 0
465 0 0 0 0 0
466 0 0 0 0 0
467 0 0 0 0 0
468 0 0 0 0 0
469 0 0 0 0 0
470 0 0 0 0 0
471 0 0 0 0 0
472 0 0 0 0 0
473 0 0 0 0 0
474 0 0 0 0 0
475 0 0 0 0 0
476 0 0 0 0 0
477 0 0 0 0 0
478 0 0 0 0 0
479 0 0 0 0 0
480 0 0 0 0 0
481 0 0 0 0 0
482 0 0 0 0 0
483 0 0 0 0 0
484 0 0 0 0 0
485 0 0 0 0 0
486 0 0 0 0 0
487 0 0 0 0 0
488 0 0 0 0 0
489 0 0 0 0 0
490 0 0 0 0 0
491 0 0 0 0 0
492 0 0 0 2 0
493 0 0 0 2 0
494 0 0 0 2 0
495 0 0 0 0 0
496 0 0 0 0 0
497 0 0 0 0 0
498 0 0 0 0 0
499 0 0 0 0 0
500 0 0 0 0 0
501 0 0 0 0 0
502 0 0 0 0 0
503 0 0 0 0 0
504 0 0 0 0 0
505 0 0 0 0 0
506 0 0 0 0 0
507 0 0 0 0 0
508 0 0 0 0 0
509 0 0 0 0 0
510 0 0 0 0 0
511 0 0 0 0 0
512 0 0 0 0 0
513 0 0 0 0 0
514 0 0 0 0 0
515 0 0 0 0 0
516 0 0 0 0 0
517 0 0 0 0 0
518 0 0 0 0 0
519 0 0 0 0 0
520 0 0 0 0 0
521 0 0 3 0 0
522 0 0 2 0 0
523 0 0 3 0 0
524 3 0 3 0 0
525 3 0 3 0 0
526 3 0 3 0 0
527 2 0 3 0 1
528 3 0 3 0 0
529 2 0 3 0 1
530 2 0 3 0 1
531 2 0 3 0 1
532 3 0 3 0 0
533 3 0 3 0 0
534 3 0 3 0 0
535 2 0 3 0 1
536 2 0 3 0 1
537 2 0 3 0 1
538 2 0 0 2 1
539 2 0 0 3 1
540 2 0 0 2 1
541 2 0 0 2 0
542 2 0 0 2 0
543 2 0 0 2 0
544 2 0 0 2 0
545 2 0 0 2 0
546 2 0 0 2 1
547 2 0 0 2 1
548 2 0 0 2 1
549 2 0 0 2 1
550 2 0 0 2 1
551 2 0 0 2 1
552 3 0 0 2 0
553 2 0 0 2 1
554 2 0 0 2 1
555 2 0 0 2 1
556 2 0 0 2 1
557 2 0 0 2 1
558 2 0 0 2 1
559 2 0 0 2 1
560 2 0 0 2 1
561 2 0 0 2 1
562 2 0 0 2 1
563 2 0 0 2 1
564 2 0 0 2 1
565 2 0 0 0 1
566 2 0 0 2 1
567 0 0 0 2 0
568 2 0 2 0 1
569 2 0 2 0 1
570 2 0 2 0 2
571 3 0 0 0 0
572 2 0 3 0 1
573 3 0 3 0 0
574 3 0 3 0 0
575 3 0 2 0 0
576 0 0 2 0 0
577 0 0 2 0 0
578 3 0 2 0 0
579 3 0 2 0 0
580 3 0 2 0 0
581 3 0 2 0 0
582 3 0 2 0 0
583 2 0 2 0 0
584 2 0 2 0 0
585 2 0 2 0 0
586 3 0 2 0 0
587 0 0 2 0 0
588 0 0 2 0 0
589 0 0 2 0 0
590 0 0 2 0 0
591 0 0 2 0 0
592 0 0 2 0 0
593 0 0 2 0 0
594 0 0 2 0 0
595 0 0 2 0 1
596 0 0 2 0 0
597 3 0 2 0 0
598 3 0 2 0 0
599 3 0 2 0 0
600 3 0 2 0 0
601 3 0 2 0 0
602 3 0 2 0 0
603 3 0 2 0 0
604 3 0 2 0 0
605 3 0 2 0 0
606 3 0 2 0 0
607 3 0 2 0 0
608 3 0 2 0 0
609 3 0 2 0 0
610 3 0 2 0 0
611 3 0 2 0 0
612 3 0 2 0 0
613 3 0 2 0 0
614 3 0 2 0 0
615 3 0 2 0 0
616 3 0 2 0 0
617 3 0 2 0 1
618 3 0 2 0 1
619 3 0 2 0 1
620 0 0 2 0 1
621 0 0 2 0 1
622 3 0 2 0 1
623 3 0 2 0 0
624 3 0 2 0 0
625 3 0 2 0 0
626 3 0 2 0 1
627 3 0 2 0 1
628 3 0 2 0 1
629 3 0 2 0 1
630 3 0 2 0 1
631 3 0 2 0 0
632 3 0 2 0 0
633 3 0 3 0 0
634 3 0 2 0 1
635 3 0 2 0 1
636 3 0 2 0 1
637 3 0 2 0 1
638 3 0 2 0 1
639 3 0 2 0 1
640 3 0 2 0 0
641 3 0 2 0 0
642 3 0 2 0 0
643 3 0 2 0 0
644 3 0 2 0 1
645 3 0 2 0 1
646 3 0 2 0 1
647 3 0 2 0 1
648 3 0 2 0 1
649 3 0 2 0 1
650 3 0 2 0 1
651 3 0 2 0 0
652 3 0 2 0 1
653 3 0 2 0 1
654 3 0 2 0 1
655 3 0 2 0 1
656 3 0 2 0 0
657 3 0 2 0 0
658 3 0 2 0 1
659 3 0 2 0 0
660 3 0 2 0 0
661 3 0 2 0 0
662 3 0 2 0 0
663 3 0 2 0 0
664 3 0 2 0 0
665 3 0 2 0 0
666 3 0 2 0 0
667 3 0 2 0 0
668 3 0 2 0 0
669 3 0 2 0 0
670 3 0 2 0 0
671 3 0 2 0 0
672 3 0 2 0 0
673 3 0 2 0 0
674 3 0 2 0 0
675 3 0 2 0 0
676 3 0 2 0 0
677 3 0 2 0 0
678 3 0 2 0 1
679 3 0 2 0 1
680 3 0 2 0 1
681 3 0 2 0 1
682 3 0 2 0 1
683 3 0 2 0 1
684 3 0 2 0 1
685 3 0 2 0 1
686 3 0 2 0 1
687 3 0 2 0 1
688 3 0 2 0 1
689 3 0 2 0 1
690 3 0 2 0 1
691 3 0 2 0 1
692 3 0 2 0 1
693 3 0 2 0 1
694 3 0 2 0 1
695 3 0 2 0 1
696 3 0 2 0 1
697 3 0 2 0 1
698 3 0 2 0 1
699 3 0 2 0 1
700 3 0 2 0 1
701 3 0 2 0 1
702 3 0 2 0 1
703 3 0 2 0 1
704 3 0 2 0 1
705 3 0 2 0 1
706 3 0 2 0 1
707 3 0 2 0 1
708 3 0 2 0 1
709 3 0 2 0 1
710 3 0 2 0 1
711 3 0 2 0 1
712 3 0 2 0 1
713 3 0 2 0 1
714 3 0 2 0 1
715 3 0 2 0 1
716 3 0 2 0 1
717 3 0 2 0 1
718 3 0 2 0 1
719 3 0 2 0 1
720 3 0 2 0 1
721 3 0 2 0 1
722 3 0 2 0 1
723 3 0 2 0 1
724 3 0 2 0 1
725 3 0 2 0 1
726 3 0 2 0 1
727 3 0 2 0 1
728 3 0 2 0 1
729 3 0 2 0 1
730 3 0 2 0 1
731 3 0 2 0 1
732 3 0 2 0 1
733 3 0 2 0 1
734 3 0 2 0 1
735 3 0 2 0 1
736 3 0 2 0 1
737 3 0 2 0 1
738 3 0 2 0 1
739 3 0 2 0 1
740 3 0 2 0 1
741 3 0 2 0 0
742 3 0 2 0 1
743 3 0 2 0 1
744 3 0 2 0 1
745 3 0 2 0 0
746 3 0 2 0 1
747 3 0 2 0 1
748 3 0 2 0 0
749 3 0 2 0 0
750 3 0 2 0 0
751 3 0 2 0 0
752 3 0 2 0 1
753 3 0 2 0 1
754 3 0 2 0 1
755 3 0 2 0 1
756 3 0 2 0 1
757 0 0 2 0 0
758 3 0 2 0 0
759 3 0 2 0 0
760 0 0 2 0 1
761 0 0 2 0 1
762 0 0 2 0 1
763 0 0 2 0 0
764 0 0 2 0 0
765 0 0 2 0 0
766 0 0 2 0 0
767 0 0 2 0 0
768 0 0 2 0 0
769 0 0 2 0 0
770 0 0 2 0 1
771 0 0 2 0 0
772 0 0 2 0 0
773 0 0 2 0 0
774 0 0 2 0 0
775 0 0 2 0 1
776 0 0 2 0 1
777 0 0 2 0 1
778 0 0 2 0 1
779 0 0 2 0 1
780 0 0 2 0 1
781 0 0 2 0 1
782 0 0 2 0 1
783 0 0 2 0 1
784 0 0 2 0 1
785 0 0 2 0 1
786 0 0 2 0 1
787 0 0 2 0 1
788 0 0 2 0 1
789 0 0 2 0 1
790 0 0 2 0 1
791 0 0 2 0 1
792 0 0 2 0 1
793 0 0 2 0 1
794 0 0 2 0 1
795 0 0 2 0 1
796 0 0 2 0 1
797 0 0 2 0 1
798 0 0 2 0 1
799 0 0 2 0 1
800 0 0 2 0 1
801 0 0 2 0 1
802 0 0 2 0 1
803 0 0 2 0 1
804 0 0 2 0 1
805 0 0 2 0 1
806 0 0 2 0 1
807 0 0 2 0 1
808 0 0 2 0 1
809 0 0 2 0 1
810 0 0 2 0 1
811 0 0 2 0 1
812 0 0 2 0 1
813 0 0 2 0 1
814 0 0 2 0 1
815 0 0 2 0 1
816 0 0 2 0 0
817 0 0 2 0 0
818 0 0 2 0 1
819 0 0 2 0 1
820 0 2 2 0 1
821 0 2 2 0 1
822 0 2 2 0 0
823 0 2 2 0 1
824 0 2 2 0 0
825 0 0 2 0 0
826 0 0 2 0 1
827 0 0 2 0 1
828 0 0 2 0 1
829 0 2 2 0 1
830 0 2 2 0 1
831 0 2 2 0 1
832 0 2 2 0 1
833 0 2 2 0 1
834 0 2 2 0 1
835 0 2 2 0 1
836 0 2 2 0 1
837 0 2 2 0 1
838 0 2 2 0 1
839 0 2 2 0 1
840 0 2 2 0 1
841 0 2 2 0 1
842 0 2 2 0 1
843 0 2 2 0 1
844 0 2 2 0 1
845 0 0 2 0 1
846 0 2 2 0 1
847 0 0 2 0 1
848 0 2 2 0 1
849 0 2 2 0 1
850 0 2 2 0 1
851 0 2 2 0 0
852 0 2 2 0 1
853 0 2 2 0 1
854 0 2 2 0 1
855 0 0 2 0 1
856 0 0 2 0 0
857 0 0 2 0 0
858 0 0 2 0 1
859 0 0 2 0 1
860 0 0 2 0 1
861 0 0 2 0 1
862 0 0 2 0 1
863 0 0 2 0 1
864 2 0 2 0 1
865 2 0 2 0 1
866 2 0 2 0 1
867 2 0 2 0 1
868 2 0 2 0 1
869 2 0 2 0 1
870 0 0 2 0 0
871 2 0 2 0 1
872 0 0 2 0 0
873 0 0 2 0 0
874 0 0 2 0 0
875 2 0 2 0 1
876 0 0 2 0 1
877 0 0 2 0 0
878 0 0 2 0 0
879 0 0 2 0 0
880 0 0 2 0 1
881 0 0 2 0 0
882 0 0 2 0 0
883 0 0 3 0 0
884 0 0 2 0 1
885 0 0 2 0 0
886 0 0 2 0 1
887 0 0 2 0 0
888 0 0 2 0 1
889 0 0 2 0 1
890 0 0 2 0 1
891 2 0 2 0 2
892 2 0 2 0 2
893 2 0 2 0 2
894 2 0 2 0 2
895 2 0 3 0 1
896 2 0 2 0 2
897 2 0 2 0 2
898 2 0 2 0 2
899 2 0 2 0 2
900 0 0 3 0 0
901 0 0 2 0 0
902 2 0 2 0 1
903 3 0 2 0 1
904 2 0 2 0 1
905 3 0 2 0 1
906 0 0 3 0 0
907 3 0 2 0 1
908 0 0 2 0 1
909 2 0 2 0 1
910 2 0 3 0 1
911 0 0 3 0 0
912 2 0 2 0 2
913 2 0 2 0 1
914 0 0 2 0 0
915 2 0 3 0 1
916 0 0 2 0 1
917 2 0 2 0 2
918 2 0 2 0 2
919 3 0 2 0 0
920 2 0 2 0 1
921 0 0 2 0 1
922 2 0 3 0 1
923 0 0 3 0 0
924 3 0 3 0 0
925 0 0 3 0 0
926 0 0 3 0 0
927 0 0 3 0 0
928 0 0 3 0 0
929 0 0 3 0 0
930 0 0 3 0 0
931 0 0 3 0 0
932 0 0 3 0 0
933 0 0 3 0 0
934 0 0 3 0 0
935 0 0 3 0 0
936 0 0 3 0 0
937 0 0 3 0 0
938 0 0 3 0 0
939 0 0 3 0 0
940 0 0 3 0 0
941 0 0 3 0 0
942 0 0 2 0 0
943 0 0 2 0 0
944 0 0 3 0 0
945 0 0 2 0 0
946 0 0 3 0 0
947 0 0 0 0 0
948 0 0 0 0 0
949 0 0 0 0 0
950 0 0 0 0 0
951 0 0 0 0 0
952 0 0 0 0 0
953 0 0 0 0 0
954 0 0 0 0 0
955 0 0 0 0 0
956 0 0 0 0 0
957 0 0 0 0 0
958 0 0 0 0 0
959 0 0 0 0 0
960 0 0 0 0 0
961 0 0 0 0 0
962 0 0 0 0 0
963 0 0 0 0 0
964 0 0 0 0 0
965 0 0 0 0 0
966 0 0 0 0 0
967 0 0 0 0 0
968 0 0 0 0 0
969 0 0 0 0 0
970 0 0 0 0 0
971 0 0 0 0 0
972 0 0 0 0 0
973 0 0 0 0 0
974 0 0 0 0 0
975 0 0 0 0 0
976 0 0 0 0 0
977 0 0 0 0 0
978 0 0 0 0 0
979 0 0 0 0 0
980 0 0 0 0 0
981 0 0 0 0 0
982 0 0 0 0 0
983 0 0 0 0 0
984 0 0 0 0 0
985 0 0 0 0 0
986 0 0 0 0 0
987 0 0 0 0 0
988 0 0 0 0 0
989 0 0 0 0 0
990 0 0 0 0 0
991 0 0 0 0 0
992 0 0 0 0 0
993 0 0 0 0 0
994 0 0 0 0 0
995 0 0 0 0 0
996 0 0 0 0 0
997 0 0 0 0 0
998 0 0 0 0 0
999 0 0 0 0 0
1000 0 0 0 0 0
1001 0 0 0 0 0
1002 0 0 0 0 0
1003 0 0 0 0 0
1004 0 0 0 0 0
1005 0 0 0 0 0
1006 0 0 0 0 0
1007 0 0 0 0 0
1008 0 0 0 0 0
1009 0 0 0 0 0
1010 0 0 0 0 0
1011 0 0 0 0 0
1012 0 0 0 0 0
1013 0 0 0 0 0
1014 0 0 0 0 0
1015 0 0 0 0 0
1016 0 0 0 0 0
1017 0 0 0 0 0
1018 0 0 0 0 0
1019 0 0 0 0 0
1020 0 0 0 0 0
1021 0 0 0 0 0
1022 0 0 0 0 0
1023 0 0 0 0 0
1024 0 0 0 0 0
1025 0 0 0 0 0
1026 0 0 0 0 0
1027 0 0 0 0 0
1028 0 0 0 0 0
1029 0 0 0 0 0
1030 0 0 0 0 0
1031 0 0 0 0 0
1032 0 0 0 0 0
1033 0 0 0 0 0
1034 0 0 0 0 0
1035 0 0 0 0 0
1036 0 0 0 0 0
1037 0 0 0 0 0
1038 0 0 0 0 0
1039 0 0 0 0 0
1040 0 0 0 0 0
1041 0 0 0 0 0
1042 0 0 0 0 0
1043 0 0 0 0 0
1044 0 0 0 0 0
1045 0 0 0 0 0
1046 0 0 0 0 0
1047 0 0 0 0 0
1048 0 0 0 0 0
1049 0 0 0 0 0
1050 0 0 0 0 0
1051 0 0 0 0 0
1052 0 0 0 0 0
1053 0 0 0 0 0
1054 0 0 0 0 0
1055 0 0 0 0 0
1056 0 0 0 0 0
1057 0 0 0 0 0
1058 0 0 0 0 0
1059 0 0 0 0 0
1060 0 0 0 0 0
1061 0 0 0 0 0
1062 0 0 0 0 0
1063 0 0 0 0 0
1064 0 0 0 0 0
1065 0 0 3 0 0
1066 0 0 0 0 0
1067 0 0 0 0 0
1068 0 0 0 0 0
1069 0 0 0 0 0
1070 0 0 0 0 0
1071 0 0 0 0 0
1072 0 0 0 0 0
1073 0 0 0 0 0
1074 0 0 0 0 0
1075 0 0 0 0 0
1076 0 0 3 0 0
1077 0 0 0 0 0
1078 0 0 0 0 0
1079 0 0 0 0 0
1080 0 0 0 0 0
1081 0 0 0 0 0
1082 0 0 0 0 0
1083 0 0 0 0 0
1084 2 0 0 0 0
1085 0 0 0 0 0
1086 2 0 0 0 0
1087 2 0 0 0 0
1088 0 0 3 0 0
1089 0 0 0 0 0
1090 0 0 0 0 0
1091 2 0 3 0 0
1092 2 0 3 0 0
1093 2 0 0 0 0
1094 2 0 0 0 0
1095 2 0 0 0 0
1096 2 0 0 0 0
1097 2 0 0 0 0
1098 2 0 3 0 0
1099 2 0 0 0 0
1100 2 0 0 0 0
1101 2 0 3 0 0
1102 2 0 0 0 0
1103 2 0 3 0 0
1104 2 0 0 0 0
1105 2 0 2 0 0
1106 2 0 2 0 0
1107 2 0 0 0 0
1108 2 0 2 0 0
1109 2 0 0 0 0
1110 2 0 0 0 0
1111 2 0 0 0 0
1112 2 0 0 0 0
1113 2 0 0 0 0
1114 2 0 0 0 0
1115 2 0 0 0 0
1116 2 0 0 0 0
1117 2 0 0 0 1
1118 2 0 0 0 1
1119 0 0 0 2 0
1120 2 0 0 2 1
1121 2 0 0 2 1
1122 2 0 0 2 1
1123 2 0 0 2 1
1124 0 0 0 2 0
1125 2 0 0 2 1
1126 2 0 0 2 1
1127 2 0 0 2 1
1128 0 0 0 2 0
1129 2 0 0 2 1
1130 2 0 0 2 1
1131 2 0 0 2 1
1132 0 0 0 2 0
1133 2 0 0 2 1
1134 2 0 0 3 0
1135 2 0 0 2 1
1136 2 0 0 2 1
1137 2 0 0 2 1
1138 2 0 0 2 1
1139 2 0 0 2 1
1140 2 0 0 2 1
1141 2 0 0 2 1
1142 2 0 0 2 1
1143 2 0 0 2 1
1144 2 0 0 2 1
1145 2 0 0 2 1
1146 2 0 0 2 1
1147 2 0 0 2 1
1148 2 0 0 2 1
1149 2 0 0 2 1
1150 2 0 0 2 1
1151 2 0 0 2 1
1152 2 0 0 2 1
1153 2 0 0 2 1
1154 2 0 0 2 1
1155 2 0 0 2 1
1156 2 0 0 2 1
1157 0 0 0 2 0
1158 2 0 2 0 2
1159 2 0 2 0 1
1160 2 0 2 0 1
1161 2 0 2 0 1
1162 2 0 2 0 1
1163 2 0 2 0 1
1164 2 0 2 0 1
1165 2 0 2 0 1
1166 2 0 2 0 0
1167 2 0 2 0 0
1168 2 0 2 0 0
1169 2 0 2 0 0
1170 2 0 2 0 0
1171 3 0 2 0 0
1172 0 0 2 0 0
1173 2 0 2 0 0
1174 2 0 2 0 0
1175 2 0 2 0 0
1176 2 0 3 0 0
1177 2 0 2 0 0
1178 2 0 2 0 0
1179 3 0 2 0 1
1180 0 0 2 0 1
1181 0 0 2 0 1
1182 2 0 2 0 0
1183 2 0 3 0 0
1184 2 0 2 0 0
1185 2 0 2 0 0
1186 2 0 2 0 0
1187 2 0 3 0 0
1188 0 0 3 0 0
1189 2 0 2 0 0
1190 3 0 3 0 0
1191 2 0 3 0 0
1192 2 0 3 0 0
1193 2 0 3 0 0
1194 0 0 3 0 0
1195 2 0 2 0 0
1196 0 0 2 0 0
1197 2 0 3 0 0
1198 3 0 2 0 0
1199 2 0 2 0 0
1200 2 0 2 0 0
1201 2 0 2 0 0
1202 2 0 2 0 1
1203 2 0 2 0 0
1204 2 0 2 0 0
1205 2 0 2 0 0
1206 2 0 2 0 0
1207 2 0 2 0 0
1208 2 0 2 0 0
1209 2 0 2 0 0
1210 2 0 2 0 0
1211 2 0 2 0 0
1212 2 0 2 0 0
1213 2 0 2 0 0
1214 2 0 2 0 0
1215 2 0 2 0 0
1216 2 0 2 0 0
1217 2 0 2 0 0
1218 2 0 2 0 0
1219 2 0 2 0 0
1220 2 0 2 0 0
1221 2 0 2 0 0
1222 2 0 2 0 0
1223 3 0 2 0 0
1224 2 0 2 0 0
1225 2 0 2 0 0
1226 2 0 2 0 0
1227 2 0 2 0 0
1228 2 0 2 0 0
1229 2 0 0 0 0
1230 2 0 3 0 0
1231 2 0 0 0 0
1232 2 0 0 0 0
1233 2 0 0 0 0
1234 2 0 0 0 0
1235 2 0 0 0 0
1236 2 0 2 0 1
1237 2 0 3 0 0
1238 2 0 0 0 0
1239 2 0 3 0 1
1240 2 0 3 0 0
1241 2 0 3 0 0
1242 2 0 3 0 0
1243 2 0 3 0 0
1244 2 0 2 0 0
1245 2 0 2 0 0
1246 2 0 2 0 0
1247 2 0 2 0 0
1248 2 0 2 0 0
1249 2 0 2 0 0
1250 2 0 2 0 0
1251 2 0 2 0 0
1252 2 0 2 0 1
1253 2 0 2 0 1
1254 2 0 2 0 1
1255 2 0 2 0 1
1256 2 0 2 0 1
1257 2 0 2 0 0
1258 2 0 2 0 1
1259 2 0 2 0 0
1260 2 0 2 0 0
1261 2 0 2 0 0
1262 2 0 2 0 0
1263 2 0 2 0 0
1264 2 0 2 0 0
1265 2 0 2 0 0
1266 2 0 2 0 0
1267 2 0 2 0 0
1268 2 0 2 0 0
1269 2 0 2 0 0
1270 2 0 2 0 0
1271 3 0 2 0 0
1272 2 0 2 0 0
1273 3 0 2 0 0
1274 2 0 2 0 0
1275 2 0 2 0 0
1276 3 0 2 0 0
1277 2 0 2 0 0
1278 2 0 2 0 0
1279 2 0 2 0 0
1280 2 0 2 0 0
1281 2 0 2 0 1
1282 2 0 2 0 0
1283 2 0 2 0 2
1284 2 0 2 0 1
1285 2 0 2 0 0
1286 2 0 2 0 0
1287 2 0 2 0 0
1288 2 0 2 0 0
1289 0 0 2 0 0
1290 2 0 2 0 1
1291 3 0 2 0 0
1292 3 0 2 0 1
1293 3 0 2 0 1
1294 0 0 2 0 1
1295 3 0 2 0 0
1296 2 0 2 0 0
1297 0 0 2 0 1
1298 3 0 2 0 1
1299 3 0 2 0 1
1300 3 0 2 0 1
1301 3 0 2 0 0
1302 3 0 2 0 1
1303 3 0 2 0 0
1304 3 0 2 0 0
1305 3 0 2 0 0
1306 3 0 2 0 0
1307 3 0 2 0 1
1308 3 0 2 0 0
1309 3 0 2 0 0
1310 3 0 2 0 0
1311 3 0 0 0 0
1312 3 0 2 0 0
1313 3 0 2 0 0
1314 3 0 2 0 0
1315 3 0 0 0 0
1316 3 0 0 0 0
1317 3 0 3 0 0
1318 3 0 2 0 0
1319 3 0 3 0 0
1320 3 0 3 0 0
1321 3 0 3 0 0
1322 3 0 0 0 0
1323 3 0 0 0 0
1324 3 0 3 0 0
1325 3 0 0 0 0
1326 3 0 0 0 0
1327 3 0 0 0 0
1328 3 0 0 0 0
1329 3 0 2 0 0
1330 3 0 3 0 0
1331 3 0 2 0 0
1332 3 0 0 0 0
1333 3 0 0 0 0
1334 3 0 0 0 0
1335 3 0 0 0 0
1336 3 0 3 0 0
1337 3 0 0 0 0
1338 3 0 0 0 0
1339 3 0 0 0 0
1340 3 0 2 0 0
1341 3 0 2 0 1
1342 3 0 0 0 0
1343 3 0 2 0 1
1344 3 0 0 0 0
1345 3 0 0 0 0
1346 3 0 2 0 0
1347 3 0 2 0 1
1348 3 0 2 0 1
1349 3 0 2 0 1
1350 3 0 2 0 0
1351 3 0 2 0 0
1352 3 0 2 0 0
1353 3 0 2 0 0
1354 3 0 2 0 0
1355 3 0 2 0 0
1356 3 0 0 0 0
1357 3 0 2 0 0
1358 3 0 3 0 0
1359 3 0 2 0 0
1360 3 0 2 0 0
1361 3 0 2 0 0
1362 3 0 0 0 0
1363 3 0 0 0 0
1364 3 0 0 0 0
1365 3 0 2 0 1
1366 3 0 2 0 0
1367 3 0 2 0 0
1368 3 0 2 0 0
1369 3 0 2 0 0
1370 3 0 3 0 0
1371 3 0 2 0 0
1372 3 0 2 0 0
1373 3 0 3 0 0
1374 3 0 2 0 1
1375 3 0 3 0 0
1376 3 0 2 0 1
1377 3 0 0 0 0
1378 3 0 2 0 1
1379 3 0 0 0 0
1380 3 0 2 0 1
1381 3 0 3 0 0
1382 3 0 2 0 0
1383 3 0 2 0 1
1384 3 0 3 0 0
1385 3 0 3 0 0
1386 3 0 2 0 0
1387 3 0 2 0 1
1388 3 0 2 0 0
1389 3 0 2 0 0
1390 3 0 2 0 0
1391 3 0 2 0 1
1392 3 0 2 0 1
1393 3 0 2 0 1
1394 3 0 2 0 0
1395 3 0 2 0 0
1396 3 0 2 0 1
1397 3 0 2 0 0
1398 2 0 2 0 1
1399 2 0 2 0 0
1400 3 0 2 0 1
1401 3 0 2 0 1
1402 3 0 2 0 1
1403 3 0 2 0 0
1404 3 0 2 0 0
1405 3 0 2 0 0
1406 3 0 2 0 1
1407 3 0 2 0 0
1408 3 0 2 0 0
1409 3 0 2 0 1
1410 3 0 2 0 0
1411 3 0 2 0 0
1412 3 0 2 0 1
1413 3 0 2 0 1
1414 3 0 2 0 0
1415 3 0 2 0 0
1416 3 0 2 0 0
1417 3 0 2 0 0
1418 3 0 2 0 1
1419 3 0 2 0 0
1420 3 0 2 0 1
1421 3 0 2 0 1
1422 3 0 2 0 1
1423 3 0 2 0 1
1424 3 0 2 0 0
1425 3 0 2 0 0
1426 3 0 2 0 0
1427 3 0 2 0 0
1428 3 0 2 0 1
1429 2 0 2 0 2
1430 3 0 2 0 1
1431 3 0 2 0 1
1432 3 0 2 0 1
1433 3 0 2 0 1
1434 3 0 2 0 1
1435 3 0 2 0 1
1436 3 0 2 0 1
1437 3 0 2 0 1
1438 3 0 2 0 1
1439 3 0 2 0 1
1440 3 0 2 0 1
1441 3 0 2 0 1
1442 2 0 2 0 1
1443 2 0 2 0 1
1444 2 0 2 0 1
1445 3 0 2 0 1
1446 0 0 2 0 1
1447 3 0 2 0 1
1448 2 0 2 0 1
1449 0 0 2 0 1
1450 0 0 2 0 1
1451 0 0 2 0 1
1452 0 0 2 0 1
1453 0 0 2 0 1
1454 0 0 2 0 1
1455 0 0 2 0 1
1456 0 0 2 0 1
1457 0 0 2 0 1
1458 0 0 2 0 1
1459 0 0 2 0 1
1460 0 0 2 0 1
1461 0 0 2 0 1
1462 0 2 2 0 1
1463 0 0 2 0 1
1464 0 2 2 0 1
1465 0 2 2 0 1
1466 0 2 2 0 1
1467 0 2 2 0 1
1468 0 2 2 0 1
1469 0 2 2 0 1
1470 0 2 2 0 1
1471 0 2 2 0 1
1472 0 2 2 0 1
1473 0 2 2 0 1
1474 0 2 2 0 1
1475 0 2 2 0 1
1476 0 2 2 0 1
1477 0 2 2 0 1
1478 0 2 2 0 1
1479 0 2 2 0 1
1480 0 2 2 0 1
1481 2 0 2 0 1
1482 2 0 2 0 1
1483 2 0 2 0 2
1484 2 0 2 0 1
1485 2 0 2 0 1
1486 2 0 2 0 2
1487 2 0 2 0 2
1488 2 0 2 0 2
1489 2 0 2 0 1
1490 2 0 2 0 2
1491 2 0 2 0 1
1492 2 0 2 0 2
1493 2 0 2 0 1
1494 2 0 2 0 1
1495 2 0 2 0 2
1496 2 0 2 0 1
1497 2 0 2 0 2
1498 2 0 2 0 1
1499 2 0 2 0 2
1500 2 0 2 0 1
1501 0 0 2 0 0
1502 2 0 2 0 1
1503 3 0 2 0 1
1504 2 0 2 0 2
1505 2 0 2 0 2
1506 2 0 2 0 2
1507 2 0 2 0 1
1508 2 0 2 0 1
1509 2 0 2 0 2
1510 2 0 2 0 1
1511 2 0 3 0 1
1512 2 0 3 0 1
1513 2 0 3 0 1
1514 2 0 3 0 1
1515 2 0 3 0 1
1516 2 0 3 0 0
1517 2 0 3 0 1
1518 2 0 3 0 0
1519 2 0 3 0 0
1520 2 0 3 0 0
1521 2 0 3 0 0
1522 2 0 0 3 0
1523 3 0 0 3 0
1524 2 0 0 3 0
1525 2 0 0 3 0
1526 2 0 0 3 0
1527 0 0 0 3 0
1528 0 0 0 3 0
1529 0 0 0 3 0
1530 0 0 0 3 0
1531 0 0 0 3 0
1532 0 0 0 3 0
1533 0 0 0 0 0
1534 0 0 0 0 0
1535 0 0 0 0 0
1536 0 0 0 3 0
1537 0 0 0 3 0
1538 0 0 0 3 0
1539 0 0 0 3 0
1540 0 0 0 3 0
1541 0 0 0 3 0
1542 0 0 0 3 0
1543 0 0 0 3 0
1544 0 0 0 3 0
1545 0 0 0 3 0
1546 0 0 0 3 0
1547 0 0 0 0 0
1548 0 0 0 0 0
1549 0 0 0 0 0
1550 0 0 0 0 0
1551 0 0 0 3 0
1552 0 0 0 0 0
1553 0 0 0 0 0
1554 0 0 0 0 0
1555 0 0 0 0 0
1556 0 0 0 0 0
1557 0 0 0 0 0
1558 0 0 0 0 0
1559 0 0 0 0 0
1560 0 0 0 0 0
1561 0 0 0 0 0
1562 0 0 0 0 0
1563 0 0 0 0 0
1564 0 0 0 0 0
1565 0 0 0 0 0
1566 0 0 0 0 0
1567 0 0 0 0 0
1568 0 0 0 0 0
1569 0 0 0 0 0
1570 0 0 0 0 0
1571 0 0 0 0 0
1572 0 0 0 0 0
1573 0 0 0 0 0
1574 0 0 0 0 0
1575 0 0 0 0 0
1576 0 0 0 0 0
1577 0 0 0 0 0
1578 0 0 0 0 0
1579 0 0 0 0 0
1580 0 0 0 0 0
1581 0 0 0 0 0
1582 0 0 0 0 0
1583 0 0 0 0 0
1584 0 0 0 0 0
1585 0 0 0 0 0
1586 0 0 0 0 0
1587 0 0 0 0 0
1588 0 0 0 0 0
1589 0 0 0 0 0
1590 0 0 0 0 0
1591 0 0 0 0 0
1592 0 0 0 0 0
1593 0 0 0 0 0
1594 0 0 0 0 0
1595 0 0 0 0 0
1596 0 0 0 0 0
1597 0 0 0 0 0
1598 0 0 0 0 0
1599 0 0 0 0 0
1600 0 0 0 0 0
1601 0 0 0 0 0
1602 0 0 0 0 0
1603 0 0 0 0 0
1604 0 0 0 0 0
1605 0 0 0 0 0
1606 0 0 0 0 0
1607 0 0 0 0 0
1608 0 0 0 0 0
1609 0 0 0 0 0
1610 0 0 0 0 0
1611 0 0 0 0 0
1612 0 0 0 0 0
1613 2 0 0 0 0
1614 2 0 0 0 0
1615 2 0 0 0 0
1616 2 0 0 0 0
1617 2 0 0 0 0
1618 2 0 0 0 0
1619 2 0 0 0 0
1620 2 0 0 0 0
1621 2 0 3 0 0
1622 2 0 3 0 0
1623 2 0 3 0 0
1624 2 0 3 0 0
1625 2 0 2 0 0
1626 2 0 2 0 0
1627 2 0 3 0 0
1628 2 0 3 0 0
1629 0 0 3 0 0
1630 3 0 3 0 0
1631 0 0 3 0 0
1632 0 0 0 0 0
1633 3 0 2 0 1
1634 3 0 0 2 0
1635 3 0 0 2 0
1636 2 0 0 2 1
1637 0 0 0 2 0
1638 3 0 0 2 0
1639 2 0 0 2 1
1640 3 0 0 2 0
1641 2 0 0 2 1
1642 2 0 0 2 1
1643 3 0 0 2 0
1644 2 0 0 2 1
1645 3 0 0 2 0
1646 3 0 0 2 0
1647 3 0 0 2 0
1648 3 0 0 2 0
1649 3 0 0 2 0
1650 3 0 0 2 0
1651 3 0 0 2 0
1652 2 0 0 2 1
1653 0 0 0 2 0
1654 0 0 0 2 0
1655 3 0 0 2 0
1656 2 0 0 2 1
1657 0 0 0 2 0
1658 3 0 0 2 0
1659 0 0 0 2 0
1660 3 0 0 2 0
1661 3 0 0 2 0
1662 3 0 0 2 0
1663 2 0 0 2 1
1664 3 0 0 2 0
1665 0 0 0 2 0
1666 2 0 0 2 0
1667 2 0 0 2 1
1668 2 0 0 2 1
1669 2 0 0 2 1
1670 0 0 0 2 0
1671 3 0 0 2 0
1672 2 0 0 2 1
1673 2 0 0 2 1
1674 0 0 0 2 0
1675 0 0 0 2 0
1676 3 0 0 3 0
1677 3 0 0 2 0
1678 2 0 0 2 1
1679 3 0 0 2 0
1680 0 0 0 2 0
1681 3 0 0 2 0
1682 2 0 2 0 1
1683 2 0 2 0 1
1684 2 0 3 0 1
1685 3 0 2 0 1
1686 3 0 2 0 0
1687 3 0 0 0 0
1688 3 0 3 0 0
1689 3 0 2 0 0
1690 3 0 2 0 0
1691 0 0 2 0 0
1692 0 0 0 0 0
1693 3 0 2 0 0
1694 0 0 2 0 0
1695 0 0 2 0 0
1696 0 0 2 0 0
1697 0 0 2 0 0
1698 0 0 2 0 1
1699 0 0 2 0 1
1700 0 0 2 0 1
1701 0 0 2 0 1
1702 0 0 2 0 1
1703 0 0 2 0 1
1704 0 0 2 0 1
1705 0 0 3 0 0
1706 3 0 2 0 1
1707 0 0 3 0 0
1708 0 0 2 0 0
1709 3 0 2 0 0
1710 3 0 2 0 0
1711 0 0 2 0 0
1712 0 0 2 0 0
1713 3 0 2 0 0
1714 3 0 2 0 0
1715 3 0 2 0 0
1716 3 0 2 0 0
1717 3 0 2 0 0
1718 3 0 2 0 0
1719 3 0 2 0 0
1720 3 0 3 0 0
1721 3 0 2 0 0
1722 3 0 2 0 0
1723 3 0 2 0 0
1724 3 0 3 0 0
1725 3 0 3 0 0
1726 3 0 0 0 0
1727 3 0 3 0 0
1728 3 0 3 0 0
1729 3 0 2 0 0
1730 3 0 2 0 0
1731 3 0 0 0 0
1732 3 0 2 0 0
1733 3 0 2 0 0
1734 3 0 2 0 0
1735 3 0 2 0 0
1736 3 0 2 0 0
1737 3 0 2 0 0
1738 3 0 2 0 0
1739 3 0 2 0 0
1740 3 0 2 0 0
1741 3 0 2 0 0
1742 3 0 2 0 0
1743 3 0 2 0 0
1744 3 0 2 0 0
1745 3 0 3 0 0
1746 0 0 3 0 0
1747 0 0 3 0 0
1748 3 0 2 0 0
1749 0 0 3 0 0
1750 0 0 3 0 0
1751 3 0 3 0 0
1752 3 0 2 0 0
1753 3 0 2 0 0
1754 3 0 2 0 0
1755 3 0 2 0 0
1756 3 0 2 0 0
1757 3 0 2 0 0
1758 3 0 2 0 0
1759 3 0 2 0 0
1760 3 0 2 0 0
1761 3 0 2 0 0
1762 3 0 2 0 0
1763 3 0 2 0 0
1764 3 0 2 0 0
1765 3 0 2 0 0
1766 3 0 2 0 0
1767 3 0 2 0 0
1768 3 0 2 0 0
1769 3 0 2 0 0
1770 3 0 2 0 0
1771 3 0 2 0 0
1772 3 0 2 0 0
1773 3 0 2 0 0
1774 3 0 2 0 0
1775 3 0 2 0 0
1776 3 0 2 0 0
1777 3 0 2 0 0
1778 3 0 2 0 0
1779 3 0 2 0 0
1780 3 0 2 0 0
1781 3 0 2 0 0
1782 3 0 2 0 0
1783 3 0 2 0 0
1784 3 0 2 0 0
1785 3 0 2 0 0
1786 3 0 2 0 0
1787 3 0 2 0 0
1788 3 0 2 0 0
1789 3 0 2 0 0
1790 3 0 2 0 1
1791 3 0 2 0 1
1792 3 0 2 0 1
1793 3 0 2 0 1
1794 3 0 3 0 0
1795 3 0 2 0 0
1796 3 0 2 0 1
1797 3 0 2 0 0
1798 3 0 2 0 0
1799 3 0 2 0 0
1800 3 0 2 0 1
1801 3 0 2 0 1
1802 3 0 2 0 1
1803 3 0 2 0 1
1804 3 0 2 0 1
1805 3 0 2 0 1
1806 3 0 2 0 1
1807 3 0 2 0 1
1808 3 0 2 0 1
1809 3 0 2 0 1
1810 3 0 2 0 1
1811 3 0 2 0 1
1812 3 0 2 0 1
1813 3 0 2 0 1
1814 3 0 2 0 1
1815 3 0 2 0 1
1816 3 0 2 0 1
1817 3 0 2 0 1
1818 3 0 2 0 1
1819 3 0 2 0 1
1820 3 0 2 0 1
1821 3 0 2 0 1
1822 3 0 2 0 1
1823 3 0 2 0 1
1824 3 0 2 0 1
1825 3 0 2 0 1
1826 3 0 2 0 1
1827 3 0 2 0 1
1828 3 0 2 0 1
1829 3 0 2 0 1
1830 3 0 2 0 1
1831 3 0 2 0 1
1832 3 0 2 0 1
1833 3 0 2 0 1
1834 3 0 2 0 1
1835 3 0 2 0 1
1836 3 0 2 0 0
1837 3 0 2 0 0
1838 3 0 2 0 0
1839 3 0 2 0 0
1840 3 0 2 0 0
1841 3 0 2 0 1
1842 3 0 2 0 1
1843 3 0 2 0 1
1844 3 0 2 0 1
1845 3 0 2 0 1
1846 3 0 2 0 1
1847 3 0 2 0 1
1848 3 0 2 0 1
1849 3 0 2 0 1
1850 3 0 2 0 1
1851 3 0 2 0 1
1852 3 0 2 0 1
1853 3 0 2 0 1
1854 3 0 2 0 1
1855 3 0 2 0 1
1856 3 0 2 0 1
1857 3 0 2 0 1
1858 3 0 2 0 1
1859 3 0 2 0 1
1860 3 0 2 0 1
1861 3 0 2 0 1
1862 3 0 2 0 1
1863 3 0 2 0 1
1864 3 0 2 0 1
1865 3 0 2 0 0
1866 3 0 2 0 0
1867 3 0 2 0 1
1868 3 0 2 0 0
1869 3 0 2 0 0
1870 3 0 2 0 0
1871 3 0 2 0 0
1872 3 0 2 0 0
1873 3 0 2 0 0
1874 3 0 2 0 0
1875 3 0 2 0 0
1876 3 0 2 0 0
1877 3 0 2 0 0
1878 3 0 2 0 0
1879 3 0 2 0 0
1880 3 0 2 0 0
1881 3 0 2 0 0
1882 3 0 3 0 0
1883 3 0 2 0 0
1884 3 0 2 0 0
1885 3 0 3 0 0
1886 3 0 2 0 0
1887 3 0 2 0 0
1888 3 0 2 0 1
1889 3 0 2 0 1
1890 3 0 2 0 1
1891 3 0 2 0 1
1892 3 0 2 0 1
1893 3 0 2 0 1
1894 3 0 3 0 0
1895 3 0 2 0 1
1896 3 0 2 0 0
1897 3 0 2 0 1
1898 3 0 2 0 1
1899 3 0 2 0 1
1900 3 0 2 0 1
1901 3 0 2 0 1
1902 3 0 2 0 1
1903 3 0 2 0 1
1904 3 0 2 0 1
1905 3 0 2 0 1
1906 3 0 2 0 1
1907 3 0 2 0 1
1908 3 0 2 0 1
1909 3 0 2 0 0
1910 3 0 2 0 0
1911 3 0 2 0 1
1912 3 0 2 0 1
1913 3 0 2 0 1
1914 3 0 2 0 1
1915 3 0 2 0 1
1916 3 0 2 0 1
1917 3 0 2 0 1
1918 3 0 2 0 1
1919 3 0 2 0 1
1920 3 0 2 0 1
1921 3 0 2 0 1
1922 3 0 2 0 1
1923 3 0 2 0 1
1924 3 0 2 0 1
1925 3 0 2 0 1
1926 3 0 2 0 1
1927 3 0 2 0 1
1928 3 0 2 0 1
1929 3 0 2 0 1
1930 3 0 2 0 1
1931 3 0 2 0 1
1932 3 0 2 0 1
1933 3 0 2 0 1
1934 3 0 2 0 1
1935 3 0 2 0 1
1936 3 0 2 0 1
1937 3 0 2 0 1
1938 3 0 2 0 1
1939 3 0 2 0 1
1940 3 0 2 0 1
1941 3 0 2 0 1
1942 3 0 2 0 1
1943 3 0 2 0 1
1944 3 0 2 0 1
1945 3 0 2 0 1
1946 3 0 2 0 1
1947 3 0 2 0 1
1948 3 0 2 0 1
1949 3 0 2 0 1
1950 3 0 2 0 1
1951 3 0 2 0 1
1952 3 0 2 0 1
1953 3 0 2 0 1
1954 3 0 2 0 1
1955 3 0 2 0 1
1956 3 0 2 0 1
1957 3 0 2 0 1
1958 3 0 2 0 1
1959 3 0 2 0 1
1960 3 0 2 0 1
1961 0 3 2 0 1
1962 0 3 2 0 1
1963 0 3 2 0 1
1964 0 3 2 0 1
1965 0 3 2 0 1
1966 0 3 2 0 1
1967 0 0 2 0 1
1968 0 0 2 0 1
1969 0 3 2 0 1
1970 0 3 2 0 1
1971 0 3 2 0 1
1972 0 3 2 0 1
1973 0 3 2 0 1
1974 0 3 2 0 1
1975 0 3 2 0 1
1976 0 0 2 0 1
1977 0 0 2 0 1
1978 0 0 2 0 1
1979 3 0 2 0 1
1980 0 0 2 0 1
1981 0 0 2 0 1
1982 0 0 2 0 1
1983 0 0 2 0 1
1984 0 0 2 0 1
1985 0 0 2 0 1
1986 0 0 2 0 1
1987 0 0 2 0 1
1988 0 0 2 0 1
1989 0 0 2 0 1
1990 0 0 2 0 1
1991 0 0 2 0 1
1992 0 0 2 0 1
1993 0 0 2 0 1
1994 0 0 2 0 1
1995 0 0 2 0 1
1996 0 0 2 0 1
1997 0 0 2 0 1
1998 0 0 2 0 1
1999 0 0 2 0 1
2000 0 0 2 0 1
2001 0 0 2 0 1
2002 0 0 2 0 1
2003 0 0 2 0 1
2004 0 0 2 0 1
2005 0 0 2 0 1
2006 0 0 2 0 1
2007 0 0 2 0 1
2008 0 0 2 0 1
2009 0 0 2 0 1
2010 0 0 2 0 1
2011 0 0 2 0 1
2012 0 0 2 0 1
2013 0 0 2 0 1
2014 0 0 2 0 1
2015 0 0 2 0 1
2016 0 0 2 0 1
2017 0 0 2 0 1
2018 0 0 2 0 1
2019 0 0 2 0 1
2020 0 0 2 0 1
2021 0 0 2 0 1
2022 0 0 2 0 1
2023 0 0 2 0 1
2024 0 0 2 0 1
2025 3 0 2 0 1
2026 3 0 2 0 1
2027 3 0 2 0 1
2028 0 0 2 0 1
2029 3 0 2 0 1
2030 3 0 2 0 1
2031 3 0 2 0 1
2032 3 0 2 0 1
2033 3 0 2 0 1
2034 3 0 2 0 1
2035 0 0 2 0 1
2036 0 0 2 0 1
2037 0 0 2 0 1
2038 0 0 2 0 1
2039 0 0 2 0 1
2040 0 0 2 0 1
2041 0 0 2 0 1
2042 0 0 2 0 1
2043 3 0 2 0 0
2044 3 0 2 0 0
2045 3 0 2 0 0
2046 0 0 2 0 0
2047 3 0 2 0 1
2048 0 0 2 0 1
2049 3 0 2 0 1
2050 3 0 2 0 1
2051 0 0 2 0 1
2052 0 0 2 0 1
2053 0 0 2 0 1
2054 3 0 2 0 1
2055 3 0 2 0 0
2056 3 0 2 0 0
2057 0 0 2 0 1
2058 3 0 2 0 1
2059 0 0 2 0 0
2060 0 0 2 0 0
2061 0 0 2 0 0
2062 3 0 2 0 0
2063 0 0 2 0 1
2064 3 0 2 0 1
2065 0 0 2 0 0
2066 0 0 2 0 1
2067 0 0 2 0 1
2068 3 0 2 0 1
2069 3 0 2 0 1
2070 3 0 2 0 1
2071 3 0 2 0 1
2072 3 0 2 0 1
2073 3 0 2 0 1
2074 3 0 2 0 1
2075 3 0 2 0 1
2076 3 0 2 0 1
2077 3 0 2 0 1
2078 3 0 2 0 1
2079 3 0 2 0 1
2080 3 0 2 0 1
2081 3 0 2 0 1
2082 3 0 2 0 1
2083 3 0 2 0 1
2084 3 0 2 0 1
2085 3 0 2 0 1
2086 3 0 2 0 1
2087 3 0 2 0 1
2088 3 0 2 0 1
2089 0 0 2 0 1
2090 0 0 2 0 1
2091 0 0 2 0 1
2092 0 0 2 0 1
2093 0 0 2 0 1
2094 0 0 2 0 1
2095 0 0 2 0 1
2096 0 0 2 0 1
2097 0 0 2 0 1
2098 0 0 2 0 1
2099 0 0 2 0 1
2100 0 0 2 0 1
2101 0 0 2 0 1
2102 0 0 2 0 1
2103 0 0 2 0 1
2104 0 0 2 0 1
2105 0 0 2 0 1
2106 0 0 2 0 1
2107 0 0 2 0 1
2108 0 0 2 0 1
2109 0 0 2 0 1
2110 0 0 2 0 1
2111 0 0 2 0 1
2112 0 0 2 0 1
2113 0 0 2 0 1
2114 0 0 2 0 1
2115 0 0 2 0 1
2116 0 0 2 0 1
2117 0 0 2 0 1
2118 0 0 2 0 1
2119 0 0 2 0 1
2120 0 0 2 0 1
2121 0 0 2 0 1
2122 0 0 2 0 1
2123 0 0 2 0 1
2124 0 0 2 0 1
2125 0 0 2 0 1
2126 0 0 2 0 1
2127 0 0 2 0 1
2128 0 0 2 0 1
2129 0 0 2 0 1
2130 0 0 2 0 1
2131 0 0 2 0 1
2132 0 0 2 0 1
2133 3 0 2 0 1
2134 3 0 2 0 1
2135 3 0 2 0 1
2136 3 0 2 0 1
2137 3 0 2 0 1
2138 2 0 2 0 2
2139 2 0 2 0 1
2140 0 0 2 0 1
2141 0 2 2 0 1
2142 0 2 2 0 1
2143 0 2 2 0 1
2144 0 2 2 0 1
2145 0 2 2 0 1
2146 0 2 2 0 1
2147 0 2 2 0 1
2148 0 2 2 0 1
2149 0 2 2 0 1
2150 0 2 2 0 1
2151 0 2 2 0 1
2152 0 2 2 0 1
2153 0 2 2 0 1
2154 0 2 2 0 1
2155 0 2 2 0 1
2156 0 2 2 0 1
2157 0 2 2 0 1
2158 0 2 2 0 1
2159 0 2 2 0 1
2160 0 2 2 0 1
2161 0 2 2 0 1
2162 0 2 2 0 1
2163 0 2 2 0 1
2164 0 2 2 0 1
2165 0 2 2 0 1
2166 0 2 2 0 1
2167 0 2 2 0 1
2168 0 2 2 0 1
2169 0 2 2 0 1
2170 0 2 2 0 1
2171 0 2 2 0 1
2172 0 2 2 0 1
2173 0 2 2 0 1
2174 0 2 2 0 1
2175 0 2 2 0 1
2176 0 2 2 0 1
2177 0 2 2 0 1
2178 0 2 2 0 1
2179 0 2 2 0 1
2180 0 2 2 0 1
2181 0 2 2 0 1
2182 0 2 2 0 1
2183 0 2 2 0 1
2184 0 2 2 0 1
2185 0 2 2 0 1
2186 2 0 2 0 2
2187 2 0 2 0 1
2188 2 0 2 0 1
2189 2 0 2 0 1
2190 2 0 3 0 1
2191 2 0 2 0 1
2192 2 0 2 0 1
2193 2 0 2 0 2
2194 2 0 2 0 2
2195 2 0 3 0 1
2196 2 0 2 0 2
2197 2 0 2 0 2
2198 2 0 2 0 2
2199 2 0 2 0 2
2200 2 0 2 0 2
2201 0 0 3 0 0
2202 2 0 3 0 0
2203 3 0 2 0 1
2204 0 0 0 2 0
2205 0 0 0 2 0
2206 2 0 0 2 0
2207 2 0 0 3 0
2208 2 0 0 2 0
2209 0 0 0 3 0
2210 2 0 0 3 0
2211 2 0 0 3 0
2212 2 0 0 3 0
2213 2 0 0 3 0
2214 2 0 0 3 0
2215 0 0 0 3 0
2216 0 0 0 3 0
2217 2 0 0 3 0
2218 0 0 0 3 0
2219 0 0 0 2 0
2220 0 0 0 3 0
2221 0 0 0 2 0
2222 0 0 0 2 0
2223 0 0 0 3 0
2224 0 0 0 2 0
2225 0 0 0 3 0
2226 0 0 0 3 0
2227 0 0 0 3 0
2228 0 0 0 0 0
2229 0 0 0 3 0
2230 0 0 0 0 0
2231 0 0 0 3 0
2232 0 0 0 3 0
2233 0 0 0 0 0
2234 0 0 3 0 0
2235 0 0 0 0 0
2236 0 0 0 0 0
2237 0 0 0 0 0
2238 0 0 0 0 0
2239 0 0 0 0 0
2240 0 0 0 0 0
2241 0 0 0 0 0
2242 0 0 0 0 0
2243 0 0 0 0 0
2244 0 0 0 0 0
2245 0 0 0 0 0
2246 0 0 0 0 0
2247 0 0 0 0 0
2248 0 0 0 0 0
2249 0 0 0 0 0
2250 0 0 0 0 0
2251 0 0 0 0 0
2252 0 0 0 0 0
2253 0 0 0 0 0
2254 0 0 0 0 0
2255 0 0 0 0 0
2256 0 0 0 0 0
2257 0 0 0 0 0
2258 0 0 0 0 0
2259 0 0 0 0 0
2260 0 0 0 0 0
2261 0 0 0 0 0
2262 0 0 0 0 0
2263 0 0 0 0 0
2264 0 0 0 0 0
2265 0 0 0 0 0
2266 0 0 0 0 0
2267 0 0 0 0 0
2268 0 0 0 0 0
2269 0 0 0 0 0
2270 0 0 0 0 0
2271 0 0 0 0 0
2272 0 0 0 0 0
2273 0 0 0 0 0
2274 0 0 0 0 0
2275 0 0 0 0 0
2276 0 0 0 0 0
2277 0 0 0 0 0
2278 0 0 0 0 0
2279 0 0 0 0 0
2280 0 0 0 0 0
2281 0 0 0 0 0
2282 0 0 0 0 0
2283 0 0 0 0 0
2284 0 0 0 0 0
2285 0 0 0 0 0
2286 0 0 0 0 0
2287 0 0 0 0 0
2288 0 0 0 0 0
2289 0 0 0 0 0
2290 0 0 3 0 0
2291 0 0 0 0 0
2292 0 0 3 0 0
2293 0 0 3 0 0
2294 0 0 3 0 0
2295 0 0 3 0 0
2296 0 0 3 0 0
2297 2 0 3 0 0
2298 2 0 3 0 0
2299 2 0 2 0 0
2300 2 0 3 0 0
2301 2 0 3 0 0
2302 2 0 3 0 0
2303 2 0 3 0 0
2304 2 0 3 0 0
2305 0 0 3 0 0
2306 2 0 3 0 0
2307 2 0 3 0 0
2308 2 0 2 0 0
2309 2 0 3 0 0
2310 2 0 3 0 1
2311 2 0 3 0 1
2312 2 0 3 0 0
2313 2 0 3 0 0
2314 2 0 2 0 2
2315 2 0 2 0 0
2316 2 0 2 0 2
2317 2 0 0 3 0
2318 2 0 0 3 0
2319 2 0 0 2 0
2320 2 0 0 2 1
2321 2 0 0 2 1
2322 2 0 0 3 0
2323 2 0 0 2 0
2324 2 0 0 2 0
2325 2 0 0 3 0
2326 2 0 0 2 0
2327 2 0 0 2 0
2328 2 0 0 2 0
2329 2 0 0 2 0
2330 2 0 0 3 0
2331 2 0 0 3 0
2332 2 0 0 2 0
2333 2 0 0 2 0
2334 2 0 0 2 0
2335 2 0 0 2 0
2336 2 0 0 3 0
2337 2 0 0 2 0
2338 2 0 0 2 0
2339 0 0 0 2 0
2340 2 0 0 2 0
2341 0 0 0 2 0
2342 0 0 0 2 0
2343 0 0 0 2 0
2344 0 0 0 2 0
2345 0 0 0 2 0
2346 0 0 0 2 0
2347 0 0 2 0 1
2348 0 0 2 0 1
2349 0 0 2 0 0
2350 0 0 2 0 0
2351 0 0 2 0 0
2352 0 0 2 0 0
2353 0 0 2 0 0
2354 0 0 2 0 0
2355 0 0 2 0 0
2356 0 0 2 0 0
2357 0 0 2 0 0
2358 0 0 2 0 0
2359 0 0 2 0 0
2360 0 0 2 0 0
2361 0 0 2 0 0
2362 0 0 2 0 0
2363 0 0 2 0 0
2364 0 0 2 0 0
2365 0 0 2 0 0
2366 0 0 2 0 0
2367 0 0 2 0 0
2368 0 0 2 0 0
2369 0 0 2 0 0
2370 0 0 2 0 0
2371 0 0 2 0 0
2372 0 0 2 0 0
2373 0 0 2 0 0
2374 0 0 2 0 0
2375 0 0 2 0 0
2376 0 0 2 0 0
2377 0 0 2 0 0
2378 0 0 2 0 0
2379 0 0 2 0 0
2380 0 0 2 0 0
2381 0 0 2 0 0
2382 0 0 2 0 0
2383 0 0 0 0 0
2384 0 0 2 0 0
2385 0 0 2 0 0
2386 0 0 2 0 0
2387 0 0 2 0 0
2388 0 0 2 0 0
2389 0 0 0 0 0
2390 0 0 2 0 0
2391 0 0 2 0 0
2392 0 0 2 0 0
2393 0 0 2 0 0
2394 0 0 2 0 0
2395 0 0 2 0 0
2396 0 0 2 0 0
2397 0 0 2 0 0
2398 0 0 2 0 0
2399 0 0 2 0 0
2400 0 0 3 0 0
2401 0 0 3 0 0
2402 0 0 2 0 0
2403 0 0 0 0 0
2404 0 0 0 0 0
2405 0 0 2 0 0
2406 0 0 2 0 0
2407 0 0 2 0 0
2408 0 0 2 0 0
2409 0 0 2 0 0
2410 0 0 2 0 0
2411 0 0 3 0 0
2412 0 0 0 0 0
2413 0 0 3 0 0
2414 0 0 3 0 0
2415 0 0 0 0 0
2416 0 0 0 0 0
2417 0 0 0 0 0
2418 0 0 0 0 0
2419 0 0 0 0 0
2420 0 0 0 0 0
2421 0 0 2 0 0
2422 0 0 0 0 0
2423 0 0 2 0 0
2424 0 0 0 0 0
2425 0 0 2 0 0
2426 0 0 2 0 0
2427 0 0 2 0 0
2428 0 0 2 0 0
2429 0 0 2 0 0
2430 0 0 2 0 0
2431 0 0 2 0 0
2432 0 0 2 0 0
2433 0 0 2 0 0
2434 0 0 2 0 0
2435 0 0 2 0 0
2436 0 0 2 0 0
2437 0 0 2 0 0
2438 0 0 2 0 0
2439 0 0 2 0 0
2440 0 0 2 0 0
2441 3 0 2 0 0
2442 0 0 2 0 0
2443 0 0 2 0 0
2444 0 0 2 0 0
2445 0 0 2 0 0
2446 0 0 2 0 0
2447 3 0 2 0 0
2448 3 0 2 0 0
2449 3 0 2 0 0
2450 0 0 2 0 0
2451 2 0 2 0 0
2452 2 0 2 0 0
2453 0 0 2 0 0
2454 2 0 2 0 0
2455 0 0 2 0 0
2456 2 0 2 0 0
2457 2 0 2 0 0
2458 2 0 2 0 0
2459 2 0 2 0 0
2460 2 0 2 0 0
2461 2 0 2 0 0
2462 2 0 2 0 0
2463 2 0 2 0 0
2464 2 0 2 0 0
2465 2 0 2 0 0
2466 2 0 2 0 0
2467 2 0 2 0 0
2468 2 0 2 0 0
2469 2 0 2 0 1
2470 2 0 2 0 2
2471 2 0 2 0 1
2472 2 0 3 0 1
2473 2 0 3 0 1
2474 2 0 3 0 1
2475 2 0 3 0 1
2476 2 0 3 0 1
2477 2 0 3 0 1
2478 2 0 3 0 1
2479 2 0 0 0 1
2480 2 0 3 0 1
2481 2 0 0 0 0
2482 2 0 0 0 0
2483 3 0 0 0 0
2484 3 0 0 0 0
2485 2 0 0 0 0
2486 2 0 0 0 0
2487 2 0 0 0 0
2488 2 0 0 0 0
2489 2 0 0 0 0
2490 2 0 0 0 0
2491 2 0 0 0 0
2492 2 0 0 0 0
2493 2 0 0 0 0
2494 2 0 0 0 0
2495 2 0 0 0 0
2496 2 0 0 0 0
2497 2 0 0 0 0
2498 2 0 0 0 0
2499 2 0 0 0 0
2500 2 0 0 0 0
2501 2 0 0 0 0
2502 2 0 0 0 0
2503 2 0 0 0 0
2504 2 0 0 0 0
2505 2 0 0 0 0
2506 2 0 0 0 0
2507 2 0 0 0 0
2508 2 0 0 0 0
2509 2 0 0 0 0
2510 2 0 0 0 0
2511 2 0 0 0 1
2512 2 0 0 0 0
2513 2 0 0 0 1
2514 2 0 0 0 1
2515 2 0 0 0 1
2516 2 0 0 0 1
2517 2 0 0 0 0
2518 2 0 0 0 0
2519 2 0 0 0 1
2520 2 0 0 0 1
2521 3 0 0 0 0
2522 3 0 0 0 0
2523 3 0 0 0 0
2524 2 0 0 0 1
2525 2 0 0 0 0
2526 2 0 0 0 0
2527 2 0 0 0 0
2528 2 0 0 0 0
2529 2 0 0 0 0
2530 2 0 0 0 0
2531 2 0 0 0 0
2532 2 0 0 0 1
2533 2 0 0 0 1
2534 2 0 0 0 1
2535 2 0 0 0 1
2536 2 0 0 0 1
2537 2 0 0 0 1
2538 2 0 0 0 1
2539 2 0 0 0 1
2540 2 0 0 0 1
2541 2 0 0 0 1
2542 2 0 0 0 1
2543 2 0 0 0 1
2544 2 0 0 0 1
2545 2 0 0 0 1
2546 2 0 0 0 0
2547 2 0 0 0 0
2548 2 0 0 0 0
2549 2 0 0 0 0
2550 2 0 0 0 0
2551 2 0 0 0 0
2552 2 0 0 0 1
2553 2 0 0 0 1
2554 2 0 0 0 1
2555 2 0 0 0 1
2556 2 0 0 0 1
2557 2 0 0 0 1
2558 2 0 0 0 0
2559 2 0 0 0 0
2560 2 0 0 0 0
2561 2 0 0 0 0
2562 2 0 0 0 1
2563 2 0 0 0 1
2564 2 0 0 0 1
2565 2 0 0 0 1
2566 2 0 0 0 1
2567 2 0 0 0 1
2568 2 0 0 0 0
2569 2 0 0 0 0
2570 2 0 0 0 0
2571 2 0 0 0 0
2572 2 0 0 0 0
2573 2 0 0 0 0
2574 3 0 0 0 0
2575 2 0 0 0 0
2576 2 0 0 0 1
2577 2 0 0 0 0
2578 2 0 0 0 0
2579 2 0 0 0 0
2580 2 0 0 0 0
