0 0 0 2 0 0
1 0 0 2 0 0
2 0 0 2 0 0
3 0 0 2 0 0
4 0 0 2 0 0
5 0 0 2 0 0
6 0 0 0 0 0
7 0 0 2 0 0
8 0 0 2 0 0
9 0 0 2 0 0
10 0 0 2 0 0
11 0 0 2 0 0
12 0 0 2 0 0
13 0 0 2 0 0
14 0 0 0 2 0
15 0 0 0 2 0
16 0 0 0 2 0
17 0 0 0 2 0
18 0 0 0 2 0
19 0 0 0 2 0
20 0 0 0 2 0
21 0 0 0 2 0
22 0 0 0 2 0
23 0 0 0 2 0
24 0 0 0 2 0
25 0 0 0 2 0
26 0 0 0 2 0
27 0 0 0 2 0
28 0 0 0 2 0
29 0 0 0 2 0
30 0 0 0 2 0
31 0 0 2 0 0
32 0 0 2 0 0
33 0 0 2 0 0
34 0 0 2 0 0
35 0 0 2 0 0
36 0 0 2 0 0
37 0 0 2 0 0
38 0 0 2 0 0
39 0 0 2 0 0
40 0 0 2 0 0
41 0 0 2 0 0
42 0 0 2 0 0
43 0 0 2 0 0
44 0 0 2 0 0
45 0 0 2 0 0
46 0 0 2 0 0
47 0 0 2 0 0
48 0 0 2 0 0
49 0 0 2 0 0
50 0 0 2 0 0
51 0 0 2 0 0
52 0 0 2 0 0
53 0 0 2 0 0
54 0 0 2 0 0
55 0 0 2 0 0
56 0 0 2 0 0
57 0 0 2 0 0
58 0 0 2 0 0
59 0 0 2 0 0
60 0 0 2 0 0
61 0 0 2 0 0
62 0 0 2 0 0
63 0 0 2 0 0
64 0 0 2 0 0
65 0 0 2 0 0
66 0 0 2 0 0
67 0 0 2 0 0
68 3 0 2 0 0
69 3 0 2 0 0
70 0 0 2 0 0
71 0 0 2 0 0
72 0 0 2 0 0
73 2 0 2 0 0
74 0 0 2 0 0
75 3 0 2 0 0
76 0 0 2 0 0
77 0 0 2 0 0
78 0 0 2 0 0
79 0 2 2 0 1
80 0 2 2 0 1
81 0 2 2 0 1
82 0 0 2 0 0
83 0 2 2 0 1
84 0 2 2 0 1
85 0 2 2 0 0
86 0 0 2 0 0
87 0 2 2 0 0
88 0 2 2 0 0
89 0 2 2 0 1
90 0 2 2 0 1
91 0 2 2 0 1
92 0 2 2 0 1
93 0 2 2 0 1
94 0 2 2 0 1
95 0 2 2 0 1
96 0 2 2 0 1
97 0 2 2 0 1
98 0 2 2 0 1
99 0 2 2 0 1
100 0 2 2 0 1
101 0 2 2 0 1
102 0 2 2 0 1
103 0 2 2 0 1
104 0 2 2 0 1
105 0 2 2 0 1
106 0 2 2 0 1
107 0 2 2 0 0
108 0 2 2 0 1
109 0 2 2 0 1
110 0 2 2 0 1
111 0 2 2 0 1
112 0 2 2 0 1
113 0 2 2 0 1
114 0 2 2 0 0
115 0 2 2 0 0
116 0 2 2 0 1
117 0 2 2 0 1
118 0 2 2 0 0
119 0 2 2 0 0
120 0 2 2 0 0
121 0 2 2 0 0
122 0 2 2 0 0
123 0 2 2 0 0
124 0 2 2 0 0
125 0 2 2 0 0
126 0 2 2 0 0
127 0 2 2 0 0
128 0 2 2 0 0
129 0 2 2 0 0
130 0 2 2 0 0
131 0 2 2 0 0
132 0 2 3 0 0
133 0 2 3 0 0
134 0 2 2 0 0
135 0 0 3 0 0
136 0 0 3 0 0
137 0 0 3 0 0
138 0 0 3 0 0
139 0 2 2 0 0
140 0 2 2 0 0
141 0 0 3 0 0
142 0 0 3 0 0
143 0 0 3 0 0
144 0 2 2 0 0
145 0 2 2 0 0
146 0 2 2 0 1
147 0 2 2 0 0
148 0 2 2 0 0
149 0 2 2 0 1
150 0 2 3 0 0
151 0 2 2 0 1
152 0 2 2 0 1
153 0 2 2 0 1
154 0 2 2 0 1
155 0 2 2 0 0
156 0 2 2 0 1
157 2 0 2 0 1
158 2 0 2 0 1
159 2 0 2 0 1
160 2 0 2 0 1
161 2 0 3 0 1
162 2 0 3 0 1
163 2 0 3 0 1
164 2 0 3 0 1
165 2 0 3 0 1
166 2 0 0 0 1
167 2 0 0 0 1
168 2 0 0 0 1
169 2 0 0 0 1
170 2 0 0 0 1
171 2 0 0 0 1
172 2 0 0 0 1
173 2 0 0 0 1
174 2 0 0 0 1
175 2 0 2 0 1
176 2 0 0 0 1
177 2 0 0 0 1
178 2 0 3 0 1
179 2 0 3 0 1
180 2 0 2 0 1
181 2 0 3 0 1
182 2 0 2 0 1
183 2 0 3 0 1
184 2 0 3 0 1
185 2 0 3 0 1
186 2 0 3 0 1
187 2 0 3 0 1
188 2 0 3 0 1
189 2 0 3 0 1
190 2 0 3 0 1
191 2 0 2 0 1
192 2 0 2 0 1
193 2 0 2 0 1
194 2 0 2 0 1
195 2 0 0 0 1
196 2 0 0 0 1
197 2 0 2 0 1
198 2 0 2 0 1
199 2 0 2 0 1
200 2 0 2 0 1
201 2 0 2 0 1
202 2 0 0 2 1
203 2 0 0 3 1
204 2 0 0 2 1
205 2 0 0 2 1
206 2 0 0 2 1
207 2 0 0 2 1
208 2 0 0 2 1
209 2 0 0 2 1
210 2 0 0 3 1
211 2 0 0 3 1
212 2 0 0 2 1
213 2 0 0 2 1
214 2 0 0 2 1
215 2 0 0 2 1
216 2 0 0 2 1
217 2 0 0 2 1
218 2 0 0 2 1
219 2 0 0 2 1
220 2 0 0 2 1
221 2 0 0 2 1
222 2 0 0 2 1
223 2 0 0 2 1
224 2 0 0 2 1
225 2 0 0 2 1
226 2 0 0 2 1
227 2 0 0 2 1
228 2 0 0 2 1
229 2 0 0 2 1
230 2 0 0 2 1
231 2 0 0 2 0
232 2 0 0 2 0
233 2 0 0 2 0
234 2 0 0 2 0
235 2 0 0 2 0
236 2 0 0 2 0
237 2 0 0 2 0
238 2 0 0 2 0
239 2 0 0 2 0
240 2 0 0 2 0
241 2 0 0 2 0
242 2 0 0 2 0
243 2 0 0 2 0
244 2 0 0 2 0
245 2 0 0 2 0
246 2 0 0 2 0
247 2 0 2 0 0
248 2 0 2 0 0
249 2 0 2 0 0
250 2 0 2 0 0
251 2 0 2 0 0
252 2 0 2 0 0
253 2 0 2 0 0
254 2 0 2 0 1
255 2 0 2 0 1
256 2 0 2 0 1
257 2 0 2 0 1
258 2 0 2 0 1
259 2 0 2 0 1
260 2 0 2 0 2
261 2 0 2 0 2
262 2 0 2 0 2
263 2 0 2 0 1
264 2 0 2 0 2
265 2 0 2 0 1
266 2 0 2 0 1
267 3 0 2 0 0
268 3 0 2 0 0
269 3 0 2 0 0
270 3 0 2 0 0
271 3 0 2 0 0
272 0 0 2 0 0
273 0 2 2 0 0
274 0 0 2 0 0
275 0 3 2 0 0
276 0 0 2 0 0
277 0 0 2 0 0
278 0 0 2 0 1
279 0 0 2 0 1
280 0 0 3 0 0
281 0 0 2 0 1
282 0 0 2 0 1
283 0 0 2 0 1
284 0 0 2 0 1
285 0 0 2 0 1
286 0 0 2 0 1
287 0 0 2 0 1
288 0 0 2 0 1
289 0 0 2 0 1
290 0 0 2 0 1
291 0 0 2 0 1
292 0 0 2 0 1
293 0 0 2 0 1
294 0 0 2 0 1
295 0 0 2 0 1
296 0 0 3 0 0
297 0 0 2 0 1
298 0 0 2 0 1
299 0 0 3 0 0
300 0 0 2 0 1
301 0 0 2 0 1
302 0 0 2 0 1
303 0 0 3 0 0
304 0 0 3 0 0
305 0 0 2 0 1
306 0 0 3 0 0
307 0 0 3 0 0
308 0 0 2 0 1
309 0 0 2 0 1
310 0 0 3 0 0
311 0 0 3 0 0
312 0 0 2 0 1
313 0 0 2 0 1
314 0 0 2 0 1
315 0 0 3 0 0
316 0 0 2 0 1
317 0 0 3 0 0
318 0 0 2 0 1
319 0 0 3 0 0
320 0 0 2 0 1
321 0 0 2 0 1
322 0 0 3 0 0
323 0 0 2 0 1
324 0 0 2 0 1
325 0 0 2 0 1
326 0 0 3 0 0
327 0 0 2 0 1
328 0 0 2 0 1
329 0 0 2 0 1
330 0 0 2 0 1
331 0 0 2 0 1
332 0 0 3 0 0
333 0 0 2 0 1
334 0 0 3 0 0
335 0 0 3 0 0
336 0 0 3 0 0
337 0 0 3 0 0
338 0 0 2 0 1
339 0 0 3 0 0
340 0 0 3 0 0
341 0 0 3 0 0
342 0 0 2 0 1
343 0 0 3 0 0
344 0 0 3 0 0
345 0 0 2 0 1
346 0 0 2 0 1
347 0 0 2 0 1
348 0 0 2 0 1
349 0 0 2 0 1
350 0 0 2 0 1
351 0 0 2 0 1
352 0 0 2 0 1
353 0 0 2 0 1
354 0 0 2 0 1
355 0 0 2 0 1
356 0 0 2 0 1
357 0 0 2 0 1
358 0 0 2 0 1
359 0 0 2 0 1
360 0 0 2 0 1
361 0 0 2 0 1
362 0 0 2 0 1
363 0 0 2 0 1
364 0 0 2 0 1
365 0 0 2 0 1
366 0 0 2 0 1
367 0 0 2 0 1
368 0 0 2 0 1
369 0 0 2 0 1
370 0 0 2 0 1
371 0 0 2 0 1
372 0 0 2 0 1
373 0 0 2 0 1
374 0 0 2 0 1
375 0 0 2 0 1
376 0 0 2 0 1
377 0 0 2 0 1
378 0 0 2 0 1
379 0 0 2 0 1
380 0 0 2 0 1
381 0 0 2 0 1
382 0 0 2 0 1
383 0 0 2 0 1
384 0 0 2 0 1
385 0 0 2 0 1
386 0 0 2 0 1
387 0 0 2 0 1
388 0 0 2 0 1
389 0 0 2 0 1
390 0 0 2 0 1
391 0 0 2 0 1
392 0 0 2 0 1
393 0 0 2 0 1
394 3 0 2 0 1
395 3 0 2 0 1
396 3 0 2 0 1
397 2 0 2 0 2
398 3 0 2 0 1
399 2 0 2 0 1
400 0 0 2 0 1
401 0 0 2 0 1
402 2 0 2 0 1
403 0 0 2 0 1
404 0 2 2 0 1
405 0 0 2 0 1
406 0 0 2 0 1
407 0 0 2 0 1
408 0 0 2 0 1
409 0 0 2 0 1
410 0 0 2 0 1
411 0 0 2 0 1
412 0 0 2 0 1
413 0 0 2 0 1
414 0 0 2 0 1
415 0 2 2 0 1
416 0 2 2 0 1
417 0 2 2 0 1
418 0 2 2 0 1
419 0 2 2 0 1
420 0 2 2 0 1
421 0 2 2 0 1
422 0 2 2 0 1
423 0 2 2 0 1
424 0 2 2 0 1
425 0 2 2 0 1
426 0 2 2 0 1
427 0 2 2 0 1
428 0 2 2 0 1
429 0 2 2 0 1
430 0 2 2 0 1
431 0 2 2 0 1
432 0 2 2 0 1
433 0 2 2 0 1
434 0 2 2 0 1
435 0 2 2 0 1
436 0 2 2 0 1
437 0 2 2 0 1
438 0 2 2 0 1
439 0 2 2 0 1
440 0 2 2 0 1
441 0 2 2 0 1
442 0 2 2 0 1
443 0 2 2 0 1
444 0 2 2 0 1
445 0 2 2 0 1
446 0 2 2 0 1
447 0 2 2 0 1
448 0 2 2 0 1
449 0 2 2 0 1
450 0 2 2 0 1
451 0 2 2 0 1
452 0 2 2 0 1
453 0 2 2 0 1
454 0 2 2 0 1
455 0 2 2 0 1
456 2 0 2 0 1
457 2 0 2 0 2
458 2 0 2 0 1
459 2 0 2 0 2
460 2 0 2 0 1
461 2 0 2 0 1
462 2 0 2 0 2
463 2 0 2 0 1
464 2 0 2 0 1
465 2 0 2 0 2
466 2 0 2 0 1
467 2 0 2 0 2
468 2 0 2 0 1
469 2 0 2 0 1
470 2 0 2 0 1
471 2 0 0 0 1
472 2 0 0 0 1
473 2 0 2 0 1
474 2 0 0 0 1
475 2 0 0 0 1
476 2 0 3 0 1
477 2 0 3 0 1
478 2 0 2 0 1
479 2 0 3 0 1
480 2 0 3 0 1
481 2 0 3 0 1
482 2 0 3 0 1
483 2 0 3 0 1
484 2 0 3 0 1
485 2 0 3 0 1
486 2 0 0 0 1
487 2 0 3 0 1
488 2 0 3 0 1
489 2 0 0 0 1
490 2 0 0 0 1
491 2 0 2 0 0
492 2 0 2 0 1
493 2 0 2 0 1
494 2 0 3 0 0
495 2 0 3 0 1
496 2 0 3 0 0
497 2 0 3 0 1
498 0 0 0 0 0
499 2 0 2 0 0
500 3 0 0 0 0
501 0 0 0 0 0
502 0 0 0 0 0
503 0 0 0 0 0
504 2 0 0 0 0
505 0 0 0 0 0
506 0 0 0 0 0
507 0 0 0 0 0
508 0 0 0 0 0
509 0 0 3 0 0
510 0 0 0 0 0
511 0 0 0 0 0
512 0 0 0 0 0
513 0 0 0 0 0
514 0 0 0 0 0
515 0 0 0 0 0
516 0 0 0 0 0
517 0 0 0 0 0
518 0 0 0 0 0
519 0 0 0 0 0
520 0 0 0 0 0
521 0 0 0 0 0
522 0 0 0 0 0
523 0 0 0 0 0
524 0 0 0 0 0
525 0 0 0 0 0
526 0 0 0 0 0
527 0 0 0 0 0
528 0 0 0 0 0
529 0 0 0 0 0
530 0 0 0 0 0
531 0 0 0 0 0
532 0 0 0 0 0
533 0 0 0 0 0
534 0 0 0 0 0
535 0 0 0 0 0
536 0 0 0 0 0
537 0 0 0 0 0
538 0 0 0 0 0
539 0 0 0 0 0
540 0 0 0 0 0
541 0 0 0 0 0
542 0 0 0 0 0
543 0 0 0 0 0
544 0 0 0 0 0
545 0 0 0 0 0
546 0 0 0 0 0
547 0 0 0 0 0
548 0 0 0 0 0
549 0 0 0 0 0
550 0 0 0 0 0
551 0 0 0 0 0
552 0 0 0 0 0
553 0 0 0 0 0
554 0 0 0 0 0
555 0 0 0 0 0
556 0 0 0 0 0
557 0 0 0 0 0
558 0 0 0 0 0
559 0 0 0 0 0
560 0 0 0 0 0
561 0 0 0 0 0
562 0 0 0 0 0
563 0 0 0 0 0
564 0 0 0 0 0
565 0 0 0 0 0
566 0 0 0 0 0
567 0 0 0 0 0
568 0 0 0 0 0
569 0 0 0 0 0
570 0 0 0 0 0
571 0 0 0 0 0
572 0 0 0 0 0
573 0 0 0 0 0
574 0 0 0 0 0
575 0 0 0 0 0
576 0 0 0 0 0
577 0 0 0 0 0
578 0 0 0 0 0
579 0 0 0 0 0
580 0 0 0 0 0
581 0 0 0 0 0
582 0 0 0 0 0
583 0 0 0 0 0
584 0 0 0 0 0
585 0 0 0 0 0
586 0 0 0 0 0
587 0 0 0 0 0
588 0 0 0 0 0
589 0 0 0 0 0
590 0 0 0 0 0
591 0 0 0 0 0
592 0 0 3 0 0
593 0 0 0 0 0
594 0 0 0 0 0
595 0 0 0 0 0
596 0 0 0 0 0
597 0 0 0 0 0
598 0 0 0 0 0
599 0 0 0 0 0
600 3 0 0 0 0
601 3 0 0 0 0
602 0 0 0 0 0
603 0 0 0 0 0
604 0 0 0 0 0
605 0 0 0 0 0
606 0 0 0 0 0
607 0 0 0 0 0
608 0 0 0 0 0
609 2 0 3 0 0
610 0 0 3 0 0
611 3 0 3 0 0
612 2 0 3 0 1
613 2 0 3 0 1
614 2 0 3 0 1
615 2 0 3 0 1
616 2 0 3 0 1
617 2 0 3 0 0
618 2 0 3 0 0
619 2 0 0 0 0
620 2 0 3 0 0
621 2 0 2 0 1
622 2 0 3 0 1
623 0 0 3 0 0
624 2 0 3 0 1
625 2 0 3 0 0
626 2 0 3 0 1
627 2 0 3 0 0
628 2 0 3 0 0
629 2 0 0 3 1
630 2 0 0 3 1
631 2 0 0 2 1
632 2 0 0 2 1
633 2 0 0 2 1
634 2 0 0 2 1
635 2 0 0 2 1
636 2 0 0 2 1
637 2 0 0 2 1
638 2 0 0 2 1
639 2 0 0 2 1
640 2 0 0 2 1
641 2 0 0 2 1
642 2 0 0 2 1
643 3 0 0 2 0
644 3 0 0 2 0
645 2 0 0 2 1
646 2 0 0 2 0
647 2 0 0 2 0
648 2 0 0 2 0
649 3 0 0 2 0
650 3 0 0 2 0
651 3 0 0 2 0
652 2 0 0 2 0
653 2 0 0 2 0
654 2 0 0 2 0
655 2 0 0 2 0
656 2 0 0 2 0
657 2 0 0 2 0
658 2 0 0 2 0
659 2 0 0 2 0
660 2 0 0 2 0
661 3 0 0 2 0
662 2 0 0 2 0
663 3 0 0 2 0
664 2 0 0 2 0
665 2 0 0 2 0
666 2 0 0 2 1
667 2 0 0 2 1
668 3 0 0 2 0
669 2 0 0 2 1
670 2 0 0 2 1
671 2 0 0 2 1
672 2 0 0 2 1
673 2 0 0 2 1
674 2 0 0 2 1
675 2 0 0 2 1
676 2 0 0 2 1
677 2 0 0 2 1
678 2 0 0 2 1
679 2 0 0 2 1
680 2 0 0 2 1
681 2 0 0 2 1
682 2 0 0 2 1
683 2 0 0 2 1
684 2 0 0 2 1
685 2 0 0 2 1
686 3 0 0 3 0
687 2 0 0 2 1
688 2 0 0 2 1
689 3 0 0 2 0
690 3 0 0 2 0
691 2 0 0 2 1
692 2 0 0 2 1
693 2 0 0 2 1
694 2 0 0 2 1
695 2 0 0 2 1
696 2 0 0 2 1
697 2 0 0 2 1
698 2 0 0 2 1
699 2 0 0 2 1
700 2 0 0 2 1
701 2 0 0 2 1
702 0 0 0 2 0
703 0 0 0 2 0
704 0 0 0 2 0
705 0 0 0 2 0
706 3 0 0 2 0
707 3 0 0 2 0
708 3 0 2 0 0
709 3 0 2 0 0
710 3 0 2 0 1
711 3 0 2 0 1
712 3 0 2 0 1
713 3 0 2 0 0
714 3 0 2 0 0
715 2 0 2 0 0
716 3 0 3 0 0
717 3 0 2 0 0
718 2 0 2 0 0
719 3 0 2 0 0
720 3 0 2 0 0
721 3 0 2 0 0
722 3 0 2 0 0
723 3 0 2 0 0
724 3 0 2 0 1
725 3 0 2 0 1
726 3 0 2 0 1
727 2 0 2 0 1
728 3 0 2 0 0
729 0 0 2 0 0
730 0 0 2 0 0
731 0 0 2 0 0
732 0 0 2 0 0
733 0 0 2 0 0
734 0 0 3 0 0
735 0 0 2 0 0
736 0 0 2 0 0
737 3 0 2 0 0
738 0 0 2 0 0
739 0 0 2 0 0
740 3 0 2 0 0
741 3 0 2 0 0
742 3 0 2 0 0
743 3 0 2 0 0
744 3 0 2 0 0
745 3 0 2 0 0
746 3 0 2 0 1
747 3 0 2 0 0
748 3 0 2 0 0
749 3 0 2 0 0
750 3 0 2 0 0
751 0 0 2 0 0
752 0 0 2 0 1
753 0 0 2 0 0
754 0 0 2 0 1
755 0 0 2 0 0
756 0 0 2 0 0
757 0 0 2 0 0
758 0 0 2 0 0
759 0 0 3 0 0
760 2 0 2 0 0
761 3 0 3 0 0
762 3 0 3 0 0
763 3 0 2 0 0
764 3 0 2 0 0
765 3 0 2 0 1
766 3 0 2 0 1
767 3 0 2 0 1
768 3 0 2 0 1
769 3 0 2 0 1
770 3 0 2 0 1
771 3 0 2 0 1
772 3 0 2 0 1
773 3 0 2 0 1
774 3 0 2 0 1
775 3 0 2 0 1
776 3 0 2 0 1
777 3 0 2 0 1
778 3 0 2 0 0
779 3 0 2 0 0
780 3 0 2 0 1
781 3 0 2 0 1
782 3 0 2 0 0
783 3 0 2 0 0
784 3 0 2 0 1
785 3 0 2 0 1
786 3 0 2 0 1
787 3 0 2 0 1
788 3 0 2 0 0
789 3 0 2 0 0
790 3 0 2 0 0
791 3 0 2 0 0
792 3 0 2 0 0
793 3 0 2 0 0
794 3 0 2 0 1
795 3 0 2 0 1
796 3 0 2 0 1
797 3 0 2 0 0
798 3 0 2 0 0
799 3 0 2 0 0
800 3 0 2 0 1
801 3 0 2 0 1
802 3 0 2 0 1
803 3 0 2 0 1
804 3 0 2 0 1
805 3 0 2 0 1
806 3 0 2 0 1
807 3 0 2 0 1
808 3 0 2 0 0
809 3 0 2 0 1
810 3 0 2 0 1
811 3 0 2 0 1
812 3 0 2 0 1
813 3 0 2 0 1
814 3 0 2 0 1
815 3 0 2 0 1
816 3 0 2 0 0
817 3 0 2 0 0
818 3 0 2 0 1
819 3 0 2 0 1
820 3 0 2 0 0
821 3 0 2 0 1
822 3 0 2 0 1
823 3 0 2 0 1
824 3 0 2 0 0
825 3 0 2 0 1
826 3 0 2 0 1
827 3 0 2 0 1
828 3 0 2 0 1
829 3 0 2 0 1
830 3 0 2 0 1
831 3 0 2 0 1
832 3 0 2 0 0
833 3 0 2 0 0
834 3 0 2 0 0
835 3 0 2 0 0
836 3 0 2 0 0
837 3 0 2 0 0
838 3 0 2 0 0
839 3 0 2 0 0
840 3 0 2 0 0
841 3 0 2 0 0
842 3 0 2 0 0
843 3 0 2 0 0
844 3 0 2 0 0
845 3 0 2 0 0
846 3 0 2 0 0
847 3 0 2 0 0
848 3 0 2 0 0
849 3 0 2 0 0
850 3 0 2 0 0
851 3 0 2 0 0
852 3 0 2 0 0
853 3 0 2 0 0
854 3 0 2 0 0
855 3 0 2 0 0
856 3 0 2 0 0
857 3 0 2 0 1
858 3 0 2 0 0
859 3 0 2 0 0
860 3 0 2 0 0
861 3 0 2 0 1
862 3 0 2 0 1
863 3 0 2 0 1
864 3 0 2 0 1
865 3 0 2 0 1
866 3 0 2 0 0
867 3 0 2 0 1
868 3 0 2 0 1
869 3 0 2 0 0
870 3 0 2 0 0
871 3 0 2 0 0
872 3 0 2 0 1
873 3 0 2 0 1
874 3 0 2 0 1
875 3 0 2 0 0
876 3 0 2 0 1
877 3 0 3 0 0
878 3 0 2 0 1
879 3 0 2 0 1
880 3 0 2 0 1
881 3 0 2 0 1
882 3 0 2 0 1
883 3 0 3 0 0
884 3 0 2 0 1
885 3 0 2 0 1
886 3 0 2 0 1
887 3 0 2 0 1
888 3 0 2 0 1
889 3 0 2 0 1
890 3 0 2 0 1
891 3 0 2 0 1
892 3 0 2 0 1
893 3 0 2 0 1
894 3 0 2 0 1
895 3 0 2 0 1
896 3 0 2 0 1
897 3 0 2 0 1
898 3 0 2 0 1
899 3 0 2 0 1
900 3 0 2 0 1
901 3 0 2 0 1
902 3 0 2 0 1
903 3 0 2 0 1
904 3 0 2 0 1
905 3 0 2 0 1
906 3 0 2 0 1
907 3 0 2 0 1
908 3 0 2 0 1
909 3 0 2 0 1
910 3 0 2 0 1
911 3 0 2 0 1
912 3 0 2 0 1
913 3 0 2 0 1
914 3 0 2 0 1
915 3 0 2 0 1
916 3 0 2 0 1
917 3 0 2 0 1
918 3 0 2 0 1
919 3 0 2 0 1
920 3 0 2 0 1
921 3 0 2 0 1
922 3 0 2 0 1
923 3 0 2 0 1
924 3 0 2 0 1
925 3 0 2 0 1
926 3 0 2 0 1
927 3 0 2 0 1
928 3 0 2 0 1
929 3 0 2 0 1
930 3 0 2 0 1
931 3 0 2 0 1
932 3 0 2 0 1
933 3 0 2 0 1
934 3 0 2 0 1
935 3 0 2 0 1
936 3 0 2 0 1
937 3 0 2 0 1
938 3 0 2 0 1
939 3 0 2 0 1
940 3 0 2 0 1
941 3 0 2 0 1
942 3 0 2 0 1
943 3 0 2 0 1
944 3 0 2 0 1
945 3 0 2 0 1
946 3 0 2 0 1
947 3 0 2 0 1
948 3 0 2 0 1
949 3 0 2 0 1
950 3 0 2 0 1
951 3 0 2 0 1
952 3 0 2 0 1
953 3 0 2 0 1
954 3 0 2 0 1
955 3 0 2 0 1
956 3 0 2 0 1
957 3 0 2 0 1
958 3 0 2 0 1
959 3 0 2 0 1
960 3 0 2 0 1
961 3 0 2 0 1
962 3 0 2 0 1
963 3 0 2 0 1
964 3 0 2 0 1
965 3 0 2 0 1
966 3 0 2 0 1
967 3 0 2 0 1
968 3 0 2 0 1
969 3 0 2 0 1
970 3 0 2 0 1
971 3 0 2 0 1
972 3 0 2 0 1
973 3 0 2 0 1
974 3 0 2 0 1
975 3 0 2 0 1
976 3 0 2 0 1
977 3 0 2 0 1
978 3 0 2 0 1
979 3 0 2 0 1
980 3 0 2 0 1
981 3 0 2 0 1
982 3 0 2 0 1
983 3 0 2 0 1
984 3 0 2 0 1
985 3 0 2 0 1
986 3 0 2 0 1
987 3 0 2 0 1
988 3 0 2 0 1
989 3 0 2 0 1
990 3 0 2 0 1
991 3 0 2 0 1
992 3 0 2 0 1
993 3 0 2 0 1
994 3 0 2 0 1
995 3 0 2 0 1
996 3 0 2 0 1
997 3 0 2 0 1
998 3 0 2 0 1
999 3 0 2 0 1
1000 3 0 2 0 1
1001 3 0 2 0 1
1002 2 0 2 0 2
1003 2 0 2 0 1
1004 2 0 2 0 1
1005 2 0 2 0 2
1006 2 0 2 0 1
1007 2 0 2 0 1
1008 2 0 2 0 1
1009 0 0 2 0 1
1010 2 0 2 0 2
1011 0 0 2 0 1
1012 0 0 2 0 1
1013 0 0 2 0 1
1014 0 0 2 0 1
1015 0 0 2 0 1
1016 0 0 2 0 1
1017 2 0 2 0 1
1018 0 0 2 0 1
1019 2 0 2 0 2
1020 2 0 2 0 2
1021 2 0 2 0 1
1022 2 0 2 0 2
1023 2 0 2 0 2
1024 0 2 2 0 1
1025 0 2 2 0 0
1026 0 2 2 0 1
1027 0 2 2 0 0
1028 0 2 2 0 1
1029 0 2 2 0 1
1030 0 2 2 0 1
1031 0 2 2 0 1
1032 0 2 2 0 1
1033 0 2 2 0 1
1034 0 2 2 0 1
1035 0 2 2 0 1
1036 0 2 2 0 1
1037 0 2 2 0 1
1038 0 2 2 0 1
1039 0 2 2 0 1
1040 0 2 2 0 1
1041 0 2 2 0 1
1042 0 2 2 0 1
1043 0 2 2 0 1
1044 0 2 2 0 1
1045 0 2 2 0 1
1046 0 2 2 0 1
1047 0 2 2 0 1
1048 0 2 2 0 1
1049 0 2 2 0 1
1050 0 2 2 0 1
1051 0 2 2 0 1
1052 0 2 2 0 1
1053 0 2 2 0 1
1054 0 2 2 0 1
1055 0 2 2 0 1
1056 0 2 2 0 1
1057 0 2 2 0 1
1058 0 2 2 0 1
1059 0 0 2 0 1
1060 0 2 2 0 1
1061 0 2 2 0 1
1062 0 0 2 0 1
1063 0 0 2 0 1
1064 0 0 2 0 1
1065 0 2 2 0 1
1066 0 0 2 0 1
1067 0 2 2 0 1
1068 0 2 2 0 1
1069 0 0 2 0 1
1070 0 2 2 0 1
1071 2 0 2 0 1
1072 2 0 2 0 1
1073 2 0 2 0 2
1074 2 0 2 0 2
1075 2 0 2 0 2
1076 2 0 2 0 1
1077 2 0 2 0 1
1078 2 0 2 0 1
1079 2 0 2 0 1
1080 2 0 2 0 1
1081 2 0 2 0 2
1082 2 0 2 0 1
1083 2 0 2 0 1
1084 2 0 2 0 1
1085 2 0 2 0 1
1086 2 0 2 0 1
1087 2 0 2 0 1
1088 2 0 2 0 2
1089 2 0 2 0 2
1090 2 0 2 0 2
1091 2 0 2 0 2
1092 2 0 2 0 2
1093 2 0 2 0 2
1094 2 0 2 0 2
1095 2 0 2 0 2
1096 2 0 2 0 2
1097 2 0 2 0 2
1098 2 0 2 0 2
1099 2 0 2 0 2
1100 2 0 2 0 2
1101 2 0 2 0 2
1102 2 0 2 0 2
1103 2 0 3 0 1
1104 2 0 3 0 1
1105 2 0 2 0 2
1106 2 0 3 0 1
1107 2 0 3 0 1
1108 2 0 3 0 1
1109 2 0 2 0 2
1110 2 0 2 0 2
1111 2 0 2 0 1
1112 2 0 2 0 1
1113 2 0 2 0 1
1114 2 0 2 0 1
1115 2 0 3 0 0
1116 2 0 3 0 0
1117 2 0 3 0 0
1118 2 0 3 0 0
1119 2 0 3 0 0
1120 2 0 3 0 0
1121 2 0 3 0 0
1122 0 0 0 0 0
1123 0 0 3 0 0
1124 0 0 3 0 0
1125 0 0 3 0 0
1126 0 0 2 0 0
1127 0 0 3 0 0
1128 0 0 2 0 0
1129 0 0 0 0 0
1130 0 0 2 0 0
1131 0 0 0 0 0
1132 0 0 0 0 0
1133 0 0 3 0 0
1134 0 0 3 0 0
1135 0 0 3 0 0
1136 0 0 0 0 0
1137 0 0 0 0 0
1138 0 0 2 0 0
1139 0 0 2 0 0
1140 0 0 0 0 0
1141 0 0 3 0 0
1142 0 0 0 0 0
1143 0 0 0 0 0
1144 0 0 0 0 0
1145 0 0 0 0 0
1146 0 0 3 0 0
1147 0 0 0 0 0
1148 0 0 0 0 0
1149 0 0 3 0 0
1150 0 0 0 0 0
1151 0 0 0 0 0
1152 0 0 0 0 0
1153 0 0 0 0 0
1154 0 0 0 0 0
1155 0 0 0 0 0
1156 0 0 0 0 0
1157 0 0 0 0 0
1158 0 0 2 0 0
1159 0 0 0 0 0
1160 0 0 0 0 0
1161 0 0 0 0 0
1162 0 0 0 0 0
1163 0 0 0 0 0
1164 0 0 0 0 0
1165 0 0 0 0 0
1166 0 0 0 0 0
1167 0 0 0 0 0
1168 0 0 0 0 0
1169 0 0 0 0 0
1170 0 0 0 0 0
1171 0 0 0 0 0
1172 0 0 0 0 0
1173 0 0 0 0 0
1174 0 0 0 0 0
1175 0 0 0 0 0
1176 0 0 0 0 0
1177 0 0 0 0 0
1178 0 0 0 0 0
1179 0 0 0 0 0
1180 0 0 0 0 0
1181 0 0 0 0 0
1182 0 0 0 0 0
1183 0 0 0 0 0
1184 0 0 0 0 0
1185 0 0 0 0 0
1186 0 0 0 0 0
1187 0 0 0 0 0
1188 0 0 0 0 0
1189 0 0 0 0 0
1190 0 0 0 0 0
1191 0 0 0 0 0
1192 0 0 0 0 0
1193 0 0 0 0 0
1194 0 0 0 0 0
1195 0 0 0 0 0
1196 0 0 0 0 0
1197 0 0 0 0 0
1198 0 0 0 0 0
1199 0 0 0 0 0
1200 0 0 0 0 0
1201 0 0 0 0 0
1202 0 0 0 0 0
1203 0 0 0 0 0
1204 0 0 0 0 0
1205 0 0 0 0 0
1206 0 0 0 0 0
1207 0 0 0 0 0
1208 0 0 0 0 0
1209 0 0 0 0 0
1210 0 0 0 0 0
1211 0 0 0 0 0
1212 0 0 0 0 0
1213 0 0 0 0 0
1214 0 0 0 0 0
1215 0 0 0 0 0
1216 0 0 0 0 0
1217 0 0 0 0 0
1218 0 0 0 0 0
1219 0 0 0 0 0
1220 0 0 0 0 0
1221 0 0 0 0 0
1222 0 0 0 0 0
1223 0 0 0 0 0
1224 0 0 0 0 0
1225 0 0 0 0 0
1226 0 0 0 0 0
1227 0 0 0 0 0
1228 0 0 0 0 0
1229 0 0 0 0 0
1230 0 0 0 0 0
1231 0 0 0 0 0
1232 0 0 0 0 0
1233 0 0 0 0 0
1234 0 0 0 0 0
1235 0 0 0 0 0
1236 0 0 0 0 0
1237 0 0 0 0 0
1238 0 0 0 0 0
1239 2 0 0 0 0
1240 2 0 0 0 0
1241 2 0 0 0 0
1242 2 0 0 0 1
1243 2 0 3 0 1
1244 2 0 0 0 1
1245 2 0 0 0 1
1246 2 0 0 0 0
1247 2 0 0 0 1
1248 2 0 0 0 0
1249 2 0 0 0 0
1250 2 0 0 0 0
1251 2 0 0 0 0
1252 2 0 0 0 1
1253 2 0 0 0 1
1254 2 0 0 2 1
1255 2 0 0 3 1
1256 2 0 0 3 1
1257 2 0 0 3 1
1258 2 0 0 0 1
1259 2 0 0 3 1
1260 2 0 0 3 1
1261 2 0 0 0 1
1262 2 0 0 2 1
1263 2 0 0 3 1
1264 2 0 0 3 1
1265 2 0 0 2 1
1266 2 0 0 3 1
1267 2 0 0 3 1
1268 2 0 0 3 1
1269 2 0 0 3 1
1270 2 0 0 3 1
1271 2 0 0 2 1
1272 2 0 0 2 1
1273 2 0 0 2 1
1274 2 0 0 2 1
1275 2 0 0 2 1
1276 2 0 0 2 1
1277 2 0 0 2 1
1278 2 0 0 2 1
1279 2 0 0 2 1
1280 2 0 0 2 1
1281 2 0 0 2 1
1282 2 0 0 2 1
1283 2 0 0 2 1
1284 2 0 0 2 1
1285 2 0 0 2 1
1286 2 0 0 2 1
1287 2 0 0 2 1
1288 2 0 0 2 1
1289 2 0 0 2 1
1290 2 0 0 2 1
1291 2 0 0 2 1
1292 2 0 0 2 1
1293 2 0 0 2 1
1294 2 0 0 2 1
1295 2 0 0 2 1
1296 2 0 0 2 1
1297 2 0 0 2 1
1298 2 0 0 2 1
1299 2 0 0 2 1
1300 2 0 0 2 1
1301 2 0 0 2 1
1302 2 0 0 2 1
1303 2 0 0 2 1
1304 2 0 0 2 1
1305 2 0 0 2 1
1306 2 0 0 2 1
1307 2 0 0 2 1
1308 2 0 0 2 1
1309 3 0 0 2 0
1310 2 0 0 2 1
1311 2 0 0 2 1
1312 2 0 0 2 1
1313 3 0 0 2 0
1314 2 0 0 2 1
1315 2 0 0 2 1
1316 2 0 0 2 1
1317 2 0 0 2 1
1318 2 0 0 2 1
1319 2 0 0 2 1
1320 2 0 2 0 1
1321 2 0 2 0 1
1322 2 0 2 0 0
1323 2 0 2 0 0
1324 2 0 2 0 1
1325 2 0 2 0 0
1326 2 0 2 0 1
1327 3 0 2 0 1
1328 3 0 2 0 1
1329 3 0 2 0 1
1330 3 0 2 0 1
1331 3 0 2 0 1
1332 3 0 2 0 1
1333 3 0 2 0 1
1334 3 0 2 0 1
1335 3 0 2 0 1
1336 3 0 2 0 1
1337 3 0 2 0 1
1338 0 0 2 0 1
1339 0 0 2 0 1
1340 0 0 2 0 1
1341 0 0 2 0 0
1342 0 0 2 0 0
1343 0 0 2 0 0
1344 0 0 2 0 0
1345 0 0 2 0 0
1346 0 0 2 0 0
1347 0 0 2 0 0
1348 0 0 2 0 0
1349 0 0 2 0 0
1350 0 0 2 0 0
1351 0 0 2 0 0
1352 3 0 2 0 0
1353 3 0 2 0 0
1354 3 0 2 0 0
1355 3 0 2 0 0
1356 3 0 2 0 0
1357 3 0 2 0 0
1358 3 0 2 0 0
1359 3 0 2 0 0
1360 3 0 2 0 0
1361 3 0 2 0 0
1362 3 0 2 0 0
1363 3 0 2 0 0
1364 3 0 2 0 0
1365 3 0 2 0 0
1366 3 0 2 0 0
1367 3 0 2 0 0
1368 3 0 2 0 0
1369 3 0 2 0 0
1370 3 0 2 0 0
1371 3 0 2 0 0
1372 3 0 2 0 0
1373 3 0 2 0 0
1374 3 0 2 0 0
1375 3 0 2 0 0
1376 3 0 2 0 0
1377 3 0 2 0 0
1378 0 0 2 0 0
1379 0 0 2 0 1
1380 0 0 2 0 0
1381 3 0 2 0 0
1382 0 0 2 0 0
1383 0 0 2 0 0
1384 0 0 2 0 0
1385 3 0 2 0 0
1386 3 0 2 0 1
1387 0 0 2 0 1
1388 3 0 2 0 0
1389 3 0 2 0 1
1390 3 0 0 0 0
1391 3 0 2 0 1
1392 3 0 2 0 1
1393 3 0 2 0 1
1394 3 0 2 0 1
1395 0 0 2 0 1
1396 3 0 2 0 1
1397 3 0 2 0 1
1398 3 0 2 0 1
1399 0 0 3 0 0
1400 0 0 2 0 1
1401 0 0 2 0 1
1402 0 0 2 0 1
1403 3 0 2 0 1
1404 3 0 2 0 1
1405 3 0 2 0 1
1406 3 0 2 0 1
1407 3 0 2 0 1
1408 3 0 2 0 0
1409 3 0 2 0 1
1410 3 0 2 0 0
1411 3 0 2 0 1
1412 3 0 2 0 1
1413 3 0 2 0 1
1414 3 0 3 0 0
1415 3 0 3 0 0
1416 3 0 2 0 1
1417 3 0 2 0 1
1418 3 0 2 0 1
1419 0 0 2 0 1
1420 3 0 2 0 0
1421 3 0 2 0 1
1422 3 0 0 0 0
1423 3 0 2 0 1
1424 0 0 2 0 1
1425 3 0 2 0 1
1426 3 0 2 0 1
1427 3 0 2 0 1
1428 3 0 2 0 1
1429 3 0 2 0 1
1430 3 0 3 0 0
1431 3 0 0 0 0
1432 3 0 2 0 1
1433 3 0 3 0 0
1434 3 0 2 0 1
1435 3 0 2 0 1
1436 3 0 2 0 1
1437 3 0 2 0 1
1438 3 0 2 0 1
1439 3 0 2 0 1
1440 3 0 2 0 1
1441 3 0 2 0 1
1442 3 0 2 0 1
1443 3 0 2 0 1
1444 3 0 2 0 1
1445 3 0 2 0 1
1446 3 0 2 0 1
1447 3 0 2 0 1
1448 3 0 2 0 1
1449 3 0 2 0 1
1450 3 0 2 0 1
1451 3 0 2 0 1
1452 3 0 2 0 1
1453 3 0 2 0 1
1454 3 0 2 0 1
1455 3 0 2 0 1
1456 3 0 2 0 1
1457 3 0 2 0 1
1458 3 0 2 0 1
1459 3 0 2 0 1
1460 3 0 2 0 1
1461 3 0 2 0 1
1462 3 0 2 0 1
1463 3 0 2 0 1
1464 3 0 2 0 1
1465 3 0 2 0 1
1466 3 0 2 0 1
1467 3 0 2 0 1
1468 3 0 2 0 1
1469 3 0 2 0 1
1470 3 0 2 0 1
1471 3 0 2 0 1
1472 3 0 2 0 1
1473 3 0 2 0 1
1474 3 0 2 0 1
1475 3 0 2 0 1
1476 3 0 2 0 1
1477 3 0 2 0 1
1478 3 0 2 0 1
1479 3 0 2 0 1
1480 3 0 2 0 1
1481 3 0 2 0 1
1482 3 0 2 0 1
1483 3 0 2 0 1
1484 3 0 2 0 1
1485 3 0 2 0 1
1486 3 0 2 0 1
1487 3 0 2 0 1
1488 3 0 2 0 1
1489 3 0 2 0 1
1490 3 0 2 0 1
1491 3 0 2 0 1
1492 3 0 2 0 1
1493 3 0 2 0 1
1494 3 0 2 0 1
1495 3 0 2 0 1
1496 3 0 2 0 1
1497 3 0 2 0 1
1498 3 0 2 0 1
1499 3 0 2 0 1
1500 3 0 2 0 1
1501 3 0 2 0 1
1502 3 0 2 0 1
1503 3 0 2 0 1
1504 3 0 2 0 1
1505 3 0 2 0 1
1506 3 0 2 0 1
1507 3 0 2 0 1
1508 3 0 2 0 1
1509 3 0 2 0 1
1510 3 0 2 0 1
1511 3 0 2 0 1
1512 3 0 2 0 1
1513 3 0 2 0 1
1514 3 0 2 0 1
1515 3 0 2 0 1
1516 3 0 2 0 1
1517 3 0 2 0 1
1518 3 0 2 0 1
1519 3 0 2 0 1
1520 3 0 2 0 1
1521 3 0 2 0 1
1522 3 0 2 0 1
1523 3 0 2 0 1
1524 3 0 2 0 0
1525 0 0 2 0 1
1526 3 0 2 0 0
1527 0 0 2 0 1
1528 0 0 2 0 1
1529 0 0 2 0 1
1530 0 0 2 0 1
1531 0 0 2 0 1
1532 3 0 2 0 1
1533 3 0 2 0 1
1534 3 0 2 0 1
1535 3 0 2 0 1
1536 3 0 2 0 1
1537 2 0 2 0 2
1538 2 0 2 0 2
1539 2 0 2 0 1
1540 2 0 2 0 2
1541 2 0 2 0 2
1542 2 0 2 0 2
1543 2 0 2 0 2
1544 2 0 2 0 2
1545 2 0 2 0 2
1546 2 0 2 0 2
1547 0 2 2 0 1
1548 0 2 2 0 1
1549 0 2 2 0 1
1550 0 2 2 0 1
1551 0 2 2 0 1
1552 0 2 2 0 1
1553 0 2 2 0 1
1554 0 2 2 0 1
1555 0 2 2 0 1
1556 0 2 2 0 1
1557 0 2 2 0 1
1558 0 2 2 0 1
1559 0 2 2 0 1
1560 0 2 2 0 1
1561 0 2 2 0 1
1562 0 2 2 0 1
1563 0 2 2 0 1
1564 0 2 2 0 1
1565 0 2 2 0 1
1566 0 2 2 0 1
1567 0 2 2 0 1
1568 0 2 2 0 1
1569 0 2 2 0 1
1570 0 2 2 0 1
1571 0 2 2 0 1
1572 0 2 2 0 1
1573 0 2 2 0 1
1574 0 2 2 0 1
1575 0 2 2 0 1
1576 0 2 2 0 1
1577 0 2 2 0 1
1578 0 2 2 0 1
1579 0 2 2 0 1
1580 0 2 2 0 1
1581 0 2 2 0 1
1582 0 2 2 0 1
1583 0 2 2 0 1
1584 0 2 2 0 1
1585 0 2 2 0 1
1586 0 2 2 0 1
1587 0 2 2 0 1
1588 0 2 2 0 1
1589 0 2 2 0 1
1590 0 2 2 0 1
1591 0 2 2 0 1
1592 2 0 2 0 1
1593 2 0 2 0 1
1594 2 0 2 0 1
1595 2 0 2 0 1
1596 2 0 2 0 2
1597 2 0 2 0 2
1598 2 0 2 0 1
1599 2 0 2 0 2
1600 2 0 2 0 1
1601 2 0 2 0 1
1602 2 0 2 0 1
1603 2 0 2 0 1
1604 2 0 2 0 1
1605 2 0 2 0 1
1606 2 0 2 0 1
1607 2 0 2 0 1
1608 2 0 2 0 1
1609 2 0 2 0 1
1610 2 0 2 0 1
1611 2 0 2 0 1
1612 2 0 2 0 1
1613 2 0 2 0 1
1614 2 0 2 0 1
1615 2 0 2 0 1
1616 2 0 2 0 1
1617 2 0 2 0 1
1618 2 0 2 0 1
1619 2 0 2 0 1
1620 2 0 2 0 1
1621 2 0 2 0 1
1622 2 0 3 0 1
1623 2 0 3 0 1
1624 2 0 3 0 1
1625 2 0 3 0 1
1626 2 0 2 0 0
1627 3 0 3 0 0
1628 0 0 2 0 1
1629 0 0 2 0 1
1630 0 0 2 0 1
1631 0 0 3 0 0
1632 3 0 3 0 0
1633 3 0 3 0 0
1634 0 0 3 0 0
1635 0 0 3 0 0
1636 0 0 3 0 0
1637 0 0 3 0 0
1638 0 0 3 0 0
1639 0 0 3 0 0
1640 0 0 3 0 0
1641 0 0 3 0 0
1642 0 0 3 0 0
1643 0 0 2 0 0
1644 0 0 2 0 0
1645 0 0 3 0 0
1646 0 0 3 0 0
1647 0 0 2 0 0
1648 0 0 3 0 0
1649 0 0 0 0 0
1650 0 0 3 0 0
1651 0 0 0 0 0
1652 0 0 0 0 0
1653 0 0 0 0 0
1654 0 0 0 0 0
1655 0 0 3 0 0
1656 0 0 0 0 0
1657 0 0 3 0 0
1658 0 0 3 0 0
1659 0 0 3 0 0
1660 0 0 0 0 0
1661 0 0 0 0 0
1662 0 0 0 0 0
1663 0 0 0 0 0
1664 0 0 0 0 0
1665 0 0 0 0 0
1666 0 0 0 0 0
1667 0 0 0 0 0
1668 0 0 0 0 0
1669 0 0 0 0 0
1670 0 0 0 0 0
1671 0 0 0 0 0
1672 0 0 0 0 0
1673 0 0 0 0 0
1674 0 0 0 0 0
1675 0 0 0 0 0
1676 0 0 0 0 0
1677 0 0 0 0 0
1678 0 0 0 0 0
1679 0 0 0 0 0
1680 0 0 0 0 0
1681 0 0 0 0 0
1682 0 0 0 0 0
1683 0 0 0 0 0
1684 0 0 0 0 0
1685 0 0 0 0 0
1686 0 0 0 0 0
1687 0 0 0 0 0
1688 0 0 0 0 0
1689 0 0 0 0 0
1690 0 0 0 0 0
1691 0 0 0 0 0
1692 0 0 0 0 0
1693 0 0 0 0 0
1694 0 0 0 0 0
1695 0 0 0 0 0
1696 0 0 0 0 0
1697 0 0 0 0 0
1698 0 0 3 0 0
1699 0 0 3 0 0
1700 0 0 3 0 0
1701 0 0 3 0 0
1702 0 0 0 0 0
1703 0 0 0 0 0
1704 0 0 0 0 0
1705 0 0 0 0 0
1706 0 0 0 0 0
1707 0 0 0 0 0
1708 0 0 0 0 0
1709 0 0 3 0 0
1710 0 0 0 0 0
1711 0 0 0 0 0
1712 0 0 0 0 0
1713 0 0 0 0 0
1714 0 0 0 0 0
1715 0 0 0 0 0
1716 0 0 0 0 0
1717 0 0 0 0 0
1718 0 0 0 0 0
1719 0 0 0 0 0
1720 0 0 0 0 0
1721 0 0 0 0 0
1722 0 0 2 0 0
1723 0 0 0 0 0
1724 0 0 0 0 0
1725 0 0 0 0 0
1726 0 0 3 0 0
1727 0 0 0 0 0
1728 0 0 0 0 0
1729 2 0 3 0 1
1730 2 0 3 0 1
1731 2 0 3 0 1
1732 2 0 0 0 1
1733 2 0 2 0 2
1734 2 0 3 0 1
1735 2 0 2 0 2
1736 2 0 0 0 1
1737 2 0 3 0 0
1738 2 0 3 0 0
1739 2 0 2 0 1
1740 2 0 2 0 1
1741 2 0 2 0 1
1742 2 0 0 0 1
1743 2 0 0 0 1
1744 2 0 0 0 1
1745 2 0 2 0 1
1746 2 0 2 0 1
1747 2 0 2 0 1
1748 2 0 0 3 1
1749 2 0 0 2 1
1750 2 0 0 2 1
1751 2 0 0 2 1
1752 2 0 0 2 1
1753 2 0 0 2 1
1754 2 0 0 2 1
1755 2 0 0 2 1
1756 2 0 0 2 1
1757 2 0 0 2 1
1758 2 0 0 2 1
1759 2 0 0 2 1
1760 2 0 0 2 1
1761 2 0 0 2 1
1762 2 0 0 2 1
1763 2 0 0 2 1
1764 2 0 0 2 1
1765 2 0 0 2 1
1766 2 0 0 2 1
1767 2 0 0 2 1
1768 2 0 0 2 1
1769 2 0 0 2 1
1770 2 0 0 2 1
1771 2 0 0 2 1
1772 2 0 0 2 1
1773 2 0 2 0 1
1774 2 0 2 0 1
1775 2 0 2 0 1
1776 2 0 2 0 1
1777 2 0 2 0 1
1778 3 0 2 0 1
1779 2 0 2 0 1
1780 2 0 2 0 1
1781 0 0 2 0 1
1782 0 0 2 0 1
1783 0 0 2 0 1
1784 0 0 2 0 1
1785 2 0 2 0 1
1786 3 0 2 0 1
1787 2 0 2 0 2
1788 2 0 2 0 1
1789 3 0 2 0 1
1790 2 0 2 0 0
1791 0 3 2 0 0
1792 0 0 2 0 1
1793 0 0 3 0 0
1794 0 0 2 0 1
1795 0 0 3 0 0
1796 0 0 2 0 1
1797 0 0 2 0 1
1798 0 0 3 0 0
1799 0 0 2 0 1
1800 0 0 2 0 1
1801 0 3 2 0 1
1802 0 3 2 0 1
1803 0 3 2 0 1
1804 0 3 2 0 1
1805 0 3 2 0 1
1806 0 3 2 0 1
1807 0 3 2 0 1
1808 0 3 2 0 1
1809 0 3 2 0 1
1810 0 3 2 0 0
1811 0 3 2 0 0
1812 0 3 2 0 1
1813 0 3 2 0 1
1814 0 3 2 0 1
1815 0 3 2 0 1
1816 0 3 2 0 0
1817 0 0 2 0 0
1818 0 3 3 0 0
1819 0 3 3 0 0
1820 0 3 3 0 0
1821 3 0 2 0 0
1822 3 0 2 0 0
1823 3 0 0 0 0
1824 3 0 2 0 0
1825 3 0 0 0 0
1826 3 0 3 0 0
1827 3 0 2 0 0
1828 3 0 2 0 1
1829 3 0 2 0 1
1830 3 0 2 0 1
1831 3 0 2 0 1
1832 3 0 2 0 1
1833 3 0 2 0 1
1834 3 0 2 0 1
1835 3 0 2 0 1
1836 3 0 2 0 1
1837 3 0 2 0 1
1838 3 0 2 0 1
1839 3 0 2 0 1
1840 3 0 2 0 1
1841 3 0 2 0 1
1842 3 0 2 0 1
1843 3 0 2 0 1
1844 3 0 2 0 1
1845 3 0 2 0 1
1846 3 0 2 0 1
1847 3 0 2 0 1
1848 3 0 2 0 1
1849 3 0 2 0 1
1850 3 0 2 0 1
1851 3 0 2 0 1
1852 3 0 2 0 1
1853 3 0 2 0 1
1854 3 0 2 0 1
1855 3 0 2 0 1
1856 3 0 2 0 1
1857 3 0 2 0 1
1858 3 0 2 0 1
1859 3 0 2 0 1
1860 3 0 2 0 1
1861 3 0 2 0 1
1862 3 0 2 0 1
1863 3 0 2 0 1
1864 3 0 2 0 1
1865 3 0 2 0 1
1866 3 0 2 0 1
1867 3 0 2 0 1
1868 3 0 2 0 1
1869 3 0 2 0 1
1870 3 0 2 0 1
1871 3 0 2 0 1
1872 3 0 2 0 1
1873 3 0 2 0 1
1874 3 0 2 0 1
1875 3 0 2 0 1
1876 3 0 2 0 1
1877 3 0 2 0 1
1878 3 0 2 0 1
1879 3 0 2 0 1
1880 3 0 2 0 1
1881 3 0 2 0 1
1882 3 0 2 0 1
1883 3 0 2 0 1
1884 3 0 2 0 1
1885 3 0 2 0 1
1886 3 0 2 0 1
1887 3 0 2 0 1
1888 3 0 2 0 1
1889 3 0 2 0 1
1890 3 0 2 0 1
1891 3 0 2 0 1
1892 3 0 2 0 1
1893 3 0 2 0 1
1894 3 0 2 0 1
1895 3 0 2 0 1
1896 3 0 2 0 1
1897 3 0 2 0 1
1898 3 0 2 0 1
1899 3 0 2 0 1
1900 3 0 2 0 1
1901 3 0 2 0 1
1902 3 0 2 0 1
1903 3 0 2 0 1
1904 3 0 2 0 1
1905 3 0 2 0 1
1906 3 0 2 0 1
1907 3 0 2 0 1
1908 3 0 2 0 1
1909 3 0 2 0 1
1910 3 0 2 0 1
1911 3 0 2 0 1
1912 3 0 2 0 1
1913 3 0 2 0 1
1914 3 0 2 0 1
1915 3 0 2 0 1
1916 3 0 2 0 1
1917 3 0 2 0 1
1918 3 0 2 0 1
1919 3 0 2 0 1
1920 3 0 2 0 1
1921 3 0 2 0 1
1922 3 0 2 0 1
1923 3 0 2 0 1
1924 3 0 2 0 1
1925 3 0 2 0 1
1926 3 0 2 0 1
1927 3 0 2 0 1
1928 3 0 2 0 1
1929 3 0 2 0 1
1930 3 0 2 0 1
1931 3 0 2 0 1
1932 3 0 2 0 1
1933 3 0 2 0 1
1934 3 0 2 0 1
1935 3 0 2 0 1
1936 3 0 2 0 1
1937 3 0 2 0 1
1938 3 0 2 0 1
1939 3 0 2 0 0
1940 3 0 2 0 0
1941 3 0 2 0 0
1942 3 0 2 0 0
1943 3 0 2 0 0
1944 3 0 2 0 0
1945 3 0 2 0 0
1946 3 0 2 0 0
1947 3 0 2 0 1
1948 3 0 2 0 0
1949 3 0 2 0 0
1950 3 0 2 0 0
1951 3 0 2 0 0
1952 3 0 2 0 1
1953 3 0 2 0 1
1954 3 0 2 0 1
1955 3 0 2 0 0
1956 3 0 2 0 0
1957 3 0 2 0 0
1958 3 0 2 0 0
1959 3 0 2 0 0
1960 3 0 2 0 0
1961 3 0 2 0 0
1962 3 0 2 0 1
1963 3 0 2 0 1
1964 3 0 2 0 1
1965 3 0 2 0 1
1966 3 0 2 0 1
1967 3 0 2 0 1
1968 3 0 2 0 1
1969 3 0 2 0 1
1970 3 0 2 0 1
1971 3 0 2 0 1
1972 3 0 2 0 1
1973 3 0 2 0 1
1974 3 0 2 0 1
1975 3 0 2 0 1
1976 3 0 2 0 1
1977 3 0 2 0 1
1978 3 0 2 0 1
1979 3 0 2 0 1
1980 3 0 2 0 1
1981 3 0 2 0 1
1982 3 0 2 0 1
1983 3 0 2 0 1
1984 3 0 2 0 1
1985 3 0 2 0 1
1986 3 0 2 0 1
1987 3 0 2 0 1
1988 3 0 2 0 1
1989 3 0 2 0 1
1990 3 0 2 0 0
1991 3 0 2 0 1
1992 3 0 2 0 0
1993 3 0 2 0 0
1994 3 0 2 0 0
1995 3 0 2 0 1
1996 3 0 2 0 1
1997 3 0 2 0 1
1998 3 0 2 0 1
1999 3 0 2 0 1
2000 3 0 2 0 1
2001 3 0 2 0 1
2002 3 0 2 0 1
2003 3 0 2 0 1
2004 3 0 2 0 1
2005 3 0 2 0 1
2006 3 0 2 0 1
2007 3 0 2 0 1
2008 3 0 2 0 1
2009 3 0 2 0 1
2010 0 0 2 0 1
2011 0 0 2 0 1
2012 0 0 2 0 1
2013 0 0 2 0 1
2014 2 0 2 0 1
2015 2 0 2 0 2
2016 2 0 2 0 1
2017 2 0 2 0 1
2018 2 0 2 0 1
2019 2 0 2 0 1
2020 2 0 2 0 1
2021 2 0 2 0 1
2022 2 0 2 0 1
2023 2 0 2 0 1
2024 2 0 2 0 1
2025 2 0 2 0 1
2026 2 0 2 0 1
2027 0 2 2 0 1
2028 0 2 2 0 1
2029 0 2 2 0 1
2030 0 2 2 0 1
2031 0 2 2 0 1
2032 0 2 2 0 1
2033 0 2 2 0 1
2034 0 2 2 0 1
2035 0 2 2 0 1
2036 0 2 2 0 1
2037 0 2 2 0 1
2038 0 2 2 0 1
2039 0 2 2 0 1
2040 0 2 2 0 1
2041 0 2 2 0 1
2042 0 2 2 0 1
2043 0 2 2 0 1
2044 0 2 2 0 1
2045 0 2 2 0 1
2046 0 2 2 0 1
2047 0 2 2 0 1
2048 2 0 2 0 2
2049 2 0 2 0 2
2050 2 0 2 0 2
2051 2 0 2 0 2
2052 2 0 2 0 1
2053 2 0 2 0 1
2054 2 0 2 0 1
2055 2 0 2 0 1
2056 2 0 2 0 1
2057 2 0 2 0 1
2058 2 0 2 0 2
2059 2 0 2 0 1
2060 2 0 2 0 1
2061 2 0 2 0 1
2062 2 0 2 0 1
2063 0 0 2 0 0
2064 2 0 2 0 1
2065 2 0 2 0 2
2066 2 0 3 0 1
2067 2 0 3 0 1
2068 2 0 2 0 2
2069 2 0 3 0 1
2070 2 0 3 0 1
2071 2 0 3 0 1
2072 2 0 2 0 2
2073 2 0 2 0 2
2074 2 0 0 0 1
2075 2 0 0 0 0
2076 2 0 3 0 1
2077 2 0 3 0 0
2078 2 0 3 0 0
2079 2 0 2 0 1
2080 2 0 2 0 1
2081 2 0 2 0 2
2082 3 0 2 0 1
2083 2 0 3 0 1
2084 2 0 2 0 1
2085 2 0 2 0 1
2086 2 0 2 0 1
2087 2 0 2 0 1
2088 2 0 3 0 0
2089 2 0 2 0 0
2090 2 0 3 0 0
2091 2 0 2 0 0
2092 2 0 3 0 0
2093 2 0 3 0 0
2094 0 0 3 0 0
2095 2 0 3 0 0
2096 0 0 0 3 0
2097 0 0 0 3 0
2098 0 0 0 3 0
2099 0 0 0 3 0
2100 0 0 0 2 0
2101 2 0 0 2 0
2102 0 0 0 2 0
2103 0 0 0 3 0
2104 0 0 0 3 0
2105 0 0 0 2 0
2106 0 0 0 3 0
2107 0 0 0 2 0
2108 0 0 0 3 0
2109 0 0 0 0 0
2110 0 0 0 2 0
2111 0 0 0 0 0
2112 0 0 3 0 0
2113 0 0 0 0 0
2114 0 0 0 0 0
2115 0 0 0 0 0
2116 0 0 0 0 0
2117 0 0 0 0 0
2118 0 0 0 0 0
2119 0 0 0 0 0
2120 0 0 0 0 0
2121 0 0 0 0 0
2122 0 0 0 0 0
2123 0 0 0 0 0
2124 0 0 0 0 0
2125 0 0 0 0 0
2126 0 0 0 0 0
2127 0 0 0 0 0
2128 0 0 0 0 0
2129 0 0 0 0 0
2130 0 0 0 0 0
2131 0 0 0 0 0
2132 0 0 2 0 0
2133 0 0 3 0 0
2134 0 0 3 0 0
2135 0 0 3 0 0
2136 0 0 3 0 0
2137 0 0 3 0 0
2138 0 0 3 0 0
2139 0 0 3 0 0
2140 0 0 3 0 0
2141 0 0 3 0 0
2142 0 0 3 0 0
2143 0 0 3 0 0
2144 0 0 3 0 0
2145 0 0 3 0 0
2146 0 0 3 0 0
2147 0 0 3 0 0
2148 0 0 3 0 0
2149 0 0 3 0 0
2150 0 0 3 0 0
2151 0 0 0 0 0
2152 0 0 0 0 0
2153 0 0 0 0 0
2154 0 0 0 0 0
2155 0 0 0 0 0
2156 0 0 3 0 0
2157 0 0 0 0 0
2158 0 0 3 0 0
2159 0 0 3 0 0
2160 0 0 3 0 0
2161 0 0 0 0 0
2162 0 0 0 0 0
2163 0 0 0 0 0
2164 0 0 3 0 0
2165 0 0 3 0 0
2166 0 0 3 0 0
2167 0 0 3 0 0
2168 0 0 3 0 0
2169 0 0 3 0 0
2170 0 0 3 0 0
2171 0 0 0 0 0
2172 0 0 0 0 0
2173 0 0 0 0 0
2174 0 0 0 0 0
2175 0 0 3 0 0
2176 0 0 3 0 0
2177 0 0 3 0 0
2178 0 0 0 0 0
2179 0 0 3 0 0
2180 0 0 3 0 0
2181 0 0 0 0 0
2182 0 0 3 0 0
2183 0 0 0 0 0
2184 0 0 3 0 0
2185 0 0 0 0 0
2186 0 0 0 0 0
2187 0 0 0 0 0
2188 0 0 3 0 0
2189 0 0 0 0 0
2190 0 0 0 0 0
2191 0 0 0 0 0
2192 0 0 0 0 0
2193 0 0 0 0 0
2194 0 0 0 0 0
2195 0 0 0 0 0
2196 0 0 0 0 0
2197 0 0 0 0 0
2198 0 0 0 0 0
2199 0 0 3 0 0
2200 0 0 3 0 0
2201 0 0 3 0 0
2202 0 0 3 0 0
2203 0 0 3 0 0
2204 0 0 3 0 0
2205 0 0 3 0 0
2206 2 0 3 0 0
2207 0 0 3 0 0
2208 0 0 3 0 0
2209 0 0 3 0 0
2210 0 0 3 0 0
2211 0 0 3 0 0
2212 2 0 3 0 1
2213 2 0 2 0 2
2214 2 0 2 0 0
2215 0 0 2 0 1
2216 2 0 0 2 1
2217 2 0 0 2 1
2218 2 0 0 2 1
2219 2 0 0 2 1
2220 2 0 0 2 1
2221 2 0 0 3 1
2222 2 0 0 3 1
2223 2 0 0 3 1
2224 2 0 0 3 1
2225 2 0 0 3 1
2226 2 0 0 3 1
2227 2 0 0 3 1
2228 2 0 0 2 1
2229 2 0 0 3 1
2230 2 0 0 3 1
2231 2 0 0 3 1
2232 2 0 0 3 1
2233 2 0 0 2 1
2234 2 0 0 2 1
2235 2 0 0 3 1
2236 2 0 0 2 1
2237 2 0 0 3 1
2238 2 0 0 3 1
2239 2 0 0 3 1
2240 2 0 0 3 1
2241 2 0 0 3 1
2242 2 0 0 2 1
2243 2 0 0 2 1
2244 2 0 0 3 1
2245 2 0 0 3 1
2246 2 0 0 2 1
2247 2 0 0 3 1
2248 2 0 0 3 1
2249 2 0 0 3 1
2250 0 0 0 3 0
2251 2 0 0 3 1
2252 2 0 0 2 1
2253 2 0 0 2 0
2254 2 0 0 3 0
2255 2 0 0 3 0
2256 2 0 0 2 0
2257 0 0 0 3 0
2258 2 0 0 3 0
2259 2 0 0 2 0
2260 2 0 0 2 0
2261 0 0 0 2 0
2262 0 0 0 2 0
2263 2 0 0 2 0
2264 0 0 0 2 0
2265 0 0 0 2 0
2266 0 0 2 0 0
2267 0 0 2 0 0
2268 0 0 2 0 0
2269 0 0 2 0 0
2270 0 0 2 0 0
2271 0 0 3 0 0
2272 0 0 2 0 0
2273 0 0 3 0 0
2274 0 0 2 0 0
2275 0 0 2 0 0
2276 0 0 2 0 0
2277 0 0 2 0 0
2278 0 0 2 0 0
2279 0 0 2 0 0
2280 0 0 3 0 0
2281 0 0 3 0 0
2282 0 0 3 0 0
2283 0 0 2 0 0
2284 0 0 2 0 0
2285 0 0 2 0 0
2286 0 0 2 0 0
2287 0 0 2 0 0
2288 0 0 3 0 0
2289 0 0 2 0 0
2290 0 0 2 0 0
2291 0 0 2 0 0
2292 0 0 2 0 0
2293 0 0 2 0 0
2294 0 0 2 0 0
2295 0 0 2 0 0
2296 0 0 2 0 0
2297 0 0 2 0 0
2298 0 0 2 0 0
2299 0 0 2 0 0
2300 0 0 2 0 0
2301 0 0 2 0 0
2302 0 0 2 0 0
2303 0 0 2 0 0
2304 0 0 2 0 0
2305 0 0 2 0 0
2306 0 0 2 0 0
2307 0 0 2 0 0
2308 0 0 2 0 0
2309 0 0 2 0 0
2310 0 0 2 0 0
2311 0 0 2 0 0
2312 0 0 3 0 0
2313 0 0 2 0 0
2314 0 0 2 0 0
2315 0 0 2 0 0
2316 0 0 2 0 0
2317 0 0 2 0 0
2318 0 0 2 0 0
2319 0 0 2 0 0
2320 0 0 3 0 0
2321 0 0 0 0 0
2322 0 0 0 0 0
2323 0 0 3 0 0
2324 0 0 0 0 0
2325 0 0 0 0 0
2326 0 0 2 0 0
2327 0 0 2 0 0
2328 0 0 2 0 0
2329 0 0 2 0 0
2330 0 0 2 0 0
2331 0 0 2 0 0
2332 0 0 2 0 0
2333 0 0 2 0 0
2334 0 0 2 0 0
2335 0 0 2 0 0
2336 0 0 2 0 0
2337 0 0 2 0 0
2338 0 0 2 0 0
2339 0 0 2 0 0
2340 0 0 2 0 0
2341 0 0 2 0 0
2342 0 0 2 0 0
2343 0 0 2 0 0
2344 0 0 2 0 0
2345 0 0 2 0 0
2346 0 0 2 0 0
2347 0 0 2 0 0
2348 0 0 2 0 0
2349 3 0 2 0 0
2350 0 0 2 0 0
2351 3 0 2 0 0
2352 3 0 2 0 0
2353 0 0 2 0 0
2354 3 0 2 0 0
2355 0 0 3 0 0
2356 3 0 2 0 0
2357 0 0 2 0 0
2358 0 0 2 0 0
2359 0 0 3 0 0
2360 0 0 3 0 0
2361 0 0 3 0 0
2362 0 0 3 0 0
2363 0 0 3 0 0
2364 0 0 3 0 0
2365 0 0 3 0 0
2366 2 0 3 0 0
2367 2 0 2 0 0
2368 0 0 3 0 0
2369 0 0 2 0 1
2370 2 0 3 0 0
2371 2 0 3 0 0
2372 2 0 3 0 0
2373 2 0 3 0 0
2374 2 0 3 0 0
2375 2 0 3 0 0
2376 2 0 3 0 0
2377 2 0 3 0 0
2378 2 0 3 0 1
2379 2 0 3 0 1
2380 2 0 3 0 0
2381 2 0 3 0 0
2382 2 0 0 0 0
2383 2 0 0 0 0
2384 2 0 0 0 0
2385 2 0 0 0 0
2386 2 0 0 0 0
2387 2 0 0 0 0
2388 2 0 0 0 0
2389 2 0 0 0 0
2390 2 0 0 0 0
2391 2 0 0 0 0
2392 2 0 0 0 0
2393 2 0 0 0 0
2394 2 0 0 0 0
2395 2 0 0 0 0
2396 2 0 0 0 0
2397 2 0 0 0 0
2398 2 0 0 0 0
2399 2 0 0 0 0
2400 2 0 0 0 0
2401 2 0 0 0 0
2402 2 0 0 0 0
2403 2 0 0 0 0
2404 2 0 0 0 0
2405 2 0 0 0 0
2406 2 0 0 0 0
2407 2 0 0 0 0
2408 2 0 0 0 0
2409 2 0 0 0 0
2410 2 0 0 0 0
2411 2 0 0 0 0
2412 2 0 0 0 0
2413 2 0 0 0 0
2414 2 0 0 0 0
2415 2 0 0 0 0
2416 2 0 0 0 0
2417 2 0 0 0 0
2418 2 0 0 0 0
2419 2 0 0 0 0
2420 2 0 0 0 0
2421 2 0 0 0 0
2422 2 0 0 0 0
2423 2 0 0 0 0
2424 2 0 0 0 0
2425 2 0 0 0 0
2426 2 0 0 0 0
2427 2 0 0 0 0
2428 2 0 0 0 0
2429 2 0 0 0 0
2430 2 0 0 0 0
2431 2 0 0 0 0
2432 2 0 0 0 0
2433 2 0 0 0 0
2434 2 0 0 0 0
2435 2 0 0 0 0
2436 2 0 0 0 0
2437 2 0 0 0 0
2438 2 0 0 0 0
2439 2 0 0 0 0
2440 2 0 0 0 0
2441 2 0 0 0 0
2442 2 0 0 0 0
2443 2 0 0 0 0
2444 2 0 0 0 0
2445 2 0 0 0 0
2446 2 0 0 0 0
2447 2 0 0 0 0
2448 2 0 0 0 0
2449 2 0 0 0 0
2450 2 0 0 0 0
2451 2 0 0 0 0
2452 2 0 0 0 0
2453 2 0 0 0 0
2454 2 0 0 0 0
2455 2 0 0 0 0
2456 2 0 0 0 0
2457 2 0 0 0 0
2458 2 0 0 0 0
2459 2 0 0 0 0
2460 2 0 0 0 0
2461 2 0 0 0 0
2462 2 0 0 0 0
2463 2 0 0 0 0
2464 2 0 0 0 0
2465 2 0 0 0 0
2466 2 0 0 0 0
2467 2 0 0 0 0
2468 2 0 0 0 0
2469 2 0 0 0 0
2470 2 0 0 0 0
2471 2 0 0 0 0
2472 2 0 0 0 0
2473 2 0 0 0 0
2474 2 0 0 0 0
2475 2 0 0 0 0
2476 2 0 0 0 0
2477 2 0 0 0 0
2478 2 0 0 0 0
2479 2 0 0 0 0
2480 2 0 0 0 0
2481 2 0 0 0 0
2482 2 0 0 0 0
2483 2 0 0 0 0
2484 2 0 0 0 0
2485 2 0 0 0 0
2486 2 0 0 0 0
2487 2 0 0 0 0
2488 2 0 0 0 0
2489 2 0 0 0 0
2490 2 0 0 0 0
2491 2 0 0 0 0
2492 2 0 0 0 0
