0 0 0 2 0 0
1 0 0 3 0 0
2 0 0 0 0 0
3 0 0 2 0 0
4 0 0 0 0 0
5 0 0 0 0 0
6 0 0 0 0 0
7 0 0 0 0 0
8 0 0 0 0 0
9 0 0 0 0 0
10 0 0 0 0 0
11 0 0 0 0 0
12 0 0 0 0 0
13 0 0 0 0 0
14 0 0 0 0 0
15 0 0 0 0 0
16 0 0 0 0 0
17 0 0 0 0 0
18 0 0 0 0 0
19 0 0 0 0 0
20 0 0 0 0 0
21 0 0 0 0 0
22 0 0 0 0 0
23 0 0 0 0 0
24 0 0 0 0 0
25 0 0 0 0 0
26 0 0 0 0 0
27 0 0 0 0 0
28 0 0 0 0 0
29 0 0 0 0 0
30 0 0 0 0 0
31 0 0 0 0 0
32 0 0 0 0 0
33 0 0 0 0 0
34 0 0 0 0 0
35 0 0 0 0 0
36 0 0 0 0 0
37 0 0 0 0 0
38 0 0 2 0 0
39 0 0 2 0 0
40 0 0 2 0 0
41 0 0 2 0 0
42 0 0 0 0 0
43 0 0 0 0 0
44 0 0 0 0 0
45 0 0 2 0 0
46 0 0 2 0 0
47 0 0 2 0 0
48 0 0 2 0 0
49 0 0 2 0 0
50 0 0 2 0 0
51 0 0 2 0 0
52 0 0 2 0 0
53 0 0 2 0 0
54 0 0 2 0 0
55 0 0 2 0 0
56 0 0 2 0 0
57 0 0 2 0 0
58 0 0 2 0 0
59 0 0 2 0 0
60 0 0 2 0 0
61 0 0 2 0 0
62 0 0 2 0 0
63 0 0 2 0 0
64 0 0 2 0 0
65 0 0 2 0 0
66 0 0 2 0 0
67 0 0 2 0 0
68 0 0 2 0 0
69 0 0 2 0 0
70 0 0 2 0 0
71 0 0 2 0 0
72 0 0 2 0 0
73 0 0 0 0 0
74 0 0 2 0 0
75 0 0 2 0 0
76 0 0 2 0 0
77 0 0 2 0 0
78 0 0 2 0 0
79 0 0 2 0 0
80 0 0 2 0 0
81 0 0 2 0 0
82 0 0 2 0 0
83 0 0 2 0 0
84 0 0 2 0 0
85 0 0 2 0 0
86 0 0 2 0 0
87 0 0 2 0 0
88 0 0 2 0 0
89 0 0 2 0 0
90 0 0 2 0 0
91 0 0 2 0 0
92 0 0 2 0 0
93 0 0 2 0 0
94 0 0 2 0 0
95 0 0 0 2 0
96 0 0 0 2 0
97 0 0 0 2 0
98 0 0 0 2 0
99 0 0 0 2 0
100 0 0 0 2 0
101 0 0 0 2 0
102 0 0 0 2 0
103 0 0 0 2 0
104 0 0 0 2 0
105 0 0 0 2 0
106 0 0 0 2 0
107 0 0 0 2 0
108 0 0 0 2 0
109 0 0 0 2 0
110 0 0 0 2 0
111 0 0 0 2 0
112 0 0 0 0 0
113 0 0 0 0 0
114 0 0 0 2 0
115 0 0 0 2 0
116 0 0 0 2 0
117 0 0 0 0 0
118 0 0 0 2 0
119 0 0 0 0 0
120 0 0 0 0 0
121 0 0 0 0 0
122 0 0 0 2 0
123 0 0 0 0 0
124 0 0 0 0 0
125 0 0 0 0 0
126 0 0 0 0 0
127 0 0 0 0 0
128 0 0 0 0 0
129 0 0 0 0 0
130 0 0 0 0 0
131 0 0 0 0 0
132 0 0 0 0 0
133 0 0 0 0 0
134 0 0 0 0 0
135 0 0 2 0 0
136 0 0 2 0 0
137 0 0 2 0 0
138 0 0 2 0 0
139 0 0 2 0 0
140 0 0 2 0 0
141 0 0 2 0 0
142 0 0 2 0 0
143 0 0 2 0 0
144 0 0 2 0 0
145 0 0 2 0 0
146 0 0 2 0 0
147 0 0 2 0 0
148 0 0 2 0 0
149 0 0 2 0 0
150 0 0 2 0 0
151 0 0 2 0 0
152 0 0 2 0 0
153 0 0 2 0 0
154 0 0 2 0 0
155 0 0 0 2 0
156 0 0 0 2 0
157 0 0 0 2 0
158 0 0 0 2 0
159 0 0 0 2 0
160 0 0 0 2 0
161 0 0 0 2 0
162 0 0 0 2 0
163 0 0 0 2 0
164 0 0 0 2 0
165 0 0 0 2 0
166 0 0 0 2 0
167 0 0 0 2 0
168 0 0 0 2 0
169 0 0 0 2 0
170 0 0 0 2 0
171 0 0 0 2 0
172 0 0 0 2 0
173 0 0 0 2 0
174 0 0 0 2 0
175 0 0 0 2 0
176 0 0 0 2 0
177 0 0 0 2 0
178 0 0 0 2 0
179 0 0 0 2 0
180 0 0 0 2 0
181 0 0 0 2 0
182 0 0 0 2 0
183 0 0 0 2 0
184 0 0 0 2 0
185 0 0 0 2 0
186 0 0 0 2 0
187 0 0 0 2 0
188 0 0 0 2 0
189 0 0 0 2 0
190 0 0 0 2 0
191 0 0 0 2 0
192 0 0 0 2 0
193 0 0 0 2 0
194 0 0 0 2 0
195 0 0 0 2 0
196 0 0 0 2 0
197 0 0 0 2 0
198 0 0 0 2 0
199 0 0 0 2 0
200 0 0 0 2 0
201 0 0 0 2 0
202 0 0 0 2 0
203 0 0 0 2 0
204 0 0 0 2 0
205 0 0 0 2 0
206 0 0 0 2 0
207 0 0 0 2 0
208 0 0 0 2 0
209 0 0 0 2 0
210 0 0 0 2 0
211 0 0 0 2 0
212 0 0 0 2 0
213 0 0 0 2 0
214 0 0 0 2 0
215 0 0 0 2 0
216 0 0 0 2 0
217 0 0 2 0 0
218 0 0 2 0 0
219 0 0 2 0 0
220 0 0 2 0 0
221 0 0 2 0 0
222 0 0 2 0 0
223 0 0 2 0 0
224 0 0 2 0 0
225 0 0 2 0 0
226 0 0 2 0 0
227 0 0 2 0 0
228 0 0 2 0 0
229 0 0 2 0 0
230 0 0 2 0 0
231 0 0 2 0 0
232 0 0 2 0 0
233 0 0 2 0 0
234 0 0 2 0 0
235 0 0 2 0 0
236 0 0 2 0 0
237 0 0 2 0 0
238 0 0 2 0 0
239 0 0 2 0 0
240 0 0 2 0 0
241 0 0 2 0 0
242 0 0 2 0 0
243 0 0 2 0 0
244 0 0 2 0 0
245 0 0 2 0 0
246 0 0 2 0 0
247 0 0 2 0 0
248 0 0 2 0 0
249 0 0 2 0 0
250 0 0 2 0 0
251 0 0 2 0 0
252 0 0 2 0 0
253 0 0 2 0 0
254 0 0 2 0 0
255 0 0 2 0 0
256 0 0 2 0 0
257 0 0 2 0 0
258 0 0 2 0 0
259 0 0 2 0 0
260 0 0 2 0 0
261 0 0 2 0 0
262 0 0 2 0 0
263 0 0 2 0 0
264 0 0 2 0 0
265 0 0 2 0 0
266 0 0 2 0 0
267 0 0 2 0 0
268 0 0 2 0 0
269 0 0 2 0 0
270 0 0 2 0 0
271 0 0 2 0 0
272 0 0 2 0 0
273 0 0 2 0 0
274 0 0 2 0 0
275 0 0 2 0 0
276 0 0 2 0 0
277 0 0 2 0 0
278 0 0 2 0 0
279 0 0 2 0 0
280 0 0 2 0 0
281 0 0 2 0 0
282 0 0 2 0 0
283 0 0 2 0 0
284 0 0 2 0 0
285 0 0 2 0 0
286 0 0 2 0 0
287 0 0 2 0 0
288 0 0 2 0 0
289 0 0 2 0 0
290 0 0 2 0 0
291 0 0 2 0 0
292 0 0 2 0 0
293 0 0 2 0 0
294 0 0 2 0 0
295 0 0 2 0 0
296 0 0 2 0 0
297 0 0 2 0 0
298 0 0 2 0 0
299 0 0 2 0 0
300 0 0 2 0 0
301 0 0 2 0 0
302 0 0 2 0 0
303 0 0 2 0 0
304 0 0 2 0 0
305 0 0 2 0 0
306 0 0 2 0 0
307 0 0 2 0 0
308 0 0 2 0 0
309 0 0 2 0 0
310 0 0 2 0 0
311 0 0 2 0 0
312 0 0 2 0 0
313 0 0 2 0 0
314 0 0 2 0 0
315 0 0 2 0 0
316 0 0 2 0 0
317 0 0 2 0 0
318 0 0 2 0 0
319 0 0 2 0 0
320 0 2 2 0 0
321 0 2 2 0 0
322 0 2 2 0 0
323 0 0 2 0 0
324 0 0 2 0 0
325 0 0 2 0 0
326 0 0 2 0 0
327 0 0 2 0 0
328 0 0 2 0 0
329 0 0 2 0 0
330 0 0 2 0 0
331 0 0 2 0 0
332 0 0 2 0 0
333 0 0 2 0 0
334 0 0 2 0 0
335 0 0 2 0 0
336 0 0 2 0 0
337 0 0 2 0 0
338 0 0 2 0 0
339 0 0 2 0 0
340 0 0 2 0 0
341 0 2 2 0 0
342 0 0 2 0 0
343 0 0 2 0 0
344 0 0 2 0 0
345 0 2 2 0 0
346 0 0 2 0 0
347 0 2 3 0 0
348 0 2 2 0 1
349 0 2 2 0 1
350 0 2 2 0 1
351 0 2 2 0 1
352 0 2 2 0 1
353 0 2 2 0 1
354 0 2 2 0 1
355 0 2 2 0 1
356 0 2 2 0 1
357 0 2 2 0 1
358 0 2 2 0 1
359 0 2 2 0 1
360 0 2 2 0 1
361 0 2 2 0 1
362 0 2 2 0 1
363 0 2 2 0 1
364 0 2 2 0 1
365 0 2 2 0 1
366 0 2 2 0 1
367 0 2 3 0 0
368 0 2 2 0 1
369 0 2 2 0 1
370 0 2 2 0 1
371 0 2 3 0 0
372 0 2 3 0 0
373 0 2 3 0 0
374 0 2 0 0 0
375 0 2 0 0 0
376 0 2 2 0 1
377 0 2 2 0 1
378 0 2 2 0 1
379 0 2 2 0 1
380 0 2 2 0 1
381 0 2 2 0 1
382 0 2 2 0 1
383 0 2 2 0 1
384 0 2 2 0 1
385 0 2 2 0 1
386 2 0 2 0 1
387 2 0 2 0 1
388 2 0 2 0 1
389 2 0 2 0 1
390 2 0 2 0 1
391 2 0 2 0 1
392 2 0 2 0 1
393 2 0 2 0 1
394 2 0 2 0 1
395 2 0 2 0 1
396 2 0 3 0 1
397 2 0 2 0 1
398 2 0 2 0 1
399 2 0 2 0 1
400 2 0 2 0 1
401 0 2 3 0 0
402 0 2 2 0 1
403 0 2 2 0 0
404 0 2 2 0 1
405 0 2 3 0 0
406 0 2 2 0 0
407 0 2 2 0 0
408 0 2 2 0 1
409 0 2 3 0 0
410 0 2 2 0 1
411 0 2 2 0 1
412 0 2 3 0 0
413 0 2 2 0 1
414 0 2 2 0 1
415 0 2 2 0 0
416 0 2 2 0 1
417 0 2 2 0 0
418 0 2 3 0 0
419 0 2 2 0 1
420 0 2 2 0 1
421 0 2 2 0 1
422 0 2 2 0 1
423 0 2 2 0 1
424 0 2 2 0 1
425 0 2 2 0 1
426 0 2 2 0 1
427 0 2 2 0 1
428 0 2 2 0 1
429 0 2 2 0 1
430 0 2 2 0 1
431 0 2 2 0 1
432 0 2 2 0 1
433 0 2 2 0 1
434 0 2 2 0 1
435 0 2 2 0 1
436 0 2 2 0 1
437 0 2 2 0 1
438 0 2 2 0 0
439 0 2 2 0 0
440 0 2 2 0 1
441 0 3 2 0 0
442 0 2 2 0 0
443 0 2 2 0 1
444 0 2 2 0 0
445 0 2 2 0 0
446 0 2 2 0 0
447 0 2 2 0 1
448 0 2 2 0 0
449 0 2 2 0 0
450 0 2 2 0 0
451 0 2 2 0 1
452 0 2 2 0 1
453 0 2 2 0 1
454 0 2 2 0 1
455 0 2 2 0 1
456 0 2 2 0 1
457 0 2 2 0 1
458 0 2 2 0 1
459 0 2 3 0 0
460 0 2 2 0 1
461 2 0 2 0 0
462 2 0 2 0 1
463 2 0 2 0 1
464 2 0 2 0 0
465 2 0 2 0 0
466 2 0 2 0 1
467 2 0 2 0 1
468 2 0 2 0 1
469 2 0 2 0 1
470 2 0 2 0 1
471 2 0 2 0 1
472 2 0 2 0 1
473 2 0 2 0 1
474 2 0 2 0 1
475 2 0 2 0 1
476 2 0 2 0 1
477 2 0 2 0 1
478 2 0 2 0 1
479 2 0 2 0 1
480 2 0 2 0 1
481 2 0 2 0 1
482 2 0 2 0 1
483 2 0 2 0 1
484 2 0 2 0 1
485 2 0 2 0 1
486 2 0 3 0 1
487 2 0 3 0 1
488 2 0 2 0 1
489 2 0 3 0 1
490 2 0 3 0 1
491 2 0 2 0 1
492 2 0 2 0 1
493 2 0 3 0 1
494 2 0 0 0 1
495 2 0 0 0 1
496 2 0 3 0 1
497 3 0 2 0 0
498 3 0 2 0 0
499 3 0 2 0 0
500 3 0 0 0 0
501 3 0 2 0 0
502 2 0 0 0 0
503 3 0 2 0 0
504 3 0 0 0 0
505 2 0 2 0 1
506 3 0 0 2 0
507 2 0 0 2 0
508 2 0 0 2 0
509 2 0 0 2 0
510 3 0 0 2 0
511 2 0 0 2 0
512 3 0 0 2 0
513 3 0 0 2 0
514 3 0 0 2 0
515 3 0 0 2 0
516 2 0 0 2 1
517 3 0 0 2 0
518 3 0 0 2 0
519 2 0 0 2 1
520 3 0 0 2 0
521 3 0 0 2 0
522 2 0 0 2 1
523 3 0 0 2 0
524 2 0 0 2 1
525 3 0 0 2 0
526 3 0 0 2 0
527 3 0 0 2 0
528 3 0 0 2 0
529 2 0 0 2 1
530 2 0 0 2 1
531 2 0 0 2 1
532 2 0 0 2 1
533 2 0 0 2 1
534 2 0 0 2 1
535 2 0 0 2 1
536 2 0 0 2 1
537 2 0 0 2 1
538 2 0 0 2 1
539 2 0 0 2 1
540 2 0 0 2 1
541 2 0 0 2 0
542 2 0 0 2 0
543 2 0 0 2 0
544 3 0 0 2 0
545 3 0 0 2 0
546 0 0 0 2 0
547 2 0 0 2 1
548 3 0 0 2 0
549 0 0 0 2 0
550 0 0 0 2 0
551 0 0 0 2 0
552 0 0 0 2 0
553 0 0 0 2 0
554 2 0 0 2 1
555 2 0 0 2 1
556 2 0 0 2 1
557 2 0 0 2 1
558 2 0 0 2 1
559 2 0 0 2 1
560 2 0 0 2 1
561 0 0 0 2 0
562 0 0 0 2 0
563 2 0 0 2 1
564 2 0 0 2 1
565 2 0 0 2 1
566 2 0 0 2 1
567 2 0 0 2 1
568 3 0 0 2 0
569 0 0 0 2 0
570 0 0 0 2 0
571 2 0 0 2 1
572 2 0 0 2 1
573 0 0 0 2 0
574 0 0 0 2 0
575 2 0 0 2 1
576 2 0 0 2 1
577 2 0 0 2 1
578 0 0 0 2 0
579 2 0 0 2 1
580 2 0 0 2 1
581 2 0 0 2 1
582 2 0 0 2 1
583 2 0 0 2 1
584 0 0 0 2 0
585 2 0 0 2 1
586 2 0 0 2 1
587 2 0 0 2 1
588 2 0 2 0 1
589 2 0 2 0 1
590 2 0 2 0 1
591 2 0 2 0 1
592 0 0 2 0 1
593 2 0 2 0 1
594 0 0 2 0 1
595 2 0 2 0 1
596 2 0 2 0 1
597 2 0 2 0 1
598 2 0 2 0 1
599 2 0 2 0 1
600 2 0 2 0 1
601 2 0 2 0 1
602 2 0 2 0 1
603 2 0 2 0 1
604 2 0 2 0 1
605 2 0 2 0 1
606 0 0 2 0 1
607 0 0 2 0 1
608 0 0 2 0 1
609 0 0 2 0 1
610 0 0 2 0 1
611 0 0 2 0 1
612 0 0 2 0 1
613 0 0 2 0 1
614 0 0 2 0 1
615 0 0 2 0 1
616 0 0 2 0 1
617 0 0 2 0 1
618 0 0 2 0 1
619 0 0 2 0 1
620 0 0 2 0 1
621 0 0 2 0 1
622 0 0 2 0 1
623 0 0 2 0 1
624 0 0 2 0 1
625 0 0 2 0 0
626 0 0 2 0 0
627 0 0 2 0 0
628 0 0 2 0 0
629 0 0 2 0 0
630 0 0 2 0 0
631 0 0 2 0 0
632 0 0 2 0 0
633 0 0 2 0 0
634 0 0 2 0 0
635 0 0 2 0 0
636 0 0 2 0 1
637 0 0 2 0 0
638 0 0 2 0 1
639 0 0 3 0 0
640 0 0 3 0 0
641 0 0 2 0 1
642 0 0 2 0 1
643 0 0 2 0 1
644 0 0 2 0 1
645 0 0 2 0 1
646 0 0 2 0 1
647 0 0 2 0 1
648 0 0 2 0 1
649 0 0 2 0 1
650 0 0 2 0 0
651 0 0 2 0 1
652 0 0 2 0 1
653 0 0 2 0 1
654 0 0 2 0 1
655 0 0 2 0 1
656 0 0 2 0 1
657 0 0 2 0 1
658 0 0 2 0 1
659 0 0 2 0 1
660 0 0 2 0 1
661 0 0 2 0 1
662 0 0 2 0 1
663 0 0 2 0 1
664 0 0 2 0 1
665 0 0 2 0 1
666 0 0 2 0 1
667 0 0 2 0 1
668 0 0 2 0 1
669 0 0 2 0 1
670 0 0 2 0 1
671 0 0 2 0 1
672 0 0 2 0 1
673 0 0 2 0 0
674 0 0 2 0 1
675 0 0 2 0 1
676 0 0 2 0 1
677 0 0 2 0 1
678 0 0 2 0 1
679 0 0 2 0 1
680 0 0 2 0 1
681 0 0 2 0 0
682 0 0 2 0 0
683 0 0 2 0 0
684 0 0 2 0 0
685 0 0 2 0 0
686 0 0 3 0 0
687 0 0 2 0 0
688 0 0 2 0 0
689 0 0 2 0 0
690 0 0 2 0 0
691 0 0 2 0 1
692 0 0 2 0 1
693 0 0 2 0 1
694 0 0 2 0 0
695 0 0 2 0 0
696 0 0 2 0 0
697 0 0 2 0 0
698 0 0 2 0 1
699 0 0 2 0 1
700 0 0 2 0 0
701 0 0 3 0 0
702 0 0 3 0 0
703 0 0 2 0 1
704 0 0 2 0 1
705 0 0 2 0 0
706 0 0 2 0 0
707 0 0 3 0 0
708 0 0 2 0 0
709 0 0 3 0 0
710 0 0 2 0 0
711 0 0 3 0 0
712 0 0 3 0 0
713 0 0 3 0 0
714 0 0 3 0 0
715 0 0 2 0 1
716 0 0 2 0 1
717 0 0 2 0 1
718 0 0 2 0 1
719 0 0 2 0 1
720 0 0 2 0 1
721 0 0 2 0 1
722 0 0 2 0 1
723 0 0 2 0 1
724 0 0 2 0 1
725 0 0 2 0 1
726 0 0 2 0 1
727 0 0 2 0 1
728 0 0 2 0 1
729 0 0 2 0 1
730 0 0 2 0 1
731 0 0 2 0 1
732 0 0 2 0 1
733 0 0 2 0 1
734 0 0 2 0 1
735 0 0 2 0 1
736 0 0 2 0 1
737 0 0 2 0 1
738 0 0 2 0 1
739 0 0 2 0 1
740 0 0 2 0 1
741 0 0 2 0 1
742 0 0 2 0 1
743 0 0 2 0 1
744 0 0 2 0 1
745 0 0 2 0 1
746 0 0 2 0 1
747 0 0 2 0 1
748 0 0 2 0 1
749 0 0 2 0 1
750 0 0 2 0 1
751 0 0 2 0 1
752 0 0 2 0 1
753 0 0 2 0 1
754 0 0 2 0 1
755 0 0 2 0 1
756 0 0 2 0 1
757 0 0 2 0 1
758 0 0 2 0 1
759 0 0 2 0 1
760 0 0 2 0 1
761 0 0 2 0 1
762 0 0 2 0 1
763 0 0 2 0 1
764 0 0 2 0 1
765 0 0 2 0 1
766 0 0 2 0 1
767 0 0 2 0 1
768 0 0 2 0 1
769 0 0 2 0 1
770 0 0 2 0 1
771 0 0 2 0 1
772 0 0 2 0 1
773 0 0 2 0 1
774 0 0 2 0 1
775 0 0 2 0 1
776 0 0 2 0 1
777 0 0 2 0 1
778 0 0 2 0 1
779 0 0 2 0 1
780 0 0 2 0 1
781 0 0 2 0 1
782 0 0 2 0 1
783 0 0 2 0 0
784 0 0 2 0 1
785 0 0 2 0 1
786 0 0 2 0 1
787 0 0 2 0 1
788 0 0 2 0 1
789 0 0 2 0 1
790 0 0 2 0 1
791 0 0 2 0 1
792 0 0 2 0 1
793 0 0 2 0 1
794 0 0 2 0 1
795 0 0 2 0 1
796 0 0 2 0 1
797 0 0 2 0 1
798 0 0 2 0 1
799 0 0 2 0 1
800 0 0 2 0 1
801 0 0 2 0 1
802 0 0 2 0 1
803 0 0 2 0 1
804 0 0 2 0 1
805 0 0 2 0 1
806 0 0 2 0 1
807 0 0 2 0 1
808 0 0 2 0 1
809 0 0 2 0 1
810 0 0 2 0 1
811 0 0 2 0 1
812 0 0 2 0 1
813 0 0 2 0 1
814 0 0 2 0 1
815 0 0 2 0 1
816 0 0 2 0 1
817 0 0 2 0 1
818 0 0 2 0 1
819 0 0 2 0 1
820 0 0 2 0 1
821 0 0 2 0 1
822 0 0 2 0 1
823 0 0 2 0 1
824 0 0 2 0 1
825 0 0 2 0 1
826 0 0 2 0 1
827 0 0 2 0 1
828 0 0 2 0 1
829 0 0 2 0 1
830 0 0 2 0 1
831 0 0 2 0 1
832 0 0 2 0 1
833 0 0 2 0 1
834 0 0 2 0 1
835 0 0 2 0 1
836 0 0 2 0 1
837 0 0 2 0 0
838 0 0 2 0 1
839 0 0 2 0 0
840 0 0 2 0 0
841 0 0 2 0 0
842 0 0 2 0 1
843 0 0 2 0 1
844 0 0 2 0 1
845 0 0 2 0 1
846 0 0 2 0 1
847 0 0 2 0 1
848 0 0 2 0 1
849 0 0 2 0 1
850 0 0 2 0 1
851 0 0 2 0 1
852 0 0 2 0 1
853 0 0 2 0 1
854 0 0 2 0 1
855 0 0 2 0 1
856 0 0 2 0 1
857 0 0 2 0 0
858 0 0 2 0 1
859 0 0 2 0 1
860 0 0 2 0 1
861 0 0 2 0 1
862 0 0 2 0 1
863 0 0 2 0 1
864 0 0 2 0 1
865 0 0 2 0 1
866 0 0 2 0 1
867 0 0 2 0 1
868 0 0 2 0 1
869 0 0 3 0 0
870 0 0 3 0 0
871 0 0 3 0 0
872 0 0 2 0 0
873 0 0 2 0 1
874 0 0 2 0 0
875 0 0 2 0 0
876 0 0 2 0 0
877 0 0 2 0 0
878 0 0 2 0 0
879 0 0 2 0 0
880 0 0 2 0 0
881 0 0 2 0 0
882 0 0 2 0 0
883 0 0 3 0 0
884 0 0 3 0 0
885 0 0 3 0 0
886 0 0 3 0 0
887 0 0 3 0 0
888 0 0 3 0 0
889 0 0 3 0 0
890 0 0 3 0 0
891 0 0 3 0 0
892 0 0 3 0 0
893 0 0 3 0 0
894 0 0 3 0 0
895 0 0 3 0 0
896 0 0 3 0 0
897 0 0 3 0 0
898 0 0 3 0 0
899 0 0 3 0 0
900 0 0 2 0 0
901 0 0 2 0 1
902 0 0 3 0 0
903 0 0 3 0 0
904 0 0 3 0 0
905 0 0 3 0 0
906 0 0 3 0 0
907 0 0 3 0 0
908 0 0 3 0 0
909 0 0 3 0 0
910 0 0 2 0 1
911 0 0 0 0 0
912 0 0 2 0 1
913 0 0 2 0 1
914 0 0 2 0 1
915 0 0 2 0 1
916 0 0 2 0 1
917 0 0 2 0 0
918 0 0 3 0 0
919 0 0 2 0 1
920 0 0 2 0 1
921 0 0 2 0 1
922 0 0 2 0 0
923 0 0 2 0 1
924 0 0 0 0 0
925 0 0 2 0 1
926 0 0 2 0 1
927 0 0 2 0 1
928 0 0 2 0 1
929 0 0 2 0 1
930 0 0 2 0 1
931 0 0 2 0 1
932 0 0 2 0 1
933 0 0 2 0 1
934 0 0 2 0 1
935 0 0 2 0 1
936 0 0 2 0 1
937 0 0 2 0 1
938 0 0 2 0 1
939 0 0 2 0 1
940 0 0 2 0 1
941 0 2 2 0 1
942 0 2 2 0 1
943 0 3 2 0 1
944 0 0 2 0 1
945 0 3 2 0 1
946 0 3 2 0 1
947 0 3 2 0 1
948 0 2 2 0 1
949 0 3 2 0 1
950 0 3 2 0 1
951 0 3 2 0 1
952 0 3 2 0 1
953 0 3 2 0 1
954 0 3 2 0 1
955 0 3 2 0 0
956 0 3 2 0 1
957 0 3 2 0 1
958 0 3 2 0 0
959 0 3 2 0 0
960 0 3 3 0 0
961 0 0 2 0 0
962 0 3 2 0 0
963 0 3 2 0 1
964 0 3 2 0 0
965 0 3 2 0 0
966 0 3 2 0 0
967 0 3 2 0 0
968 0 3 2 0 0
969 0 3 2 0 0
970 0 3 2 0 0
971 0 3 2 0 0
972 0 3 2 0 1
973 0 3 2 0 0
974 0 3 2 0 1
975 0 3 2 0 0
976 0 3 2 0 0
977 0 3 2 0 0
978 0 3 2 0 0
979 0 3 2 0 0
980 0 3 2 0 1
981 0 3 2 0 0
982 0 3 2 0 0
983 0 2 2 0 0
984 0 2 2 0 1
985 0 2 2 0 0
986 0 2 2 0 0
987 0 2 2 0 0
988 0 2 2 0 0
989 0 2 2 0 0
990 0 2 2 0 1
991 0 2 2 0 1
992 0 2 2 0 1
993 0 2 2 0 1
994 0 2 2 0 1
995 0 2 2 0 1
996 0 2 2 0 1
997 0 2 2 0 1
998 0 2 2 0 1
999 0 2 2 0 1
1000 0 2 2 0 1
1001 0 2 2 0 1
1002 0 2 2 0 1
1003 0 2 2 0 1
1004 0 2 2 0 1
1005 0 2 2 0 1
1006 0 2 2 0 1
1007 0 2 2 0 1
1008 0 2 2 0 1
1009 0 2 2 0 1
1010 0 2 2 0 1
1011 0 2 2 0 1
1012 0 3 2 0 1
1013 0 2 2 0 1
1014 0 3 3 0 0
1015 0 3 2 0 1
1016 0 2 2 0 1
1017 0 2 2 0 1
1018 0 2 2 0 1
1019 0 2 2 0 1
1020 0 2 2 0 1
1021 0 2 2 0 1
1022 0 3 2 0 1
1023 0 2 2 0 1
1024 0 3 2 0 1
1025 0 3 2 0 1
1026 0 2 2 0 1
1027 0 2 2 0 1
1028 0 2 2 0 1
1029 0 2 2 0 1
1030 0 2 2 0 1
1031 0 2 2 0 1
1032 0 2 2 0 1
1033 0 2 2 0 1
1034 0 2 2 0 1
1035 0 2 2 0 1
1036 0 2 2 0 1
1037 0 2 2 0 1
1038 0 2 2 0 1
1039 0 2 2 0 1
1040 0 2 2 0 1
1041 0 2 2 0 1
1042 0 2 2 0 1
1043 0 2 2 0 1
1044 0 2 2 0 1
1045 2 0 2 0 1
1046 2 0 2 0 1
1047 2 0 2 0 1
1048 2 0 2 0 1
1049 2 0 2 0 1
1050 3 0 2 0 1
1051 2 0 2 0 1
1052 2 0 2 0 1
1053 2 0 2 0 2
1054 2 0 2 0 2
1055 2 0 2 0 2
1056 2 0 2 0 2
1057 2 0 2 0 1
1058 2 0 2 0 1
1059 2 0 2 0 1
1060 2 0 2 0 1
1061 2 0 2 0 1
1062 2 0 2 0 1
1063 2 0 2 0 1
1064 2 0 2 0 1
1065 2 0 2 0 1
1066 2 0 2 0 1
1067 2 0 2 0 1
1068 2 0 2 0 1
1069 2 0 2 0 1
1070 2 0 2 0 1
1071 2 0 2 0 1
1072 2 0 3 0 1
1073 2 0 2 0 1
1074 2 0 2 0 1
1075 2 0 2 0 1
1076 3 0 2 0 0
1077 2 0 2 0 1
1078 2 0 2 0 1
1079 2 0 2 0 1
1080 2 0 2 0 1
1081 2 0 2 0 1
1082 2 0 2 0 1
1083 2 0 2 0 1
1084 2 0 2 0 1
1085 2 0 2 0 1
1086 2 0 2 0 1
1087 2 0 2 0 1
1088 2 0 2 0 1
1089 3 0 2 0 1
1090 3 0 3 0 0
1091 3 0 3 0 0
1092 3 0 2 0 1
1093 3 0 3 0 0
1094 3 0 3 0 0
1095 2 0 2 0 1
1096 2 0 2 0 1
1097 3 0 2 0 1
1098 2 0 2 0 1
1099 2 0 2 0 0
1100 2 0 2 0 1
1101 2 0 2 0 1
1102 2 0 2 0 1
1103 2 0 2 0 1
1104 2 0 2 0 1
1105 2 0 2 0 1
1106 2 0 2 0 0
1107 2 0 2 0 0
1108 3 0 2 0 1
1109 2 0 2 0 1
1110 0 2 2 0 1
1111 0 2 2 0 1
1112 0 2 2 0 1
1113 0 0 2 0 1
1114 0 3 2 0 1
1115 0 3 2 0 1
1116 0 0 2 0 1
1117 0 0 2 0 1
1118 0 0 2 0 1
1119 0 0 2 0 1
1120 0 0 2 0 1
1121 0 0 2 0 1
1122 0 0 2 0 1
1123 0 0 2 0 1
1124 0 0 2 0 1
1125 0 0 2 0 1
1126 0 0 2 0 1
1127 0 0 2 0 0
1128 0 0 2 0 0
1129 0 0 2 0 0
1130 0 0 2 0 1
1131 0 0 2 0 1
1132 0 0 2 0 1
1133 0 0 2 0 1
1134 0 0 2 0 1
1135 0 0 2 0 1
1136 0 0 2 0 1
1137 0 0 2 0 1
1138 0 0 2 0 1
1139 0 0 2 0 1
1140 0 0 2 0 1
1141 0 0 2 0 1
1142 0 0 2 0 1
1143 0 0 2 0 1
1144 0 0 2 0 1
1145 0 0 2 0 1
1146 0 0 2 0 1
1147 0 0 2 0 1
1148 0 0 2 0 1
1149 0 0 2 0 1
1150 0 0 2 0 1
1151 0 0 2 0 1
1152 0 0 2 0 1
1153 0 0 2 0 1
1154 0 0 2 0 1
1155 0 0 2 0 1
1156 0 0 2 0 1
1157 0 0 2 0 1
1158 0 0 2 0 1
1159 0 0 2 0 1
1160 0 0 2 0 1
1161 0 0 2 0 1
1162 0 0 2 0 1
1163 0 0 2 0 1
1164 0 0 2 0 0
1165 0 0 2 0 1
1166 0 0 2 0 1
1167 0 0 2 0 1
1168 0 0 2 0 1
1169 0 0 2 0 1
1170 0 0 2 0 1
1171 0 0 2 0 1
1172 0 0 2 0 0
1173 0 0 2 0 1
1174 0 0 2 0 1
1175 0 0 2 0 1
1176 0 0 2 0 1
1177 0 0 2 0 1
1178 0 0 2 0 1
1179 0 0 2 0 1
1180 0 0 2 0 1
1181 0 0 2 0 1
1182 0 0 2 0 1
1183 0 0 2 0 1
1184 0 0 2 0 1
1185 0 0 2 0 1
1186 0 0 2 0 1
1187 0 0 2 0 1
1188 0 0 2 0 1
1189 0 0 2 0 1
1190 0 0 2 0 1
1191 0 0 2 0 1
1192 0 0 2 0 1
1193 0 0 2 0 1
1194 0 0 2 0 1
1195 0 0 2 0 1
1196 0 0 2 0 1
1197 0 0 2 0 1
1198 0 0 2 0 1
1199 0 0 2 0 1
1200 0 0 2 0 1
1201 0 0 2 0 1
1202 0 0 2 0 0
1203 0 0 2 0 0
1204 0 0 2 0 1
1205 0 0 2 0 0
1206 0 0 2 0 1
1207 0 0 2 0 1
1208 0 0 2 0 1
1209 0 0 2 0 1
1210 0 0 2 0 0
1211 0 0 2 0 0
1212 0 0 2 0 1
1213 0 0 2 0 1
1214 0 0 2 0 0
1215 0 0 3 0 0
1216 0 0 2 0 0
1217 0 0 2 0 0
1218 0 0 2 0 1
1219 0 0 2 0 1
1220 0 0 2 0 1
1221 0 0 2 0 1
1222 0 0 2 0 1
1223 0 0 2 0 1
1224 0 0 2 0 1
1225 0 0 2 0 1
1226 0 0 2 0 1
1227 0 0 2 0 0
1228 0 0 2 0 0
1229 0 0 2 0 0
1230 0 0 2 0 0
1231 0 0 2 0 1
1232 0 0 2 0 1
1233 0 0 2 0 1
1234 0 0 2 0 0
1235 0 0 2 0 1
1236 0 0 2 0 0
1237 0 0 3 0 0
1238 0 0 3 0 0
1239 0 0 3 0 0
1240 0 0 2 0 1
1241 0 0 2 0 0
1242 0 0 2 0 1
1243 0 0 2 0 0
1244 0 0 2 0 0
1245 0 0 2 0 0
1246 0 0 2 0 1
1247 0 0 2 0 0
1248 0 0 2 0 0
1249 0 0 2 0 0
1250 0 0 2 0 0
1251 0 0 2 0 0
1252 0 0 2 0 1
1253 0 0 2 0 0
1254 0 0 2 0 0
1255 0 0 2 0 0
1256 0 0 2 0 1
1257 0 0 2 0 1
1258 0 0 2 0 1
1259 0 0 2 0 0
1260 0 0 2 0 1
1261 0 0 2 0 1
1262 0 0 2 0 1
1263 0 0 2 0 1
1264 0 0 2 0 1
1265 0 0 2 0 1
1266 0 0 2 0 1
1267 0 0 2 0 1
1268 0 0 2 0 1
1269 0 0 2 0 1
1270 0 0 2 0 1
1271 0 0 2 0 1
1272 0 0 2 0 1
1273 0 0 2 0 1
1274 0 0 2 0 1
1275 0 0 2 0 1
1276 0 0 2 0 1
1277 0 0 2 0 1
1278 0 0 2 0 1
1279 0 0 2 0 1
1280 0 0 2 0 1
1281 0 0 2 0 1
1282 0 0 2 0 1
1283 0 0 2 0 1
1284 0 0 2 0 1
1285 0 0 2 0 1
1286 0 0 2 0 1
1287 0 0 2 0 1
1288 0 0 2 0 1
1289 0 0 2 0 1
1290 0 0 2 0 1
1291 0 0 2 0 1
1292 0 0 2 0 1
1293 0 0 2 0 1
1294 0 0 2 0 1
1295 0 0 2 0 1
1296 0 0 2 0 1
1297 0 0 2 0 1
1298 0 0 2 0 1
1299 0 0 2 0 1
1300 0 0 2 0 1
1301 0 0 2 0 1
1302 0 0 2 0 1
1303 0 0 2 0 1
1304 0 0 2 0 1
1305 0 0 2 0 1
1306 0 0 2 0 1
1307 0 0 2 0 1
1308 0 0 2 0 1
1309 0 0 2 0 1
1310 0 0 2 0 1
1311 0 0 2 0 1
1312 0 0 2 0 1
1313 0 0 2 0 1
1314 0 0 2 0 1
1315 0 0 2 0 1
1316 0 0 2 0 1
1317 0 0 2 0 1
1318 0 0 2 0 1
1319 0 0 2 0 1
1320 0 0 2 0 1
1321 0 0 2 0 1
1322 0 0 2 0 1
1323 0 0 2 0 1
1324 0 0 2 0 1
1325 0 0 2 0 1
1326 0 0 2 0 1
1327 0 0 2 0 1
1328 0 0 2 0 1
1329 0 0 2 0 1
1330 0 0 2 0 1
1331 0 0 2 0 1
1332 0 0 2 0 1
1333 0 0 2 0 1
1334 0 0 2 0 1
1335 0 0 2 0 1
1336 0 0 2 0 1
1337 0 0 2 0 1
1338 0 0 2 0 1
1339 0 0 2 0 1
1340 0 0 2 0 1
1341 0 0 2 0 1
1342 0 0 2 0 1
1343 0 0 2 0 1
1344 0 0 2 0 1
1345 0 0 2 0 1
1346 0 0 2 0 1
1347 0 0 2 0 1
1348 0 0 2 0 1
1349 0 0 2 0 1
1350 0 0 2 0 1
1351 0 0 2 0 1
1352 0 0 2 0 1
1353 0 0 2 0 1
1354 0 0 2 0 1
1355 0 0 2 0 1
1356 0 0 2 0 1
1357 0 0 2 0 1
1358 0 0 2 0 1
1359 0 0 2 0 1
1360 0 0 2 0 1
1361 0 0 2 0 1
1362 0 0 2 0 1
1363 0 0 2 0 1
1364 0 0 2 0 1
1365 0 0 2 0 1
1366 0 0 2 0 1
1367 0 0 2 0 1
1368 0 0 2 0 1
1369 0 0 2 0 1
1370 0 0 2 0 1
1371 0 0 2 0 1
1372 0 0 2 0 1
1373 0 0 2 0 1
1374 0 0 2 0 1
1375 0 0 2 0 1
1376 0 0 2 0 1
1377 0 0 2 0 1
1378 0 0 2 0 1
1379 0 0 2 0 1
1380 0 0 2 0 1
1381 0 0 2 0 1
1382 0 0 2 0 1
1383 0 0 2 0 1
1384 0 0 2 0 1
1385 0 0 2 0 1
1386 0 0 2 0 1
1387 0 0 2 0 1
1388 0 0 2 0 1
1389 0 0 2 0 1
1390 0 2 2 0 1
1391 0 0 2 0 0
1392 0 0 2 0 0
1393 0 0 2 0 0
1394 0 0 2 0 0
1395 0 0 2 0 0
1396 0 0 2 0 0
1397 0 0 2 0 0
1398 0 0 2 0 0
1399 0 0 2 0 0
1400 0 0 2 0 1
1401 0 0 2 0 1
1402 0 0 2 0 1
1403 0 0 2 0 1
1404 0 0 2 0 1
1405 0 0 2 0 1
1406 0 0 2 0 1
1407 0 0 2 0 1
1408 0 0 2 0 1
1409 0 0 2 0 1
1410 0 0 2 0 1
1411 0 0 2 0 1
1412 0 0 2 0 1
1413 0 0 2 0 0
1414 0 0 2 0 1
1415 0 0 2 0 1
1416 0 0 2 0 0
1417 0 0 2 0 0
1418 0 0 2 0 0
1419 0 0 2 0 1
1420 0 3 2 0 1
1421 0 0 2 0 1
1422 0 2 2 0 1
1423 0 3 2 0 1
1424 0 3 2 0 1
1425 0 3 2 0 1
1426 0 3 2 0 1
1427 0 3 2 0 1
1428 0 3 2 0 0
1429 0 2 2 0 1
1430 0 3 2 0 0
1431 0 3 2 0 1
1432 2 0 2 0 1
1433 2 0 2 0 2
1434 2 0 2 0 1
1435 2 0 2 0 1
1436 2 0 2 0 1
1437 0 2 2 0 1
1438 0 2 2 0 1
1439 0 2 2 0 1
1440 0 2 2 0 1
1441 0 2 2 0 1
1442 0 2 2 0 1
1443 0 2 2 0 1
1444 0 2 2 0 1
1445 0 2 2 0 1
1446 0 2 2 0 1
1447 0 2 2 0 1
1448 0 2 2 0 1
1449 0 2 2 0 1
1450 0 2 2 0 1
1451 0 2 2 0 1
1452 0 2 2 0 1
1453 0 2 2 0 1
1454 0 2 2 0 1
1455 0 2 2 0 1
1456 0 2 2 0 1
1457 0 2 2 0 1
1458 0 2 2 0 1
1459 0 2 2 0 1
1460 0 2 2 0 1
1461 0 2 2 0 1
1462 0 2 2 0 1
1463 0 2 2 0 1
1464 0 2 2 0 1
1465 0 2 2 0 1
1466 0 2 2 0 1
1467 0 2 2 0 1
1468 0 2 2 0 1
1469 0 2 2 0 1
1470 0 2 2 0 1
1471 0 2 2 0 1
1472 0 2 2 0 1
1473 0 2 2 0 1
1474 0 2 2 0 1
1475 0 2 2 0 1
1476 0 2 0 0 0
1477 0 2 2 0 1
1478 0 2 2 0 1
1479 0 2 2 0 1
1480 0 2 2 0 1
1481 0 2 2 0 1
1482 0 2 2 0 1
1483 0 2 2 0 1
1484 0 2 2 0 1
1485 0 2 2 0 1
1486 0 2 2 0 1
1487 0 2 2 0 1
1488 0 3 2 0 1
1489 0 2 2 0 1
1490 0 2 2 0 1
1491 0 2 2 0 1
1492 0 2 2 0 1
1493 0 2 2 0 1
1494 0 2 2 0 1
1495 0 2 2 0 1
1496 0 2 2 0 1
1497 0 2 2 0 1
1498 0 2 2 0 1
1499 0 2 2 0 1
1500 0 2 2 0 1
1501 0 2 2 0 1
1502 0 2 2 0 1
1503 0 2 2 0 1
1504 0 2 2 0 1
1505 0 2 2 0 1
1506 0 2 2 0 1
1507 0 2 2 0 1
1508 0 2 2 0 1
1509 0 2 2 0 1
1510 0 2 2 0 1
1511 0 2 2 0 1
1512 0 2 2 0 1
1513 0 2 2 0 1
1514 0 2 2 0 1
1515 0 2 2 0 1
1516 0 2 2 0 1
1517 0 2 2 0 1
1518 0 2 2 0 1
1519 0 2 2 0 1
1520 0 2 2 0 1
1521 0 2 2 0 1
1522 0 2 2 0 1
1523 0 2 2 0 1
1524 0 2 2 0 1
1525 0 2 2 0 1
1526 0 2 2 0 1
1527 0 2 2 0 1
1528 0 2 2 0 1
1529 0 2 2 0 1
1530 0 2 2 0 1
1531 0 2 2 0 1
1532 0 2 2 0 1
1533 0 2 2 0 1
1534 0 2 2 0 1
1535 0 2 2 0 1
1536 0 2 2 0 1
1537 0 2 2 0 1
1538 0 2 2 0 1
1539 0 2 2 0 1
1540 0 2 2 0 1
1541 0 2 2 0 1
1542 0 2 2 0 1
1543 0 2 2 0 1
1544 0 3 2 0 1
1545 3 0 2 0 1
1546 2 0 2 0 1
1547 2 0 2 0 1
1548 2 0 2 0 1
1549 2 0 2 0 1
1550 2 0 2 0 1
1551 2 0 2 0 1
1552 2 0 2 0 1
1553 2 0 2 0 1
1554 2 0 2 0 1
1555 2 0 2 0 1
1556 2 0 2 0 1
1557 2 0 2 0 1
1558 2 0 2 0 1
1559 2 0 2 0 1
1560 2 0 2 0 1
1561 2 0 2 0 1
1562 2 0 2 0 1
1563 2 0 2 0 1
1564 2 0 2 0 1
1565 2 0 2 0 1
1566 2 0 2 0 1
1567 2 0 2 0 1
1568 2 0 2 0 1
1569 2 0 2 0 1
1570 2 0 2 0 1
1571 2 0 2 0 1
1572 2 0 2 0 1
1573 2 0 2 0 1
1574 2 0 2 0 1
1575 2 0 2 0 1
1576 2 0 2 0 1
1577 2 0 2 0 1
1578 2 0 2 0 1
1579 2 0 2 0 1
1580 2 0 2 0 1
1581 2 0 2 0 1
1582 2 0 2 0 1
1583 2 0 2 0 1
1584 2 0 2 0 1
1585 2 0 2 0 1
1586 2 0 2 0 1
1587 2 0 2 0 1
1588 2 0 2 0 1
1589 2 0 2 0 1
1590 2 0 2 0 1
1591 2 0 2 0 1
1592 2 0 2 0 1
1593 2 0 2 0 1
1594 2 0 2 0 1
1595 2 0 2 0 1
1596 2 0 2 0 1
1597 2 0 2 0 1
1598 2 0 2 0 1
1599 2 0 2 0 1
1600 2 0 2 0 1
1601 2 0 2 0 1
1602 2 0 2 0 1
1603 2 0 2 0 1
1604 2 0 2 0 1
1605 2 0 2 0 1
1606 2 0 2 0 1
1607 2 0 2 0 1
1608 2 0 2 0 1
1609 2 0 2 0 1
1610 2 0 2 0 1
1611 2 0 2 0 1
1612 2 0 2 0 1
1613 2 0 2 0 1
1614 2 0 2 0 1
1615 2 0 2 0 1
1616 2 0 2 0 1
1617 2 0 2 0 1
1618 2 0 2 0 1
1619 2 0 2 0 1
1620 2 0 2 0 1
1621 2 0 2 0 1
1622 2 0 2 0 1
1623 2 0 2 0 1
1624 2 0 2 0 1
1625 2 0 2 0 1
1626 2 0 2 0 1
1627 2 0 2 0 1
1628 2 0 2 0 1
1629 2 0 2 0 1
1630 2 0 2 0 1
1631 2 0 2 0 1
1632 2 0 2 0 1
1633 2 0 2 0 1
1634 2 0 2 0 1
1635 2 0 2 0 1
1636 2 0 2 0 1
1637 2 0 2 0 1
1638 2 0 2 0 1
1639 2 0 2 0 1
1640 2 0 2 0 1
1641 2 0 2 0 1
1642 2 0 2 0 1
1643 2 0 2 0 1
1644 2 0 2 0 1
1645 2 0 2 0 1
1646 2 0 2 0 1
1647 2 0 2 0 1
1648 2 0 2 0 1
1649 2 0 2 0 1
1650 2 0 2 0 1
1651 2 0 2 0 1
1652 2 0 2 0 1
1653 2 0 2 0 1
1654 2 0 2 0 1
1655 2 0 2 0 1
1656 2 0 2 0 1
1657 2 0 2 0 1
1658 2 0 2 0 1
1659 2 0 2 0 1
1660 2 0 2 0 1
1661 2 0 2 0 1
1662 2 0 2 0 1
1663 2 0 2 0 1
1664 2 0 2 0 1
1665 2 0 2 0 1
1666 2 0 2 0 1
1667 2 0 2 0 1
1668 2 0 2 0 1
1669 2 0 2 0 1
1670 2 0 2 0 1
1671 2 0 2 0 1
1672 2 0 2 0 1
1673 2 0 2 0 1
1674 2 0 2 0 1
1675 2 0 2 0 1
1676 2 0 2 0 1
1677 2 0 2 0 1
1678 2 0 2 0 1
1679 2 0 2 0 1
1680 2 0 2 0 1
1681 2 0 2 0 1
1682 2 0 2 0 1
1683 2 0 2 0 1
1684 2 0 2 0 1
1685 2 0 2 0 1
1686 2 0 2 0 1
1687 2 0 2 0 1
1688 2 0 2 0 1
1689 2 0 2 0 1
1690 2 0 2 0 1
1691 2 0 2 0 1
1692 2 0 2 0 1
1693 2 0 2 0 1
1694 2 0 2 0 1
1695 2 0 2 0 1
1696 2 0 2 0 1
1697 2 0 2 0 1
1698 2 0 2 0 1
1699 2 0 2 0 1
1700 2 0 2 0 1
1701 2 0 2 0 1
1702 2 0 2 0 1
1703 2 0 2 0 1
1704 2 0 2 0 1
1705 2 0 2 0 1
1706 2 0 2 0 1
1707 2 0 2 0 1
1708 0 0 2 0 1
1709 0 0 2 0 1
1710 0 0 2 0 1
1711 3 0 2 0 1
1712 3 0 2 0 1
1713 0 0 2 0 1
1714 0 0 2 0 0
1715 0 0 2 0 0
1716 0 0 0 0 0
1717 0 0 0 0 0
1718 0 0 2 0 1
1719 0 0 2 0 1
1720 0 0 2 0 1
1721 0 0 2 0 1
1722 0 0 2 0 1
1723 0 0 2 0 1
1724 0 0 2 0 1
1725 0 0 2 0 1
1726 0 0 3 0 0
1727 0 0 2 0 1
1728 0 0 2 0 0
1729 0 0 2 0 0
1730 0 0 2 0 1
1731 0 0 2 0 1
1732 0 0 2 0 1
1733 0 0 2 0 1
1734 0 0 3 0 0
1735 0 0 2 0 0
1736 0 0 2 0 0
1737 0 0 3 0 0
1738 0 0 2 0 0
1739 0 0 0 0 0
1740 0 0 2 0 0
1741 0 0 2 0 0
1742 0 0 3 0 0
1743 0 0 2 0 0
1744 0 0 2 0 0
1745 0 0 2 0 0
1746 0 0 2 0 0
1747 0 0 3 0 0
1748 0 0 3 0 0
1749 0 0 2 0 0
1750 0 0 3 0 0
1751 0 0 3 0 0
1752 0 0 2 0 1
1753 0 0 3 0 0
1754 0 0 2 0 0
1755 0 0 2 0 1
1756 0 0 3 0 0
1757 0 0 2 0 1
1758 0 0 2 0 1
1759 0 0 3 0 0
1760 0 0 3 0 0
1761 0 0 3 0 0
1762 0 0 2 0 1
1763 0 0 2 0 1
1764 0 0 3 0 0
1765 0 0 3 0 0
1766 0 0 3 0 0
1767 0 0 3 0 0
1768 0 0 3 0 0
1769 0 0 2 0 1
1770 0 0 3 0 0
1771 0 0 3 0 0
1772 0 0 3 0 0
1773 0 0 3 0 0
1774 0 0 3 0 0
1775 0 0 2 0 0
1776 0 0 3 0 0
1777 0 0 0 0 0
1778 0 0 2 0 1
1779 0 0 3 0 0
1780 0 0 2 0 0
1781 0 0 2 0 1
1782 0 0 2 0 0
1783 0 0 0 0 0
1784 0 0 2 0 0
1785 0 0 0 0 0
1786 0 0 2 0 0
1787 0 0 0 0 0
1788 0 0 2 0 0
1789 0 0 3 0 0
1790 0 0 3 0 0
1791 0 0 3 0 0
1792 0 0 2 0 0
1793 0 0 2 0 0
1794 0 0 2 0 0
1795 0 0 2 0 0
1796 0 0 3 0 0
1797 0 0 3 0 0
1798 0 0 3 0 0
1799 0 0 3 0 0
1800 0 0 3 0 0
1801 0 0 3 0 0
1802 0 0 3 0 0
1803 0 0 3 0 0
1804 0 0 3 0 0
1805 0 0 3 0 0
1806 0 0 3 0 0
1807 0 0 3 0 0
1808 0 0 3 0 0
1809 0 0 3 0 0
1810 0 0 3 0 0
1811 0 0 3 0 0
1812 0 0 0 0 0
1813 0 0 3 0 0
1814 0 0 3 0 0
1815 0 0 3 0 0
1816 0 0 3 0 0
1817 0 0 3 0 0
1818 0 0 2 0 1
1819 0 0 2 0 1
1820 0 0 2 0 1
1821 0 0 2 0 1
1822 0 0 2 0 0
1823 0 0 2 0 1
1824 0 0 2 0 0
1825 0 0 2 0 0
1826 0 0 2 0 1
1827 0 0 2 0 1
1828 0 0 2 0 1
1829 0 0 2 0 1
1830 0 0 2 0 1
1831 0 0 2 0 1
1832 0 0 2 0 0
1833 0 0 2 0 1
1834 0 0 2 0 1
1835 0 0 3 0 0
1836 0 0 2 0 1
1837 0 0 3 0 0
1838 0 0 2 0 1
1839 0 0 2 0 1
1840 0 0 2 0 1
1841 0 0 2 0 1
1842 0 0 2 0 1
1843 0 0 2 0 1
1844 0 0 2 0 1
1845 2 0 3 0 0
1846 0 0 2 0 1
1847 0 0 2 0 1
1848 0 0 2 0 1
1849 0 0 2 0 1
1850 0 0 2 0 1
1851 0 0 2 0 1
1852 0 0 2 0 1
1853 0 0 2 0 0
1854 0 0 2 0 0
1855 0 0 2 0 1
1856 0 0 2 0 1
1857 0 0 2 0 1
1858 0 0 2 0 0
1859 0 0 2 0 0
1860 0 0 2 0 1
1861 0 0 2 0 1
1862 0 0 2 0 1
1863 0 0 2 0 1
1864 0 0 2 0 1
1865 0 0 2 0 1
1866 0 0 2 0 1
1867 0 0 2 0 1
1868 0 0 2 0 1
1869 0 0 2 0 1
1870 0 0 2 0 1
1871 0 0 2 0 1
1872 0 0 2 0 1
1873 0 0 2 0 0
1874 0 0 2 0 1
1875 0 0 2 0 1
1876 0 0 2 0 1
1877 0 0 2 0 1
1878 0 0 2 0 1
1879 0 0 2 0 1
1880 0 0 2 0 1
1881 0 0 2 0 1
1882 0 0 2 0 1
1883 0 0 2 0 1
1884 0 0 2 0 1
1885 0 0 2 0 1
1886 0 0 2 0 1
1887 0 0 2 0 1
1888 0 0 2 0 0
1889 0 0 2 0 1
1890 0 0 2 0 1
1891 0 0 2 0 1
1892 0 0 2 0 1
1893 0 0 2 0 1
1894 0 0 2 0 1
1895 0 0 2 0 1
1896 0 0 2 0 1
1897 0 0 2 0 1
1898 0 0 2 0 1
1899 0 0 2 0 0
1900 0 0 2 0 1
1901 0 0 2 0 1
1902 0 0 2 0 1
1903 0 0 2 0 1
1904 0 0 2 0 1
1905 0 0 2 0 1
1906 0 0 2 0 1
1907 0 0 2 0 0
1908 0 0 2 0 1
1909 0 0 2 0 1
1910 0 0 2 0 1
1911 0 0 2 0 1
1912 0 0 2 0 1
1913 0 0 2 0 1
1914 0 0 2 0 1
1915 0 0 2 0 1
1916 0 0 2 0 1
1917 0 0 2 0 1
1918 0 0 2 0 1
1919 0 0 2 0 1
1920 0 0 2 0 1
1921 0 0 2 0 0
1922 0 0 2 0 1
1923 0 0 2 0 0
1924 0 0 2 0 1
1925 0 0 2 0 1
1926 0 0 2 0 1
1927 0 0 2 0 1
1928 0 0 2 0 1
1929 0 0 2 0 1
1930 0 0 2 0 1
1931 0 0 2 0 1
1932 0 0 2 0 1
1933 0 0 2 0 1
1934 0 0 2 0 1
1935 0 0 2 0 1
1936 0 0 2 0 1
1937 0 0 2 0 1
1938 0 0 2 0 1
1939 0 0 2 0 1
1940 0 0 2 0 1
1941 0 0 2 0 1
1942 0 0 2 0 1
1943 0 0 2 0 1
1944 0 0 2 0 1
1945 0 0 2 0 1
1946 0 0 2 0 1
1947 0 0 2 0 1
1948 0 0 2 0 1
1949 0 0 2 0 1
1950 0 0 2 0 1
1951 0 0 2 0 1
1952 0 0 2 0 1
1953 0 0 2 0 1
1954 0 0 2 0 1
1955 3 0 2 0 1
1956 3 0 2 0 1
1957 2 0 2 0 1
1958 2 0 2 0 1
1959 2 0 2 0 1
1960 3 0 2 0 1
1961 2 0 2 0 1
1962 3 0 2 0 1
1963 3 0 2 0 1
1964 3 0 2 0 1
1965 0 0 2 0 1
1966 3 0 2 0 1
1967 3 0 2 0 1
1968 3 0 2 0 1
1969 0 0 2 0 1
1970 3 0 2 0 1
1971 3 0 2 0 1
1972 3 0 2 0 1
1973 3 0 2 0 1
1974 3 0 2 0 1
1975 2 0 2 0 1
1976 3 0 2 0 1
1977 3 0 2 0 1
1978 3 0 2 0 1
1979 3 0 2 0 1
1980 3 0 2 0 1
1981 3 0 2 0 1
1982 2 0 2 0 1
1983 2 0 2 0 1
1984 2 0 2 0 1
1985 2 0 2 0 1
1986 2 0 2 0 1
1987 0 0 2 0 1
1988 0 0 2 0 0
1989 0 0 2 0 0
1990 0 0 2 0 0
1991 0 0 2 0 0
1992 0 0 2 0 0
1993 0 0 2 0 0
1994 0 0 2 0 1
1995 0 0 2 0 1
1996 0 0 2 0 1
1997 0 0 2 0 1
1998 0 0 2 0 1
1999 0 0 2 0 1
2000 0 0 2 0 1
2001 0 0 2 0 1
2002 0 0 2 0 1
2003 0 0 2 0 1
2004 0 0 2 0 1
2005 0 0 2 0 1
2006 0 0 2 0 1
2007 0 0 2 0 1
2008 0 0 2 0 1
2009 0 0 2 0 1
2010 0 0 2 0 1
2011 0 0 2 0 1
2012 0 0 2 0 1
2013 0 0 2 0 0
2014 0 0 2 0 0
2015 0 0 2 0 0
2016 0 0 2 0 0
2017 0 0 2 0 0
2018 0 0 2 0 0
2019 0 0 2 0 0
2020 0 0 2 0 0
2021 0 0 2 0 0
2022 0 0 2 0 0
2023 0 0 2 0 0
2024 0 0 2 0 0
2025 0 0 2 0 0
2026 0 0 2 0 0
2027 0 0 2 0 0
2028 0 0 2 0 0
2029 0 0 2 0 0
2030 0 0 2 0 0
2031 0 0 2 0 0
2032 0 0 2 0 0
2033 0 0 2 0 0
2034 0 0 2 0 0
2035 0 0 2 0 0
2036 0 0 2 0 1
2037 0 0 2 0 1
2038 0 0 2 0 1
2039 0 0 2 0 1
2040 0 0 2 0 1
2041 0 0 2 0 1
2042 0 0 2 0 1
2043 0 0 2 0 1
2044 0 0 2 0 1
2045 0 0 2 0 0
2046 0 0 2 0 1
2047 0 0 2 0 1
2048 0 0 2 0 1
2049 0 0 2 0 1
2050 0 0 2 0 1
2051 0 0 2 0 1
2052 0 0 2 0 1
2053 0 0 2 0 1
2054 0 0 2 0 0
2055 0 0 2 0 0
2056 0 0 2 0 0
2057 0 0 2 0 0
2058 0 0 2 0 0
2059 0 0 2 0 0
2060 0 0 2 0 0
2061 0 0 2 0 0
2062 0 0 2 0 0
2063 0 0 2 0 0
2064 0 0 2 0 0
2065 0 0 2 0 0
2066 0 0 2 0 1
2067 0 0 2 0 0
2068 0 0 2 0 1
2069 0 0 2 0 1
2070 0 0 2 0 0
2071 0 0 2 0 1
2072 0 0 2 0 1
2073 0 0 2 0 1
2074 0 0 2 0 0
2075 0 0 2 0 0
2076 0 0 2 0 1
2077 0 0 2 0 0
2078 0 0 2 0 0
2079 0 0 2 0 0
2080 0 0 2 0 0
2081 0 0 2 0 0
2082 0 0 2 0 0
2083 0 0 2 0 0
2084 0 0 2 0 0
2085 0 0 2 0 1
2086 0 0 2 0 1
2087 0 0 2 0 1
2088 0 0 2 0 0
2089 0 0 2 0 0
2090 0 0 2 0 0
2091 0 0 2 0 1
2092 0 0 2 0 0
2093 0 0 2 0 0
2094 0 0 2 0 1
2095 0 0 2 0 1
2096 0 0 2 0 1
2097 0 0 2 0 1
2098 0 0 2 0 1
2099 0 0 2 0 1
2100 0 0 2 0 1
2101 0 0 2 0 1
2102 0 0 2 0 1
2103 0 0 2 0 1
2104 0 0 2 0 1
2105 0 0 2 0 1
2106 0 0 2 0 1
2107 0 0 2 0 1
2108 0 0 2 0 1
2109 0 0 2 0 1
2110 0 0 2 0 1
2111 0 0 2 0 1
2112 0 0 2 0 1
2113 0 0 2 0 1
2114 0 0 2 0 1
2115 0 0 2 0 1
2116 0 0 2 0 1
2117 0 0 2 0 1
2118 0 0 2 0 1
2119 0 0 2 0 1
2120 0 0 2 0 1
2121 0 0 2 0 1
2122 0 0 2 0 1
2123 0 0 2 0 1
2124 0 0 2 0 1
2125 0 0 2 0 0
2126 0 0 2 0 1
2127 0 0 2 0 1
2128 0 0 2 0 1
2129 0 0 2 0 1
2130 0 0 2 0 1
2131 0 0 3 0 0
2132 0 0 2 0 0
2133 0 0 2 0 0
2134 0 0 2 0 0
2135 0 0 2 0 1
2136 0 0 2 0 1
2137 0 0 2 0 1
2138 0 0 2 0 1
2139 0 0 2 0 1
2140 0 0 2 0 1
2141 0 0 2 0 1
2142 0 0 2 0 1
2143 0 0 2 0 1
2144 0 0 2 0 1
2145 0 0 2 0 1
2146 0 0 2 0 1
2147 0 0 2 0 1
2148 0 0 2 0 1
2149 0 0 2 0 1
2150 0 0 2 0 1
2151 3 0 2 0 1
2152 3 0 2 0 1
2153 2 0 2 0 2
2154 3 0 2 0 1
2155 2 0 2 0 2
2156 2 0 2 0 2
2157 2 0 2 0 2
2158 0 0 2 0 1
2159 0 0 2 0 1
2160 0 0 2 0 1
2161 0 0 2 0 1
2162 2 0 2 0 2
2163 2 0 2 0 0
2164 2 0 2 0 1
2165 2 0 2 0 1
2166 2 0 2 0 1
2167 2 0 2 0 1
2168 2 0 2 0 1
2169 2 0 2 0 1
2170 2 0 2 0 1
2171 2 0 2 0 1
2172 2 0 2 0 2
2173 2 0 2 0 1
2174 0 2 2 0 1
2175 0 2 2 0 1
2176 0 2 2 0 1
2177 0 2 2 0 0
2178 0 2 2 0 1
2179 0 0 2 0 1
2180 0 2 2 0 1
2181 0 2 2 0 1
2182 0 2 2 0 1
2183 0 2 2 0 1
2184 0 0 2 0 1
2185 0 2 2 0 1
2186 0 2 2 0 1
2187 0 2 2 0 1
2188 0 2 2 0 1
2189 2 0 2 0 1
2190 2 0 2 0 1
2191 2 0 2 0 2
2192 2 0 2 0 2
2193 0 0 2 0 1
2194 0 0 2 0 1
2195 0 0 2 0 1
2196 2 0 2 0 2
2197 0 0 2 0 1
2198 0 0 2 0 1
2199 0 0 2 0 1
2200 0 0 2 0 1
2201 0 0 2 0 1
2202 0 0 2 0 1
2203 0 0 2 0 1
2204 0 0 2 0 1
2205 2 0 2 0 2
2206 0 0 2 0 1
2207 2 0 2 0 1
2208 0 0 2 0 1
2209 0 0 2 0 1
2210 0 0 2 0 0
2211 0 0 2 0 0
2212 0 0 2 0 0
2213 0 0 2 0 0
2214 0 0 2 0 1
2215 0 0 2 0 1
2216 2 0 2 0 1
2217 2 0 2 0 1
2218 2 0 2 0 1
2219 0 0 2 0 0
2220 2 0 2 0 1
2221 2 0 2 0 2
2222 2 0 2 0 2
2223 2 0 2 0 2
2224 2 0 2 0 2
2225 0 0 2 0 1
2226 2 0 2 0 1
2227 2 0 2 0 1
2228 0 0 2 0 0
2229 2 0 2 0 0
2230 2 0 2 0 0
2231 2 0 2 0 0
2232 2 0 2 0 0
2233 2 0 2 0 0
2234 2 0 2 0 0
2235 2 0 2 0 1
2236 0 0 2 0 1
2237 2 0 2 0 0
2238 0 0 2 0 0
2239 0 0 2 0 0
2240 0 0 2 0 0
2241 3 0 2 0 0
2242 3 0 2 0 0
2243 2 0 2 0 2
2244 2 0 2 0 2
2245 2 0 2 0 2
2246 2 0 2 0 2
2247 2 0 2 0 2
2248 2 0 2 0 2
2249 2 0 2 0 1
2250 2 0 2 0 1
2251 0 0 2 0 1
2252 2 0 2 0 2
2253 2 0 2 0 1
2254 0 0 2 0 1
2255 2 0 2 0 1
2256 2 0 2 0 0
2257 2 0 2 0 1
2258 2 0 2 0 0
2259 2 0 2 0 1
2260 3 0 3 0 0
2261 2 0 3 0 1
2262 2 0 3 0 1
2263 2 0 2 0 1
2264 2 0 2 0 1
2265 2 0 2 0 1
2266 2 0 2 0 1
2267 2 0 3 0 1
2268 2 0 3 0 1
2269 2 0 3 0 1
2270 2 0 3 0 1
2271 2 0 3 0 1
2272 2 0 3 0 1
2273 2 0 3 0 1
2274 2 0 3 0 1
2275 2 0 3 0 1
2276 2 0 3 0 1
2277 2 0 3 0 1
2278 2 0 3 0 1
2279 2 0 3 0 0
2280 2 0 3 0 1
2281 2 0 2 0 1
2282 2 0 2 0 0
2283 2 0 2 0 1
2284 2 0 2 0 1
2285 3 0 2 0 1
2286 2 0 2 0 2
2287 2 0 2 0 0
2288 0 0 3 0 0
2289 2 0 3 0 0
2290 2 0 3 0 1
2291 0 0 3 0 0
2292 0 0 3 0 0
2293 0 0 2 0 1
2294 0 0 3 0 0
2295 2 0 3 0 1
2296 2 0 3 0 1
2297 0 0 3 0 0
2298 2 0 0 0 0
2299 2 0 0 0 0
2300 0 0 0 0 0
2301 0 0 0 0 0
2302 0 0 0 0 0
2303 2 0 0 0 1
2304 2 0 0 0 1
2305 2 0 0 0 1
2306 2 0 0 0 1
2307 2 0 0 0 1
2308 2 0 0 0 1
2309 2 0 0 0 1
2310 2 0 0 0 1
2311 2 0 0 0 1
2312 2 0 0 0 1
2313 3 0 0 0 0
2314 0 0 0 0 0
2315 0 0 0 0 0
2316 0 0 0 0 0
2317 0 0 0 0 0
2318 0 0 0 0 0
2319 2 0 0 0 0
2320 2 0 0 0 0
2321 2 0 0 0 0
2322 2 0 0 0 0
2323 0 0 0 0 0
2324 0 0 0 0 0
2325 0 0 0 0 0
2326 0 0 0 0 0
2327 0 0 0 0 0
2328 0 0 0 0 0
2329 0 0 0 0 0
2330 0 0 0 0 0
2331 0 0 0 0 0
2332 0 0 0 0 0
2333 0 0 0 0 0
2334 2 0 0 0 0
2335 2 0 0 0 1
2336 2 0 0 0 1
2337 3 0 0 0 0
2338 3 0 0 0 0
2339 0 0 0 0 0
2340 3 0 0 0 0
2341 0 0 0 0 0
2342 3 0 0 0 0
2343 2 0 0 0 0
2344 0 0 0 0 0
2345 2 0 0 0 0
2346 2 0 0 0 0
2347 2 0 0 0 0
2348 2 0 0 0 0
2349 2 0 0 0 0
2350 2 0 0 0 0
2351 2 0 0 0 0
2352 0 0 0 0 0
2353 2 0 2 0 0
2354 0 0 0 0 0
2355 2 0 0 0 0
2356 0 0 0 0 0
2357 0 0 0 0 0
2358 0 0 0 0 0
2359 0 0 0 0 0
2360 0 0 0 0 0
2361 0 0 0 0 0
2362 0 0 0 0 0
2363 0 0 0 0 0
2364 0 0 0 0 0
2365 2 0 0 0 0
2366 2 0 0 0 0
2367 0 0 0 0 0
2368 0 0 0 0 0
2369 2 0 0 0 0
2370 0 0 0 0 0
2371 0 0 0 0 0
2372 0 0 0 0 0
2373 0 0 0 0 0
2374 0 0 0 0 0
2375 0 0 0 0 0
2376 0 0 0 0 0
2377 0 0 0 0 0
2378 2 0 0 0 0
2379 0 0 0 0 0
2380 0 0 0 0 0
2381 2 0 0 0 0
2382 0 0 0 0 0
2383 0 0 0 0 0
2384 0 0 0 0 0
2385 0 0 0 0 0
2386 0 0 0 0 0
2387 0 0 0 0 0
2388 0 0 0 0 0
2389 0 0 0 0 0
2390 0 0 0 0 0
2391 0 0 0 0 0
2392 0 0 0 0 0
2393 0 0 0 0 0
2394 0 0 0 0 0
2395 0 0 0 0 0
2396 0 0 0 0 0
2397 0 0 0 0 0
2398 0 0 0 0 0
2399 0 0 0 0 0
2400 0 0 0 0 0
2401 0 0 0 0 0
2402 0 0 0 0 0
2403 2 0 0 0 0
2404 0 0 0 0 0
2405 2 0 0 0 0
2406 0 0 0 0 0
2407 0 0 0 0 0
2408 0 0 0 0 0
2409 0 0 0 0 0
2410 0 0 0 0 0
2411 0 0 0 0 0
2412 0 0 0 0 0
2413 0 0 0 0 0
2414 0 0 0 0 0
2415 0 0 0 0 0
2416 0 0 0 0 0
2417 0 0 0 0 0
2418 0 0 0 0 0
2419 0 0 0 0 0
2420 0 0 0 0 0
2421 0 0 0 0 0
2422 0 0 0 0 0
2423 0 0 0 0 0
2424 0 0 0 0 0
2425 0 0 0 0 0
2426 0 0 0 0 0
2427 0 0 0 0 0
2428 0 0 0 0 0
2429 0 0 0 0 0
2430 0 0 0 0 0
2431 0 0 0 0 0
2432 0 0 0 0 0
2433 0 0 0 0 0
2434 0 0 0 0 0
2435 0 0 0 0 0
2436 0 0 0 0 0
2437 0 0 0 0 0
2438 0 0 0 0 0
2439 0 0 0 0 0
2440 0 0 0 0 0
2441 0 0 0 0 0
2442 0 0 0 0 0
2443 0 0 0 0 0
2444 0 0 0 0 0
2445 0 0 0 0 0
2446 0 0 0 0 0
2447 0 0 0 0 0
2448 0 0 0 0 0
2449 0 0 0 0 0
2450 0 0 0 0 0
2451 0 0 0 0 0
2452 0 0 0 0 0
2453 0 0 0 0 0
2454 0 0 0 0 0
2455 0 0 0 0 0
2456 0 0 0 0 0
2457 0 0 0 0 0
2458 0 0 0 0 0
2459 0 0 0 0 0
2460 0 0 0 0 0
2461 0 0 0 0 0
2462 0 0 0 0 0
2463 0 0 0 0 0
2464 0 0 0 0 0
2465 0 0 0 0 0
2466 0 0 0 0 0
2467 0 0 0 0 0
2468 0 0 0 0 0
2469 0 0 0 0 0
2470 0 0 0 0 0
2471 0 0 0 0 0
2472 0 0 0 0 0
2473 0 0 0 0 0
2474 0 0 0 0 0
2475 0 0 0 0 0
2476 0 0 0 0 0
2477 0 0 0 0 0
2478 0 0 0 0 0
2479 0 0 0 0 0
2480 0 0 0 0 0
2481 0 0 0 0 0
2482 0 0 0 0 0
2483 0 0 0 0 0
2484 0 0 0 0 0
2485 0 0 0 0 0
2486 0 0 0 0 0
2487 0 0 0 0 0
2488 0 0 0 0 0
2489 0 0 0 0 0
2490 0 0 0 0 0
2491 0 0 0 0 0
2492 0 0 0 0 0
2493 0 0 0 0 0
2494 0 0 0 0 0
2495 0 0 0 0 0
2496 0 0 0 0 0
2497 0 0 0 0 0
2498 0 0 0 0 0
2499 0 0 0 0 0
2500 0 0 0 0 0
2501 0 0 0 0 0
2502 0 0 0 0 0
2503 0 0 0 0 0
2504 0 0 0 0 0
2505 0 0 0 0 0
2506 0 0 0 0 0
2507 0 0 0 0 0
2508 0 0 0 0 0
2509 0 0 0 0 0
2510 0 0 0 0 0
2511 0 0 0 0 0
2512 0 0 0 0 0
2513 0 0 0 0 0
2514 0 0 0 0 0
2515 0 0 0 0 0
2516 0 0 0 0 0
2517 0 0 0 0 0
2518 2 0 0 0 0
2519 0 0 0 0 0
2520 0 0 0 0 0
2521 0 0 0 0 0
2522 2 0 0 0 0
2523 2 0 0 0 0
2524 2 0 0 0 0
2525 2 0 0 0 0
2526 2 0 3 0 0
2527 2 0 0 0 0
2528 2 0 3 0 0
2529 2 0 0 0 0
2530 2 0 3 0 0
2531 2 0 3 0 0
2532 2 0 3 0 0
2533 2 0 3 0 0
2534 2 0 3 0 0
2535 2 0 3 0 0
2536 2 0 3 0 0
2537 2 0 3 0 0
2538 2 0 3 0 0
2539 2 0 3 0 0
2540 2 0 0 0 0
2541 2 0 3 0 0
2542 2 0 3 0 0
2543 2 0 0 0 0
2544 2 0 0 0 0
2545 2 0 3 0 0
2546 2 0 3 0 0
2547 2 0 3 0 0
2548 2 0 3 0 1
2549 2 0 3 0 1
2550 2 0 3 0 1
2551 2 0 3 0 1
2552 2 0 3 0 1
2553 2 0 3 0 1
2554 2 0 3 0 1
2555 2 0 3 0 1
2556 2 0 3 0 1
2557 2 0 3 0 1
2558 2 0 3 0 1
2559 2 0 0 0 1
2560 2 0 0 0 1
2561 2 0 3 0 1
2562 2 0 0 0 1
2563 2 0 3 0 1
2564 2 0 3 0 1
2565 2 0 3 0 1
2566 0 0 3 0 0
2567 0 0 3 0 0
2568 2 0 3 0 0
2569 0 0 3 0 0
2570 0 0 3 0 0
2571 0 0 0 0 0
2572 0 0 0 0 0
2573 0 0 3 0 0
2574 0 0 3 0 0
2575 0 0 3 0 0
2576 0 0 3 0 0
2577 0 0 3 0 0
2578 0 0 3 0 0
2579 2 0 3 0 0
2580 2 0 3 0 0
2581 2 0 2 0 0
2582 2 0 2 0 0
2583 2 0 2 0 0
2584 2 0 2 0 0
2585 2 0 2 0 0
2586 2 0 2 0 0
2587 2 0 2 0 0
2588 2 0 3 0 0
2589 2 0 0 0 0
2590 2 0 0 0 0
2591 2 0 3 0 0
2592 2 0 0 0 0
2593 2 0 0 0 0
2594 2 0 0 0 0
2595 2 0 3 0 0
2596 2 0 0 0 0
2597 2 0 3 0 0
2598 0 0 3 0 0
2599 2 0 3 0 0
2600 2 0 2 0 1
2601 2 0 0 2 1
2602 2 0 0 2 1
2603 2 0 0 2 1
2604 2 0 0 2 1
2605 2 0 0 2 1
2606 2 0 0 2 1
2607 2 0 0 2 1
2608 2 0 0 2 1
2609 2 0 0 2 1
2610 2 0 0 2 1
2611 2 0 0 2 1
2612 2 0 0 2 1
2613 2 0 0 2 1
2614 2 0 0 2 1
2615 2 0 0 2 1
2616 2 0 0 2 1
2617 2 0 0 2 1
2618 2 0 0 2 1
2619 2 0 0 2 1
2620 2 0 0 2 1
2621 2 0 0 2 1
2622 2 0 0 2 1
2623 2 0 0 2 1
2624 2 0 0 2 1
2625 2 0 0 2 1
2626 2 0 0 2 1
2627 2 0 0 2 1
2628 2 0 0 2 1
2629 2 0 0 2 1
2630 2 0 0 2 1
2631 2 0 2 0 1
2632 2 0 2 0 1
2633 2 0 2 0 1
2634 2 0 2 0 1
2635 2 0 2 0 1
2636 2 0 2 0 1
2637 2 0 2 0 1
2638 2 0 2 0 1
2639 2 0 2 0 1
2640 2 0 2 0 1
2641 2 0 2 0 1
2642 2 0 2 0 1
2643 2 0 2 0 1
2644 2 0 2 0 1
2645 2 0 2 0 1
2646 2 0 2 0 1
2647 2 0 2 0 1
2648 2 0 2 0 1
2649 2 0 2 0 1
2650 2 0 2 0 1
2651 2 0 2 0 1
2652 2 0 2 0 1
2653 2 0 2 0 1
2654 2 0 2 0 1
2655 2 0 2 0 1
2656 2 0 2 0 1
2657 2 0 2 0 1
2658 2 0 2 0 1
2659 2 0 2 0 1
2660 2 0 2 0 1
2661 2 0 2 0 1
2662 2 0 2 0 1
2663 2 0 2 0 1
2664 2 0 2 0 1
2665 2 0 2 0 1
2666 2 0 2 0 1
2667 2 0 2 0 1
2668 2 0 2 0 1
2669 2 0 2 0 1
2670 2 0 2 0 1
2671 2 0 2 0 1
2672 2 0 2 0 1
2673 2 0 2 0 1
2674 2 0 2 0 1
2675 2 0 2 0 1
2676 2 0 2 0 1
2677 2 0 2 0 1
2678 2 0 2 0 1
2679 2 0 3 0 1
2680 2 0 2 0 1
2681 2 0 2 0 1
2682 0 0 2 0 1
2683 2 0 2 0 1
2684 2 0 2 0 1
2685 2 0 2 0 1
2686 2 0 2 0 1
2687 2 0 2 0 1
2688 2 0 2 0 1
2689 0 0 2 0 1
2690 0 0 2 0 1
2691 0 0 2 0 1
2692 0 0 2 0 1
2693 0 0 2 0 1
2694 0 0 2 0 1
2695 0 0 2 0 0
2696 0 0 3 0 0
2697 0 0 2 0 0
2698 0 0 2 0 0
2699 0 0 3 0 0
2700 0 0 2 0 0
2701 0 0 2 0 0
2702 0 0 2 0 0
2703 0 0 2 0 0
2704 0 0 2 0 0
2705 0 0 2 0 0
2706 0 0 2 0 0
2707 0 0 2 0 0
2708 0 0 2 0 0
2709 0 0 2 0 0
2710 0 0 2 0 0
2711 0 0 2 0 0
2712 0 0 2 0 0
2713 0 0 2 0 0
2714 0 0 2 0 0
2715 0 0 2 0 0
2716 0 0 2 0 0
2717 0 0 2 0 0
2718 0 0 2 0 0
2719 0 0 2 0 0
2720 0 0 2 0 0
2721 0 0 2 0 1
2722 0 0 2 0 0
2723 0 0 2 0 0
2724 0 0 2 0 1
2725 0 0 2 0 0
2726 0 0 2 0 0
2727 0 0 2 0 0
2728 0 0 2 0 1
2729 0 0 2 0 1
2730 0 0 2 0 1
2731 0 0 2 0 0
2732 0 0 2 0 1
2733 0 0 2 0 1
2734 0 0 2 0 0
2735 0 0 2 0 1
2736 0 0 2 0 0
2737 0 0 2 0 0
2738 0 0 2 0 0
2739 0 0 2 0 1
2740 0 0 2 0 0
2741 0 0 2 0 0
2742 0 0 3 0 0
2743 0 0 2 0 1
2744 0 0 2 0 0
2745 0 0 2 0 1
2746 0 0 2 0 1
2747 0 0 2 0 1
2748 0 0 2 0 1
2749 0 0 2 0 1
2750 0 0 2 0 1
2751 0 0 2 0 1
2752 0 0 2 0 1
2753 0 0 2 0 1
2754 0 0 2 0 1
2755 0 0 2 0 1
2756 0 0 2 0 1
2757 0 0 2 0 0
2758 0 0 2 0 0
2759 0 0 2 0 1
2760 0 0 2 0 1
2761 0 0 2 0 0
2762 0 0 2 0 1
2763 0 0 2 0 1
2764 0 0 2 0 0
2765 0 0 2 0 1
2766 0 0 2 0 0
2767 0 0 2 0 1
2768 0 0 2 0 1
2769 0 0 2 0 1
2770 0 0 2 0 0
2771 0 0 2 0 0
2772 0 0 2 0 1
2773 0 0 2 0 0
2774 0 0 2 0 1
2775 0 0 2 0 0
2776 0 0 2 0 0
2777 0 0 2 0 0
2778 0 0 2 0 0
2779 0 0 2 0 0
2780 0 0 2 0 1
2781 0 0 2 0 0
2782 0 0 2 0 0
2783 0 0 2 0 0
2784 0 0 2 0 1
2785 0 0 2 0 0
2786 0 0 2 0 0
2787 0 0 2 0 0
2788 0 0 2 0 0
2789 0 0 2 0 0
2790 0 0 2 0 0
2791 0 0 2 0 0
2792 0 0 3 0 0
2793 0 0 2 0 1
2794 0 0 2 0 1
2795 0 0 2 0 1
2796 0 0 2 0 1
2797 0 0 2 0 1
2798 0 0 2 0 1
2799 0 0 2 0 1
2800 0 0 2 0 1
2801 0 0 2 0 1
2802 0 0 2 0 1
2803 0 0 2 0 1
2804 0 0 2 0 1
2805 0 0 2 0 1
2806 0 0 2 0 1
2807 0 0 2 0 1
2808 0 0 2 0 1
2809 0 0 2 0 1
2810 0 0 2 0 1
2811 0 0 2 0 1
2812 0 0 2 0 1
2813 0 0 2 0 1
2814 0 0 2 0 1
2815 0 0 2 0 1
2816 0 0 2 0 1
2817 0 0 2 0 1
2818 0 0 2 0 1
2819 0 0 2 0 1
2820 0 0 2 0 1
2821 0 0 2 0 1
2822 0 0 2 0 1
2823 0 0 2 0 1
2824 0 0 2 0 1
2825 0 0 2 0 1
2826 0 0 2 0 1
2827 0 0 2 0 1
2828 0 0 2 0 1
2829 0 0 2 0 1
2830 0 0 2 0 1
2831 0 0 2 0 1
2832 0 0 2 0 1
2833 0 0 2 0 1
2834 0 0 2 0 1
2835 0 0 2 0 1
2836 0 0 2 0 1
2837 0 0 3 0 0
2838 0 0 2 0 1
2839 0 0 2 0 1
2840 0 0 2 0 1
2841 0 0 2 0 1
2842 0 0 2 0 1
2843 0 0 2 0 1
2844 0 0 2 0 1
2845 0 0 2 0 1
2846 0 0 2 0 1
2847 0 0 2 0 1
2848 0 0 2 0 1
2849 0 0 2 0 1
2850 0 0 2 0 1
2851 0 0 2 0 1
2852 0 0 2 0 1
2853 0 0 2 0 1
2854 0 0 2 0 1
2855 0 0 2 0 1
2856 0 0 2 0 1
2857 0 0 2 0 1
2858 0 0 2 0 1
2859 0 0 2 0 1
2860 0 0 2 0 1
2861 0 0 2 0 1
2862 0 0 2 0 0
2863 0 0 2 0 1
2864 0 0 2 0 1
2865 0 0 2 0 1
2866 0 0 2 0 1
2867 0 0 2 0 1
2868 0 0 2 0 1
2869 0 0 2 0 1
2870 0 0 2 0 1
2871 0 0 2 0 1
2872 0 0 2 0 1
2873 0 0 2 0 1
2874 0 0 2 0 1
2875 0 0 2 0 1
2876 0 0 2 0 1
2877 0 0 2 0 1
2878 0 0 2 0 1
2879 0 0 2 0 1
2880 0 0 2 0 1
2881 0 0 2 0 1
2882 0 0 2 0 1
2883 0 0 2 0 1
2884 0 0 2 0 1
2885 0 0 2 0 1
2886 0 0 2 0 1
2887 0 0 2 0 1
2888 0 0 2 0 1
2889 0 0 2 0 1
2890 0 0 2 0 1
2891 0 0 2 0 1
2892 0 0 2 0 1
2893 0 0 2 0 1
2894 0 0 2 0 1
2895 0 0 2 0 1
2896 0 0 2 0 1
2897 0 0 2 0 1
2898 0 0 2 0 1
2899 0 0 2 0 1
2900 0 0 2 0 1
2901 0 0 2 0 1
2902 0 0 2 0 1
2903 0 0 2 0 1
2904 0 0 2 0 1
2905 0 0 2 0 1
2906 0 0 2 0 1
2907 0 0 2 0 1
2908 0 0 2 0 1
2909 0 0 2 0 1
2910 0 0 2 0 1
2911 0 0 2 0 1
2912 0 0 2 0 1
2913 0 0 2 0 1
2914 0 0 2 0 1
2915 0 0 2 0 1
2916 0 0 2 0 1
2917 0 0 2 0 1
2918 0 0 2 0 1
2919 0 0 2 0 1
2920 0 0 2 0 1
2921 0 0 2 0 1
2922 0 0 2 0 1
2923 0 0 2 0 1
2924 0 0 2 0 1
2925 0 0 2 0 1
2926 0 0 2 0 1
2927 0 0 2 0 1
2928 0 0 2 0 1
2929 0 0 2 0 1
2930 0 0 2 0 1
2931 0 0 2 0 1
2932 0 0 2 0 1
2933 2 0 2 0 1
2934 2 0 2 0 2
2935 2 0 2 0 2
2936 2 0 2 0 2
2937 2 0 2 0 2
2938 2 0 2 0 1
2939 2 0 2 0 1
2940 2 0 2 0 2
2941 2 0 2 0 1
2942 2 0 2 0 2
2943 2 0 2 0 1
2944 2 0 2 0 2
2945 2 0 2 0 2
2946 0 2 2 0 1
2947 0 2 2 0 1
2948 0 2 2 0 1
2949 0 2 2 0 1
2950 0 2 2 0 1
2951 0 2 2 0 1
2952 0 2 2 0 1
2953 0 2 2 0 1
2954 0 2 2 0 1
2955 0 2 2 0 1
2956 0 2 2 0 1
2957 0 2 2 0 1
2958 0 2 2 0 1
2959 0 2 2 0 1
2960 0 2 2 0 1
2961 2 0 2 0 1
2962 2 0 2 0 1
2963 2 0 2 0 1
2964 2 0 2 0 1
2965 2 0 2 0 1
2966 2 0 2 0 2
2967 2 0 2 0 1
2968 2 0 2 0 1
2969 2 0 2 0 1
2970 2 0 2 0 1
2971 2 0 2 0 1
2972 2 0 2 0 1
2973 2 0 2 0 1
2974 2 0 2 0 1
2975 2 0 2 0 1
2976 2 0 2 0 1
2977 2 0 2 0 1
2978 2 0 2 0 1
2979 2 0 2 0 1
2980 2 0 2 0 1
2981 2 0 2 0 1
2982 2 0 2 0 1
2983 2 0 2 0 1
2984 2 0 2 0 1
2985 2 0 2 0 1
2986 2 0 2 0 1
2987 2 0 2 0 1
2988 2 0 2 0 1
2989 2 0 2 0 1
2990 2 0 2 0 1
2991 2 0 2 0 1
2992 2 0 2 0 1
2993 2 0 2 0 1
2994 2 0 2 0 1
2995 2 0 2 0 2
2996 2 0 2 0 1
2997 2 0 2 0 1
2998 2 0 2 0 1
2999 2 0 2 0 1
3000 2 0 3 0 1
3001 2 0 3 0 1
3002 2 0 2 0 1
3003 2 0 2 0 1
3004 2 0 3 0 1
3005 2 0 2 0 2
3006 2 0 3 0 1
3007 2 0 2 0 2
3008 2 0 3 0 1
3009 2 0 3 0 1
3010 2 0 3 0 1
3011 2 0 3 0 1
3012 2 0 2 0 2
3013 2 0 3 0 1
3014 2 0 3 0 1
3015 2 0 3 0 1
3016 2 0 3 0 1
3017 2 0 3 0 1
3018 2 0 3 0 1
3019 2 0 3 0 1
3020 2 0 3 0 1
3021 0 0 0 0 0
3022 2 0 3 0 1
3023 2 0 3 0 1
3024 2 0 3 0 1
3025 2 0 3 0 1
3026 2 0 3 0 1
3027 2 0 3 0 1
3028 2 0 3 0 1
3029 2 0 3 0 1
3030 2 0 3 0 1
3031 2 0 3 0 1
3032 2 0 3 0 1
3033 2 0 3 0 1
3034 2 0 3 0 1
3035 2 0 3 0 1
3036 2 0 3 0 1
3037 2 0 3 0 1
3038 2 0 3 0 1
3039 2 0 3 0 1
3040 2 0 3 0 1
3041 2 0 3 0 1
3042 2 0 3 0 1
3043 2 0 3 0 1
3044 2 0 3 0 1
3045 2 0 3 0 1
3046 2 0 3 0 1
3047 2 0 3 0 1
3048 2 0 3 0 1
3049 2 0 3 0 1
3050 2 0 3 0 1
3051 2 0 3 0 1
3052 2 0 3 0 1
3053 2 0 3 0 1
3054 2 0 3 0 1
3055 2 0 3 0 1
3056 2 0 3 0 1
3057 2 0 3 0 1
3058 2 0 3 0 1
3059 2 0 3 0 1
3060 2 0 3 0 1
3061 2 0 3 0 1
3062 2 0 3 0 1
3063 2 0 3 0 1
3064 2 0 3 0 1
3065 2 0 3 0 1
3066 2 0 3 0 1
3067 2 0 3 0 1
3068 2 0 3 0 1
3069 2 0 3 0 1
3070 2 0 3 0 1
3071 2 0 3 0 1
3072 2 0 3 0 0
3073 2 0 3 0 1
3074 2 0 3 0 1
3075 3 0 3 0 0
3076 3 0 3 0 0
3077 0 0 3 0 0
3078 0 0 3 0 0
3079 0 0 3 0 0
3080 2 0 3 0 0
3081 0 0 3 0 0
3082 2 0 3 0 1
3083 3 0 3 0 0
3084 3 0 3 0 0
3085 3 0 3 0 0
3086 0 0 3 0 0
3087 3 0 3 0 0
3088 2 0 3 0 1
3089 2 0 3 0 0
3090 3 0 3 0 0
3091 2 0 3 0 0
3092 2 0 3 0 0
3093 0 0 3 0 0
3094 3 0 3 0 0
3095 0 0 3 0 0
3096 0 0 3 0 0
3097 0 0 3 0 0
3098 2 0 3 0 0
3099 2 0 0 0 1
3100 0 0 0 0 0
3101 0 0 0 0 0
3102 0 0 0 0 0
3103 0 0 0 0 0
3104 0 0 0 0 0
3105 0 0 0 0 0
3106 0 0 0 0 0
3107 0 0 0 0 0
3108 0 0 0 0 0
3109 0 0 0 0 0
3110 0 0 0 0 0
3111 0 0 0 0 0
3112 0 0 0 0 0
3113 0 0 0 0 0
3114 0 0 0 0 0
3115 0 0 0 0 0
3116 0 0 0 0 0
3117 0 0 0 0 0
3118 0 0 0 0 0
3119 0 0 0 0 0
3120 0 0 0 0 0
3121 0 0 0 0 0
3122 0 0 0 0 0
3123 0 0 0 0 0
3124 0 0 0 0 0
3125 0 0 0 0 0
3126 0 0 0 0 0
3127 0 0 0 0 0
3128 0 0 0 0 0
3129 0 0 0 0 0
3130 0 0 0 0 0
3131 0 0 0 0 0
3132 0 0 0 0 0
3133 0 0 0 0 0
3134 0 0 0 0 0
3135 0 0 0 0 0
3136 0 0 0 0 0
3137 0 0 0 0 0
3138 0 0 0 0 0
3139 0 0 0 0 0
3140 0 0 0 0 0
3141 0 0 0 0 0
3142 0 0 0 0 0
3143 0 0 0 0 0
3144 0 0 0 0 0
3145 0 0 0 0 0
3146 0 0 0 0 0
3147 0 0 0 0 0
3148 0 0 0 0 0
3149 0 0 0 0 0
3150 0 0 0 0 0
3151 0 0 0 0 0
3152 0 0 0 0 0
3153 0 0 0 0 0
3154 0 0 0 0 0
3155 0 0 0 0 0
3156 0 0 0 0 0
3157 0 0 0 0 0
3158 0 0 0 0 0
3159 0 0 0 0 0
3160 0 0 0 0 0
3161 0 0 0 0 0
3162 0 0 0 0 0
3163 0 0 0 0 0
3164 0 0 0 0 0
3165 0 0 0 0 0
3166 0 0 0 0 0
3167 0 0 0 0 0
3168 0 0 0 0 0
3169 0 0 0 0 0
3170 0 0 0 0 0
3171 0 0 0 0 0
3172 0 0 0 0 0
3173 0 0 0 0 0
3174 0 0 0 0 0
3175 0 0 0 0 0
3176 0 0 0 0 0
3177 0 0 0 0 0
3178 0 0 0 0 0
3179 0 0 0 0 0
3180 0 0 0 0 0
3181 2 0 0 0 0
3182 2 0 0 0 0
3183 2 0 0 0 0
3184 2 0 0 0 0
3185 2 0 0 0 0
3186 2 0 0 0 0
3187 2 0 0 0 0
3188 2 0 0 0 0
3189 2 0 3 0 0
3190 2 0 0 0 0
3191 2 0 0 0 0
3192 2 0 2 0 0
3193 2 0 3 0 0
3194 0 0 0 0 0
3195 2 0 0 0 0
3196 2 0 0 0 0
3197 2 0 3 0 0
3198 2 0 3 0 0
3199 2 0 3 0 1
3200 2 0 0 0 1
3201 2 0 3 0 1
3202 2 0 0 0 1
3203 2 0 3 0 1
3204 2 0 0 0 1
3205 2 0 0 0 1
3206 2 0 0 0 1
3207 2 0 0 0 1
3208 2 0 0 0 1
3209 2 0 0 0 1
3210 2 0 0 0 1
3211 2 0 0 0 1
3212 2 0 0 0 1
3213 2 0 0 0 1
3214 2 0 0 0 1
3215 2 0 0 0 1
3216 2 0 0 0 1
3217 2 0 0 0 1
3218 2 0 0 0 1
3219 2 0 0 0 1
3220 2 0 0 0 1
3221 2 0 0 0 1
3222 2 0 0 0 1
3223 2 0 0 0 1
3224 2 0 0 0 1
3225 2 0 0 0 1
3226 2 0 3 0 1
3227 2 0 3 0 1
3228 3 0 3 0 0
3229 2 0 3 0 0
3230 2 0 3 0 0
3231 2 0 3 0 0
3232 2 0 3 0 0
3233 3 0 3 0 0
3234 0 0 0 0 0
3235 3 0 0 0 0
3236 3 0 0 0 0
3237 2 0 3 0 0
3238 2 0 0 0 0
3239 2 0 0 0 0
3240 2 0 3 0 0
3241 2 0 0 0 0
3242 2 0 0 0 0
3243 2 0 3 0 0
3244 3 0 0 0 0
3245 0 0 3 0 0
3246 0 0 2 0 0
3247 2 0 2 0 0
3248 0 0 3 0 0
3249 3 0 3 0 0
3250 0 0 3 0 0
3251 3 0 0 0 0
3252 3 0 0 0 0
3253 0 0 0 0 0
3254 3 0 0 0 0
3255 2 0 0 0 0
3256 2 0 0 0 0
3257 3 0 0 0 0
3258 3 0 3 0 0
3259 3 0 3 0 0
3260 3 0 3 0 0
3261 3 0 3 0 0
3262 3 0 3 0 0
3263 3 0 0 0 0
3264 3 0 3 0 0
3265 3 0 2 0 0
3266 3 0 2 0 0
3267 3 0 2 0 0
3268 3 0 2 0 0
3269 2 0 2 0 0
3270 3 0 2 0 0
3271 2 0 2 0 0
3272 2 0 2 0 0
3273 3 0 2 0 0
3274 2 0 2 0 0
3275 2 0 2 0 0
3276 3 0 2 0 0
3277 3 0 2 0 0
3278 3 0 2 0 0
3279 2 0 2 0 0
3280 2 0 2 0 0
3281 3 0 2 0 0
3282 2 0 2 0 0
3283 2 0 2 0 0
3284 2 0 2 0 0
3285 2 0 2 0 0
3286 2 0 2 0 0
3287 2 0 2 0 0
3288 2 0 2 0 0
3289 2 0 2 0 0
3290 2 0 2 0 0
3291 3 0 2 0 0
3292 2 0 2 0 0
3293 2 0 2 0 0
3294 2 0 2 0 0
3295 2 0 2 0 0
3296 2 0 2 0 0
3297 2 0 2 0 0
3298 2 0 2 0 0
3299 2 0 2 0 0
3300 2 0 2 0 0
3301 2 0 2 0 0
3302 2 0 2 0 0
3303 2 0 2 0 0
3304 2 0 2 0 0
3305 2 0 2 0 0
3306 2 0 2 0 0
3307 2 0 2 0 0
3308 2 0 2 0 1
3309 2 0 2 0 1
3310 2 0 2 0 1
3311 2 0 2 0 1
3312 2 0 2 0 0
3313 2 0 2 0 1
3314 2 0 2 0 0
3315 2 0 2 0 0
3316 2 0 2 0 0
3317 2 0 2 0 0
3318 2 0 2 0 0
3319 0 0 2 0 0
3320 3 0 2 0 0
3321 2 0 2 0 0
3322 2 0 2 0 1
3323 2 0 0 0 1
3324 3 0 2 0 1
3325 0 0 2 0 1
3326 0 0 2 0 0
3327 3 0 2 0 0
3328 2 0 2 0 0
3329 0 0 2 0 0
3330 2 0 2 0 0
3331 2 0 2 0 0
3332 2 0 2 0 0
3333 2 0 2 0 0
3334 2 0 2 0 1
3335 3 0 2 0 1
3336 3 0 2 0 1
3337 3 0 2 0 1
3338 3 0 2 0 1
3339 3 0 2 0 1
3340 3 0 2 0 1
3341 3 0 2 0 1
3342 3 0 2 0 1
3343 3 0 2 0 1
3344 3 0 2 0 1
3345 3 0 2 0 1
3346 3 0 2 0 1
3347 3 0 3 0 0
3348 3 0 0 0 0
3349 2 0 3 0 1
3350 2 0 3 0 1
3351 2 0 2 0 0
3352 2 0 3 0 0
3353 2 0 3 0 0
3354 3 0 3 0 0
3355 3 0 2 0 0
3356 3 0 2 0 1
3357 3 0 2 0 1
3358 3 0 2 0 1
3359 3 0 2 0 1
3360 3 0 2 0 1
3361 3 0 2 0 1
3362 3 0 2 0 1
3363 2 0 2 0 1
3364 3 0 2 0 1
3365 3 0 2 0 1
3366 3 0 2 0 1
3367 3 0 2 0 1
3368 3 0 2 0 1
3369 3 0 2 0 1
3370 3 0 2 0 1
3371 3 0 2 0 1
3372 3 0 2 0 1
3373 3 0 2 0 1
3374 3 0 2 0 1
3375 3 0 2 0 1
3376 3 0 2 0 1
3377 3 0 2 0 1
3378 3 0 2 0 1
3379 3 0 2 0 1
3380 3 0 2 0 0
3381 3 0 0 0 0
3382 3 0 2 0 0
3383 3 0 0 0 0
3384 3 0 0 0 0
3385 3 0 3 0 0
3386 3 0 0 0 0
3387 3 0 2 0 1
3388 3 0 2 0 1
3389 3 0 0 0 0
3390 3 0 2 0 1
3391 3 0 2 0 1
3392 3 0 2 0 0
3393 3 0 2 0 1
3394 3 0 2 0 0
3395 3 0 2 0 1
3396 3 0 2 0 1
3397 3 0 2 0 1
3398 3 0 0 0 0
3399 3 0 3 0 0
3400 3 0 2 0 1
3401 3 0 0 0 0
3402 3 0 2 0 1
3403 3 0 3 0 0
3404 3 0 2 0 1
3405 3 0 2 0 1
3406 3 0 2 0 1
3407 3 0 2 0 1
3408 3 0 2 0 1
3409 3 0 2 0 1
3410 3 0 2 0 1
3411 3 0 0 0 0
3412 3 0 2 0 1
3413 3 0 2 0 1
3414 3 0 2 0 1
3415 3 0 2 0 1
3416 3 0 2 0 1
3417 3 0 2 0 1
3418 3 0 2 0 1
3419 3 0 2 0 1
3420 3 0 2 0 1
3421 3 0 2 0 1
3422 3 0 2 0 0
3423 3 0 2 0 1
3424 3 0 3 0 0
3425 3 0 2 0 1
3426 3 0 2 0 1
3427 3 0 3 0 0
3428 3 0 3 0 0
3429 3 0 2 0 1
3430 3 0 3 0 0
3431 3 0 2 0 1
3432 3 0 2 0 1
3433 3 0 2 0 1
3434 3 0 2 0 1
3435 3 0 2 0 1
3436 3 0 2 0 1
3437 3 0 2 0 0
3438 3 0 2 0 0
3439 3 0 2 0 0
3440 3 0 2 0 1
3441 3 0 2 0 1
3442 3 0 3 0 0
3443 0 0 3 0 0
3444 0 0 3 0 0
3445 0 0 2 0 1
3446 0 0 3 0 0
3447 2 0 3 0 1
3448 0 0 3 0 0
3449 2 0 3 0 1
3450 2 0 3 0 0
3451 2 0 3 0 1
3452 2 0 2 0 0
3453 2 0 2 0 0
3454 0 0 3 0 0
3455 2 0 2 0 0
3456 2 0 0 0 0
3457 0 0 2 0 0
3458 0 0 2 0 1
3459 0 0 2 0 1
3460 2 0 2 0 1
3461 0 0 2 0 1
3462 3 0 2 0 1
3463 2 0 2 0 1
3464 2 0 2 0 1
3465 2 0 2 0 1
3466 2 0 2 0 1
3467 2 0 2 0 1
3468 2 0 2 0 1
3469 2 0 2 0 1
3470 2 0 2 0 1
3471 2 0 2 0 1
3472 2 0 2 0 1
3473 2 0 0 0 1
3474 2 0 0 0 1
3475 2 0 0 0 1
3476 2 0 0 0 1
3477 2 0 0 0 0
3478 2 0 2 0 1
3479 3 0 2 0 1
3480 3 0 2 0 1
3481 3 0 2 0 1
3482 3 0 0 0 0
3483 3 0 0 0 0
3484 0 0 0 0 0
3485 3 0 0 0 0
3486 3 0 0 0 0
3487 3 0 0 0 0
3488 3 0 0 0 0
3489 3 0 0 0 0
3490 3 0 0 0 0
3491 3 0 3 0 0
3492 3 0 0 0 0
3493 3 0 3 0 0
3494 3 0 0 0 0
3495 3 0 3 0 0
3496 3 0 0 0 0
3497 3 0 0 0 0
3498 3 0 0 0 0
3499 3 0 0 0 0
3500 3 0 3 0 0
3501 3 0 0 0 0
3502 3 0 3 0 0
3503 3 0 0 0 0
3504 3 0 0 0 0
3505 3 0 0 0 0
3506 3 0 0 0 0
3507 3 0 3 0 0
3508 3 0 0 0 0
3509 0 0 3 0 0
3510 0 0 3 0 0
3511 3 0 0 0 0
3512 3 0 0 0 0
3513 3 0 0 0 0
3514 0 0 0 0 0
3515 0 0 0 0 0
3516 3 0 0 0 0
3517 3 0 0 0 0
3518 3 0 2 0 0
3519 2 0 2 0 1
3520 3 0 2 0 0
3521 2 0 0 0 0
3522 3 0 0 0 0
3523 2 0 0 0 0
3524 0 0 0 0 0
3525 0 0 2 0 0
3526 0 0 2 0 0
3527 0 0 2 0 0
3528 0 0 0 0 0
3529 0 0 0 0 0
3530 0 0 0 0 0
3531 0 0 0 0 0
3532 0 0 2 0 0
3533 3 0 0 0 0
3534 3 0 2 0 0
3535 3 0 0 0 0
3536 3 0 2 0 0
3537 3 0 2 0 0
3538 3 0 2 0 1
3539 3 0 2 0 1
3540 3 0 0 0 0
3541 3 0 2 0 1
3542 3 0 0 0 0
3543 2 0 2 0 1
3544 2 0 2 0 1
3545 2 0 2 0 1
3546 3 0 0 0 0
3547 3 0 0 0 0
3548 3 0 0 0 0
3549 3 0 0 0 0
3550 3 0 0 0 0
3551 3 0 0 0 0
3552 3 0 0 0 0
3553 3 0 0 0 0
3554 3 0 0 0 0
3555 2 0 0 0 1
3556 2 0 2 0 0
3557 3 0 0 0 0
3558 2 0 0 0 0
3559 3 0 0 0 0
3560 2 0 2 0 0
3561 3 0 2 0 1
3562 3 0 2 0 1
3563 3 0 2 0 1
3564 3 0 0 0 0
3565 3 0 2 0 1
3566 3 0 2 0 1
3567 3 0 2 0 1
3568 3 0 2 0 1
3569 3 0 2 0 1
3570 3 0 2 0 1
3571 3 0 2 0 1
3572 3 0 0 0 0
3573 3 0 0 0 0
3574 3 0 0 0 0
3575 3 0 2 0 0
3576 3 0 0 0 0
3577 3 0 0 0 0
3578 3 0 2 0 0
3579 3 0 2 0 0
3580 3 0 3 0 0
3581 3 0 2 0 0
3582 3 0 3 0 0
3583 3 0 2 0 1
3584 3 0 2 0 0
3585 3 0 0 0 0
3586 3 0 2 0 0
3587 3 0 2 0 0
3588 3 0 2 0 0
3589 3 0 0 0 0
3590 3 0 2 0 0
3591 3 0 2 0 0
3592 3 0 2 0 0
3593 3 0 2 0 0
3594 3 0 2 0 0
3595 3 0 2 0 0
3596 3 0 2 0 0
3597 3 0 2 0 0
3598 3 0 2 0 0
3599 3 0 2 0 0
3600 3 0 3 0 0
3601 3 0 2 0 0
3602 3 0 2 0 0
3603 3 0 2 0 0
3604 3 0 2 0 0
3605 0 0 2 0 0
3606 3 0 3 0 0
3607 3 0 3 0 0
3608 3 0 0 0 0
3609 3 0 0 0 0
3610 3 0 3 0 0
3611 3 0 0 0 0
3612 3 0 0 0 0
3613 3 0 3 0 0
3614 3 0 3 0 0
3615 3 0 3 0 0
3616 3 0 3 0 0
3617 3 0 2 0 0
3618 3 0 3 0 0
3619 3 0 3 0 0
3620 3 0 3 0 0
3621 3 0 2 0 0
3622 3 0 3 0 0
3623 3 0 3 0 0
3624 3 0 3 0 0
3625 3 0 3 0 0
3626 3 0 3 0 0
3627 3 0 2 0 0
3628 3 0 3 0 0
3629 3 0 2 0 0
3630 3 0 2 0 0
3631 3 0 2 0 0
3632 3 0 2 0 0
3633 3 0 2 0 0
3634 3 0 2 0 0
3635 3 0 3 0 0
3636 3 0 2 0 0
3637 3 0 3 0 0
3638 3 0 2 0 0
3639 3 0 2 0 0
3640 3 0 2 0 1
3641 3 0 3 0 0
3642 3 0 2 0 1
3643 3 0 2 0 1
3644 3 0 2 0 1
3645 3 0 2 0 1
3646 3 0 2 0 1
3647 3 0 2 0 1
3648 3 0 0 0 0
3649 3 0 2 0 1
3650 3 0 2 0 1
3651 3 0 2 0 1
3652 3 0 0 0 0
3653 3 0 0 0 0
3654 3 0 0 0 0
3655 3 0 0 0 0
3656 3 0 0 0 0
3657 3 0 0 0 0
3658 3 0 0 0 0
3659 3 0 0 0 0
3660 3 0 0 0 0
3661 3 0 0 0 0
3662 3 0 0 0 0
3663 3 0 0 0 0
3664 3 0 0 0 0
3665 3 0 0 0 0
3666 3 0 0 0 0
3667 3 0 0 0 0
3668 3 0 0 0 0
3669 3 0 0 0 0
3670 3 0 0 0 0
3671 3 0 0 0 0
3672 3 0 0 0 0
3673 3 0 0 0 0
3674 3 0 0 0 0
3675 3 0 0 0 0
3676 3 0 0 0 0
3677 3 0 0 0 0
3678 3 0 0 0 0
3679 3 0 0 0 0
3680 3 0 0 0 0
3681 3 0 2 0 1
3682 3 0 0 0 0
3683 3 0 0 0 0
3684 3 0 0 0 0
3685 3 0 0 0 0
3686 3 0 0 0 0
3687 3 0 0 0 0
3688 3 0 0 0 0
3689 3 0 0 0 0
3690 3 0 0 0 0
3691 3 0 0 0 0
3692 3 0 0 0 0
3693 3 0 0 0 0
3694 3 0 0 0 0
3695 3 0 0 0 0
3696 3 0 0 0 0
3697 3 0 0 0 0
3698 3 0 0 0 0
3699 3 0 0 0 0
3700 3 0 0 0 0
3701 3 0 0 0 0
3702 3 0 0 0 0
3703 3 0 0 0 0
3704 3 0 0 0 0
3705 3 0 0 0 0
3706 3 0 0 0 0
3707 3 0 0 0 0
3708 3 0 0 0 0
3709 3 0 0 0 0
3710 3 0 0 0 0
3711 3 0 0 0 0
3712 3 0 0 0 0
3713 3 0 0 0 0
3714 3 0 0 0 0
3715 3 0 0 0 0
3716 3 0 0 0 0
3717 3 0 0 0 0
3718 3 0 0 0 0
3719 3 0 0 0 0
3720 3 0 0 0 0
3721 3 0 0 0 0
3722 3 0 0 0 0
3723 3 0 0 0 0
3724 3 0 0 0 0
3725 3 0 0 0 0
3726 3 0 0 0 0
3727 3 0 0 0 0
3728 3 0 0 0 0
3729 3 0 0 0 0
3730 3 0 0 0 0
3731 3 0 0 0 0
3732 3 0 0 0 0
3733 3 0 0 0 0
3734 3 0 0 0 0
3735 3 0 0 0 0
3736 3 0 0 0 0
3737 3 0 0 0 0
3738 3 0 0 0 0
3739 3 0 2 0 1
3740 3 0 0 0 0
3741 3 0 0 0 0
3742 3 0 0 0 0
3743 3 0 2 0 1
3744 3 0 0 0 0
3745 3 0 0 0 0
3746 3 0 2 0 1
3747 3 0 2 0 1
3748 3 0 2 0 1
3749 3 0 2 0 1
3750 3 0 2 0 1
3751 3 0 2 0 1
3752 3 0 2 0 1
3753 3 0 2 0 1
3754 3 0 2 0 1
3755 3 0 2 0 1
3756 3 0 2 0 1
3757 3 0 2 0 1
3758 3 0 2 0 1
3759 3 0 2 0 1
3760 3 0 2 0 1
3761 3 0 2 0 1
3762 3 0 2 0 1
3763 3 0 2 0 1
3764 3 0 2 0 1
3765 3 0 2 0 1
3766 3 0 0 0 0
3767 3 0 0 0 0
3768 3 0 2 0 0
3769 3 0 0 0 0
3770 3 0 2 0 1
3771 3 0 2 0 1
3772 3 0 2 0 1
3773 3 0 2 0 1
3774 3 0 2 0 1
3775 3 0 2 0 1
3776 3 0 2 0 1
3777 3 0 2 0 1
3778 3 0 2 0 1
3779 3 0 2 0 1
3780 3 0 2 0 0
3781 3 0 2 0 1
3782 3 0 2 0 1
3783 3 0 2 0 1
3784 3 0 2 0 1
3785 3 0 2 0 1
3786 3 0 2 0 1
3787 3 0 2 0 1
3788 3 0 2 0 1
3789 3 0 2 0 1
3790 3 0 2 0 1
3791 3 0 2 0 1
3792 3 0 2 0 1
3793 3 0 2 0 1
3794 3 0 2 0 1
3795 3 0 2 0 1
3796 3 0 2 0 1
3797 3 0 2 0 1
3798 3 0 2 0 1
3799 3 0 2 0 1
3800 3 0 2 0 1
3801 3 0 2 0 1
3802 3 0 2 0 1
3803 3 0 2 0 1
3804 3 0 2 0 1
3805 3 0 2 0 1
3806 3 0 2 0 1
3807 3 0 2 0 1
3808 3 0 2 0 1
3809 3 0 2 0 1
3810 3 0 2 0 1
3811 3 0 2 0 1
3812 3 0 2 0 1
3813 3 0 2 0 1
3814 3 0 2 0 1
3815 3 0 2 0 1
3816 3 0 2 0 1
3817 3 0 2 0 1
3818 3 0 2 0 1
3819 3 0 2 0 1
3820 3 0 2 0 1
3821 3 0 2 0 1
3822 3 0 2 0 0
3823 3 0 2 0 1
3824 3 0 2 0 1
3825 3 0 0 0 0
3826 3 0 2 0 1
3827 3 0 2 0 1
3828 3 0 2 0 1
3829 3 0 2 0 1
3830 3 0 2 0 1
3831 3 0 2 0 1
3832 3 0 2 0 1
3833 3 0 2 0 1
3834 3 0 2 0 1
3835 3 0 2 0 1
3836 3 0 2 0 0
3837 3 0 2 0 0
3838 3 0 2 0 0
3839 3 0 2 0 0
3840 3 0 2 0 1
3841 2 0 2 0 2
3842 3 0 2 0 1
3843 3 0 2 0 1
3844 3 0 2 0 1
3845 3 0 2 0 1
3846 3 0 2 0 1
3847 3 0 2 0 1
3848 3 0 2 0 1
3849 3 0 2 0 1
3850 3 0 2 0 1
3851 3 0 2 0 1
3852 3 0 2 0 1
3853 3 0 2 0 1
3854 3 0 2 0 1
3855 3 0 2 0 1
3856 3 0 2 0 1
3857 3 0 2 0 1
3858 3 0 2 0 1
3859 3 0 2 0 1
3860 3 0 2 0 1
3861 0 0 2 0 1
3862 0 0 2 0 1
3863 0 0 2 0 1
3864 0 0 2 0 1
3865 0 0 2 0 1
3866 0 0 2 0 1
3867 0 0 2 0 1
3868 0 0 2 0 1
3869 0 0 2 0 1
3870 0 0 2 0 1
3871 0 0 2 0 1
3872 0 0 2 0 1
3873 0 0 2 0 1
3874 0 0 2 0 1
3875 0 0 2 0 1
3876 0 0 2 0 1
3877 0 0 2 0 1
3878 0 0 2 0 1
3879 0 0 2 0 1
3880 0 0 2 0 1
3881 0 0 2 0 1
3882 0 0 2 0 1
3883 0 0 2 0 1
3884 0 0 2 0 1
3885 0 0 2 0 1
3886 0 0 2 0 1
3887 0 0 2 0 1
3888 0 0 2 0 1
3889 0 0 2 0 1
3890 0 0 2 0 1
3891 0 0 2 0 1
3892 0 0 2 0 1
3893 0 0 2 0 1
3894 0 0 2 0 1
3895 0 0 2 0 1
3896 0 0 2 0 1
3897 0 0 2 0 1
3898 0 0 2 0 1
3899 0 0 2 0 1
3900 0 0 2 0 1
3901 0 0 2 0 1
3902 0 0 2 0 1
3903 0 0 2 0 1
3904 0 0 2 0 1
3905 0 0 2 0 1
3906 0 0 2 0 1
3907 0 0 2 0 1
3908 0 0 2 0 1
3909 0 0 2 0 1
3910 0 0 2 0 1
3911 0 0 2 0 1
3912 0 0 2 0 1
3913 0 0 2 0 1
3914 0 0 2 0 1
3915 0 0 2 0 1
3916 0 0 2 0 1
3917 0 0 2 0 1
3918 0 0 2 0 1
3919 0 0 2 0 1
3920 0 0 2 0 1
3921 0 0 2 0 1
3922 0 0 2 0 1
3923 0 0 2 0 1
3924 0 0 2 0 1
3925 0 0 2 0 1
3926 0 0 2 0 0
3927 0 0 2 0 1
3928 0 0 2 0 1
3929 0 0 2 0 1
3930 0 0 2 0 1
3931 0 0 2 0 1
3932 0 0 2 0 1
3933 0 0 2 0 1
3934 3 0 2 0 1
3935 3 0 2 0 1
3936 3 0 2 0 1
3937 3 0 2 0 1
3938 3 0 2 0 1
3939 3 0 2 0 1
3940 0 0 2 0 1
3941 0 0 2 0 1
3942 0 0 2 0 1
3943 0 0 2 0 1
3944 0 0 2 0 1
3945 0 0 2 0 1
3946 0 0 2 0 1
3947 0 0 2 0 1
3948 0 0 2 0 1
3949 0 0 2 0 1
3950 3 0 2 0 1
3951 3 0 2 0 1
3952 0 0 2 0 1
3953 0 0 2 0 1
3954 3 0 2 0 1
3955 3 0 2 0 1
3956 3 0 2 0 1
3957 3 0 2 0 1
3958 0 0 2 0 1
3959 0 0 2 0 1
3960 0 0 2 0 1
3961 0 0 2 0 1
3962 0 0 2 0 1
3963 0 0 2 0 1
3964 0 0 2 0 1
3965 0 0 2 0 1
3966 0 0 2 0 1
3967 0 0 2 0 1
3968 0 0 2 0 1
3969 0 0 2 0 1
3970 0 0 2 0 1
3971 0 0 2 0 1
3972 0 0 2 0 1
3973 0 0 2 0 1
3974 0 0 2 0 1
3975 0 0 2 0 1
3976 0 0 2 0 1
3977 3 0 2 0 1
3978 0 0 2 0 1
3979 3 0 2 0 1
3980 3 0 2 0 1
3981 0 0 2 0 1
3982 0 0 2 0 1
3983 0 0 2 0 1
3984 0 0 2 0 1
3985 3 0 2 0 1
3986 3 0 2 0 1
3987 3 0 2 0 1
3988 3 0 2 0 1
3989 3 0 2 0 1
3990 3 0 2 0 1
3991 3 0 2 0 1
3992 3 0 2 0 1
3993 3 0 2 0 1
3994 3 0 2 0 1
3995 3 0 2 0 1
3996 3 0 2 0 1
3997 3 0 2 0 1
3998 3 0 2 0 1
3999 3 0 2 0 1
4000 3 0 2 0 1
4001 3 0 2 0 1
4002 3 0 2 0 1
4003 3 0 2 0 1
4004 3 0 2 0 1
4005 3 0 2 0 1
4006 3 0 2 0 1
4007 3 0 2 0 1
4008 3 0 2 0 1
4009 0 0 2 0 1
4010 3 0 2 0 1
4011 3 0 2 0 1
4012 0 0 2 0 1
4013 0 0 2 0 1
4014 0 0 2 0 1
4015 0 0 2 0 1
4016 0 0 2 0 1
4017 0 0 2 0 1
4018 0 0 2 0 1
4019 0 0 2 0 1
4020 0 0 2 0 1
4021 0 0 2 0 1
4022 0 0 2 0 1
4023 0 0 2 0 1
4024 0 0 2 0 1
4025 0 0 2 0 1
4026 0 0 2 0 1
4027 0 0 2 0 1
4028 0 0 2 0 1
4029 0 0 3 0 0
4030 0 0 2 0 1
4031 0 0 2 0 1
4032 0 0 3 0 0
4033 0 0 2 0 1
4034 0 0 2 0 0
4035 0 0 2 0 1
4036 0 0 2 0 1
4037 0 0 3 0 0
4038 0 0 3 0 0
4039 0 0 2 0 1
4040 0 0 3 0 0
4041 0 0 0 0 0
4042 0 0 2 0 1
4043 0 0 2 0 1
4044 0 0 2 0 1
4045 3 0 2 0 1
4046 3 0 2 0 1
4047 3 0 2 0 1
4048 2 0 2 0 1
4049 3 0 2 0 1
4050 3 0 2 0 1
4051 3 0 2 0 1
4052 3 0 2 0 1
4053 3 0 2 0 1
4054 3 0 2 0 1
4055 3 0 2 0 1
4056 3 0 2 0 1
4057 3 0 2 0 0
4058 3 0 2 0 0
4059 3 0 2 0 0
4060 3 0 2 0 1
4061 3 0 2 0 1
4062 3 0 2 0 1
4063 3 0 2 0 1
4064 3 0 2 0 1
4065 3 0 2 0 1
4066 3 0 2 0 1
4067 3 0 2 0 1
4068 3 0 2 0 1
4069 3 0 2 0 1
4070 3 0 2 0 1
4071 3 0 2 0 1
4072 0 2 2 0 1
4073 0 3 2 0 1
4074 0 3 2 0 1
4075 0 3 2 0 1
4076 0 3 2 0 1
4077 0 3 2 0 1
4078 0 2 2 0 1
4079 0 2 2 0 1
4080 0 2 2 0 1
4081 0 2 2 0 1
4082 0 2 2 0 1
4083 0 2 2 0 1
4084 0 3 2 0 1
4085 0 2 2 0 1
4086 0 2 2 0 1
4087 0 3 2 0 1
4088 0 3 2 0 1
4089 0 3 2 0 1
4090 0 3 2 0 1
4091 0 3 2 0 1
4092 0 3 2 0 1
4093 0 3 2 0 1
4094 0 2 2 0 1
4095 0 2 2 0 1
4096 0 2 2 0 1
4097 0 2 2 0 1
4098 0 2 2 0 1
4099 0 2 2 0 1
4100 0 2 2 0 1
4101 0 2 2 0 1
4102 2 0 2 0 1
4103 2 0 2 0 1
4104 2 0 2 0 1
4105 2 0 2 0 1
4106 2 0 2 0 1
4107 2 0 2 0 1
4108 2 0 2 0 1
4109 2 0 2 0 1
4110 2 0 2 0 1
4111 2 0 3 0 1
4112 2 0 2 0 1
4113 2 0 2 0 1
4114 2 0 2 0 1
4115 3 0 2 0 1
4116 3 0 2 0 1
4117 2 0 2 0 0
4118 2 0 2 0 0
4119 2 0 2 0 1
4120 2 0 2 0 1
4121 2 0 2 0 0
4122 2 0 2 0 2
4123 2 0 2 0 1
4124 2 0 2 0 1
4125 2 0 2 0 1
4126 2 0 2 0 0
4127 3 0 2 0 0
4128 3 0 2 0 0
4129 3 0 2 0 0
4130 3 0 2 0 0
4131 2 0 2 0 1
4132 2 0 2 0 1
4133 2 0 2 0 1
4134 2 0 2 0 1
4135 2 0 2 0 1
4136 2 0 2 0 1
4137 2 0 2 0 0
4138 2 0 2 0 1
4139 2 0 2 0 1
4140 2 0 2 0 1
4141 2 0 2 0 1
4142 2 0 2 0 1
4143 2 0 2 0 1
4144 2 0 2 0 0
4145 2 0 2 0 1
4146 2 0 2 0 1
4147 2 0 2 0 1
4148 2 0 2 0 1
4149 2 0 2 0 1
4150 2 0 2 0 1
4151 2 0 2 0 1
4152 2 0 2 0 1
4153 2 0 2 0 1
4154 2 0 2 0 0
4155 2 0 2 0 0
4156 2 0 2 0 0
4157 2 0 2 0 0
4158 2 0 2 0 0
4159 3 0 2 0 0
4160 2 0 2 0 0
4161 2 0 2 0 0
4162 3 0 2 0 0
4163 2 0 2 0 0
4164 2 0 2 0 0
4165 2 0 2 0 0
4166 3 0 2 0 0
4167 2 0 2 0 0
4168 2 0 2 0 0
4169 3 0 2 0 0
4170 0 0 2 0 0
4171 2 0 2 0 0
4172 0 0 2 0 0
4173 2 0 2 0 0
4174 3 0 2 0 0
4175 3 0 2 0 0
4176 3 0 2 0 0
4177 3 0 2 0 0
4178 2 0 2 0 0
4179 2 0 2 0 0
4180 3 0 2 0 0
4181 2 0 2 0 0
4182 2 0 2 0 0
4183 2 0 2 0 0
4184 2 0 2 0 0
4185 2 0 2 0 0
4186 2 0 2 0 0
4187 3 0 2 0 0
4188 2 0 2 0 0
4189 2 0 2 0 1
4190 2 0 2 0 1
4191 2 0 2 0 1
4192 2 0 2 0 0
4193 2 0 2 0 1
4194 2 0 2 0 1
4195 2 0 2 0 1
4196 2 0 2 0 1
4197 2 0 2 0 1
4198 2 0 2 0 1
4199 2 0 2 0 1
4200 2 0 0 0 1
4201 2 0 2 0 1
4202 2 0 2 0 1
4203 2 0 2 0 1
4204 2 0 2 0 0
4205 2 0 2 0 1
4206 2 0 2 0 1
4207 2 0 2 0 1
4208 2 0 2 0 1
4209 2 0 2 0 1
4210 2 0 2 0 1
4211 2 0 2 0 1
4212 2 0 0 0 1
4213 2 0 2 0 1
4214 2 0 2 0 1
4215 2 0 2 0 1
4216 2 0 2 0 1
4217 2 0 2 0 1
4218 2 0 2 0 1
4219 2 0 2 0 1
4220 2 0 3 0 1
4221 2 0 0 0 1
4222 2 0 2 0 0
4223 2 0 2 0 0
4224 2 0 2 0 1
4225 2 0 2 0 1
4226 2 0 2 0 0
4227 2 0 2 0 0
4228 2 0 2 0 0
4229 2 0 2 0 0
4230 2 0 2 0 0
4231 2 0 2 0 0
4232 2 0 2 0 0
4233 2 0 2 0 1
4234 2 0 2 0 1
4235 2 0 2 0 1
4236 2 0 2 0 1
4237 2 0 2 0 1
4238 2 0 2 0 1
4239 2 0 2 0 1
4240 2 0 2 0 1
4241 2 0 2 0 1
4242 2 0 2 0 1
4243 2 0 2 0 1
4244 2 0 2 0 1
4245 2 0 2 0 1
4246 2 0 2 0 1
4247 2 0 2 0 1
4248 2 0 2 0 1
4249 2 0 2 0 1
4250 2 0 2 0 1
4251 2 0 2 0 1
4252 2 0 2 0 1
4253 2 0 2 0 0
4254 2 0 2 0 1
4255 2 0 2 0 1
4256 2 0 2 0 0
4257 2 0 2 0 0
4258 2 0 2 0 1
4259 2 0 2 0 1
4260 2 0 2 0 1
4261 2 0 2 0 1
4262 2 0 2 0 1
4263 2 0 2 0 1
4264 2 0 2 0 1
4265 2 0 2 0 1
4266 2 0 2 0 1
4267 2 0 2 0 1
4268 2 0 2 0 1
4269 2 0 2 0 1
4270 2 0 2 0 1
4271 2 0 2 0 1
4272 2 0 2 0 1
4273 2 0 2 0 1
4274 2 0 2 0 1
4275 2 0 2 0 1
4276 2 0 2 0 1
4277 2 0 2 0 1
4278 2 0 2 0 1
4279 2 0 2 0 1
4280 2 0 2 0 1
4281 2 0 2 0 1
4282 2 0 2 0 1
4283 2 0 2 0 1
4284 2 0 2 0 1
4285 2 0 2 0 1
4286 2 0 2 0 1
4287 2 0 2 0 1
4288 2 0 2 0 1
4289 2 0 2 0 1
4290 2 0 2 0 1
4291 2 0 2 0 1
4292 2 0 2 0 1
4293 2 0 2 0 1
4294 2 0 2 0 1
4295 2 0 2 0 1
4296 2 0 2 0 1
4297 2 0 2 0 1
4298 2 0 2 0 1
4299 2 0 2 0 1
4300 2 0 2 0 1
4301 2 0 2 0 1
4302 2 0 2 0 1
4303 2 0 2 0 1
4304 2 0 2 0 1
4305 2 0 2 0 0
4306 2 0 2 0 1
4307 2 0 2 0 1
4308 2 0 2 0 1
4309 2 0 2 0 1
4310 2 0 2 0 1
4311 2 0 2 0 1
4312 0 2 2 0 1
4313 0 2 2 0 1
4314 0 2 2 0 1
4315 0 2 2 0 1
4316 0 0 2 0 1
4317 0 2 2 0 1
4318 0 2 2 0 1
4319 0 2 2 0 1
4320 0 2 2 0 1
4321 0 0 2 0 1
4322 0 0 2 0 1
4323 0 0 2 0 1
4324 0 0 2 0 1
4325 0 0 2 0 1
4326 0 0 2 0 1
4327 0 0 3 0 0
4328 0 0 2 0 1
4329 0 0 2 0 1
4330 0 0 2 0 1
4331 0 0 2 0 1
4332 0 0 2 0 1
4333 0 0 2 0 1
4334 0 0 2 0 1
4335 0 0 2 0 1
4336 0 0 2 0 1
4337 0 0 2 0 1
4338 0 0 2 0 1
4339 0 0 2 0 1
4340 0 0 2 0 1
4341 0 0 2 0 1
4342 0 0 2 0 1
4343 0 0 2 0 1
4344 0 0 3 0 0
4345 0 0 2 0 1
4346 0 0 2 0 1
4347 0 0 2 0 1
4348 0 0 2 0 1
4349 0 0 2 0 1
4350 0 0 2 0 0
4351 0 0 2 0 0
4352 0 0 2 0 0
4353 0 0 3 0 0
4354 0 0 3 0 0
4355 0 0 3 0 0
4356 0 0 0 0 0
4357 0 0 2 0 0
4358 0 0 0 0 0
4359 0 0 2 0 0
4360 0 0 2 0 0
4361 0 0 2 0 0
4362 0 0 3 0 0
4363 0 0 0 0 0
4364 0 0 0 0 0
4365 0 0 0 0 0
4366 0 0 0 0 0
4367 0 0 0 0 0
4368 0 0 0 0 0
4369 0 0 3 0 0
4370 0 0 0 0 0
4371 0 0 3 0 0
4372 0 0 0 0 0
4373 0 0 0 0 0
4374 0 0 0 0 0
4375 0 0 0 0 0
4376 0 0 0 0 0
4377 0 0 0 0 0
4378 0 0 0 0 0
4379 0 0 0 0 0
4380 0 0 0 0 0
4381 0 0 0 0 0
4382 0 0 0 0 0
4383 0 0 0 0 0
4384 0 0 0 0 0
4385 0 0 0 0 0
4386 0 0 0 0 0
4387 0 0 0 0 0
4388 0 0 0 0 0
4389 0 0 0 0 0
4390 0 0 0 0 0
4391 0 0 3 0 0
4392 0 0 0 0 0
4393 0 0 0 0 0
4394 0 0 3 0 0
4395 0 0 0 0 0
4396 0 0 0 0 0
4397 0 0 0 0 0
4398 0 0 3 0 0
4399 2 0 3 0 0
4400 2 0 3 0 0
4401 2 0 0 0 0
4402 2 0 0 0 0
4403 0 0 3 0 0
4404 0 0 0 0 0
4405 0 0 0 0 0
4406 0 0 0 0 0
4407 0 0 3 0 0
4408 0 0 0 0 0
4409 0 0 0 0 0
4410 0 0 0 0 0
4411 0 0 0 0 0
4412 0 0 0 0 0
4413 0 0 0 0 0
4414 0 0 0 0 0
4415 0 0 0 0 0
4416 0 0 0 0 0
4417 0 0 0 0 0
4418 0 0 0 0 0
4419 0 0 0 0 0
4420 0 0 0 0 0
4421 0 0 0 0 0
4422 0 0 0 0 0
4423 0 0 0 0 0
4424 0 0 0 0 0
4425 0 0 0 0 0
4426 0 0 0 0 0
4427 0 0 0 0 0
4428 0 0 0 0 0
4429 0 0 0 0 0
4430 0 0 0 0 0
4431 0 0 0 0 0
4432 0 0 3 0 0
4433 0 0 3 0 0
4434 2 0 0 0 0
4435 2 0 0 0 0
4436 2 0 0 0 0
4437 0 0 0 0 0
4438 0 0 3 0 0
4439 0 0 0 0 0
4440 0 0 2 0 0
4441 0 0 3 0 0
4442 2 0 3 0 0
4443 0 0 0 0 0
4444 0 0 0 0 0
4445 0 0 0 0 0
4446 0 0 3 0 0
4447 0 0 3 0 0
4448 0 0 3 0 0
4449 0 0 2 0 1
4450 0 0 2 0 1
4451 0 0 2 0 1
4452 0 0 2 0 0
4453 0 0 2 0 0
4454 0 0 2 0 0
4455 0 0 2 0 0
4456 0 0 2 0 0
4457 0 0 2 0 1
4458 0 0 2 0 1
4459 0 0 2 0 1
4460 0 0 2 0 0
4461 0 0 2 0 1
4462 0 0 2 0 1
4463 0 0 2 0 1
4464 0 0 2 0 1
4465 0 0 2 0 1
4466 0 0 0 0 0
4467 0 0 3 0 0
4468 0 0 2 0 1
4469 0 0 2 0 1
4470 0 0 2 0 1
4471 0 0 2 0 1
4472 0 0 2 0 1
4473 0 0 2 0 1
4474 0 0 2 0 1
4475 0 0 2 0 1
4476 0 0 2 0 1
4477 0 0 2 0 1
4478 0 0 2 0 1
4479 0 0 2 0 1
4480 0 0 2 0 1
4481 0 0 2 0 1
4482 0 0 2 0 1
4483 0 0 2 0 1
4484 0 0 2 0 1
4485 0 0 2 0 1
4486 0 0 2 0 1
4487 0 0 2 0 1
4488 0 0 2 0 1
4489 0 0 2 0 1
4490 0 0 2 0 1
4491 0 0 2 0 1
4492 0 0 2 0 1
4493 0 0 2 0 1
4494 0 0 2 0 1
4495 0 0 2 0 1
4496 0 0 2 0 1
4497 0 0 2 0 1
4498 0 0 2 0 1
4499 0 0 2 0 1
4500 0 0 2 0 1
4501 0 0 2 0 1
4502 0 0 2 0 1
4503 0 0 2 0 1
4504 0 0 2 0 1
4505 0 0 2 0 1
4506 0 0 2 0 1
4507 0 0 2 0 1
4508 0 0 2 0 1
4509 0 0 2 0 1
4510 0 0 2 0 1
4511 0 0 2 0 1
4512 0 0 2 0 1
4513 0 0 2 0 1
4514 0 0 2 0 1
4515 0 0 2 0 1
4516 0 0 2 0 1
4517 0 0 2 0 1
4518 0 0 2 0 1
4519 0 0 2 0 1
4520 0 0 2 0 1
4521 0 0 2 0 0
4522 0 0 2 0 1
4523 0 0 2 0 1
4524 0 0 2 0 1
4525 0 0 2 0 1
4526 0 0 2 0 1
4527 0 0 2 0 1
4528 0 0 2 0 1
4529 0 0 2 0 1
4530 0 0 2 0 1
4531 0 0 2 0 1
4532 0 0 2 0 1
4533 0 0 2 0 0
4534 0 0 2 0 0
4535 0 0 2 0 1
4536 0 0 2 0 1
4537 0 0 2 0 1
4538 0 0 2 0 1
4539 0 0 2 0 1
4540 0 0 2 0 1
4541 0 0 2 0 1
4542 0 0 2 0 1
4543 0 0 2 0 1
4544 0 0 2 0 1
4545 0 0 2 0 1
4546 0 0 2 0 1
4547 0 0 2 0 1
4548 0 0 2 0 1
4549 0 0 2 0 1
4550 0 0 2 0 1
4551 0 0 2 0 1
4552 0 0 2 0 1
4553 0 0 2 0 1
4554 0 0 2 0 1
4555 0 0 2 0 1
4556 0 0 2 0 1
4557 0 0 2 0 1
4558 0 0 2 0 1
4559 0 0 2 0 1
4560 0 0 2 0 1
4561 0 0 2 0 1
4562 0 0 2 0 1
4563 0 0 2 0 1
4564 0 0 2 0 1
4565 0 0 2 0 1
4566 0 0 2 0 1
4567 0 0 2 0 1
4568 0 0 2 0 1
4569 0 0 2 0 1
4570 0 0 2 0 1
4571 0 0 2 0 1
4572 0 0 2 0 1
4573 0 0 2 0 1
4574 0 0 2 0 1
4575 0 0 2 0 1
4576 0 0 2 0 1
4577 0 0 2 0 1
4578 0 0 2 0 1
4579 0 0 2 0 1
4580 0 0 2 0 1
4581 0 0 2 0 1
4582 0 0 2 0 1
4583 0 0 2 0 1
4584 0 0 2 0 1
4585 0 0 2 0 1
4586 0 0 2 0 1
4587 0 0 2 0 1
4588 0 0 2 0 1
4589 0 0 2 0 1
4590 0 0 2 0 1
4591 0 0 2 0 1
4592 0 0 2 0 1
4593 0 0 2 0 1
4594 0 0 2 0 1
4595 0 0 2 0 1
4596 0 0 2 0 1
4597 0 0 2 0 1
4598 0 0 2 0 1
4599 0 0 2 0 1
4600 0 0 2 0 1
4601 0 0 2 0 1
4602 0 0 2 0 1
4603 0 0 2 0 1
4604 0 0 2 0 1
4605 0 0 2 0 1
4606 0 0 2 0 1
4607 0 0 2 0 1
4608 0 0 2 0 1
4609 0 0 2 0 1
4610 0 0 2 0 1
4611 0 0 2 0 1
4612 0 0 2 0 1
4613 0 0 2 0 1
4614 0 0 2 0 1
4615 0 0 2 0 1
4616 0 0 2 0 1
4617 0 0 2 0 1
4618 0 0 2 0 0
4619 0 0 2 0 1
4620 0 0 2 0 1
4621 0 0 2 0 1
4622 0 0 2 0 1
4623 0 0 2 0 1
4624 0 0 2 0 1
4625 0 0 2 0 1
4626 0 0 2 0 0
4627 0 0 2 0 1
4628 0 0 2 0 1
4629 0 0 2 0 1
4630 0 0 2 0 1
4631 0 0 2 0 1
4632 0 0 2 0 1
4633 0 0 2 0 1
4634 0 0 2 0 1
4635 0 0 2 0 1
4636 2 0 2 0 1
4637 2 0 2 0 1
4638 2 0 2 0 1
4639 2 0 2 0 0
4640 2 0 2 0 1
4641 0 0 2 0 0
4642 2 0 2 0 0
4643 2 0 2 0 1
4644 2 0 2 0 1
4645 2 0 2 0 1
4646 2 0 2 0 2
4647 2 0 2 0 2
4648 2 0 2 0 2
4649 2 0 2 0 2
4650 2 0 2 0 1
4651 2 0 2 0 1
4652 2 0 2 0 2
4653 2 0 2 0 1
4654 2 0 2 0 2
4655 2 0 2 0 1
4656 2 0 2 0 2
4657 2 0 2 0 2
4658 2 0 2 0 2
4659 2 0 2 0 2
4660 0 2 2 0 1
4661 0 2 2 0 1
4662 0 2 2 0 1
4663 0 2 2 0 1
4664 0 2 2 0 1
4665 0 2 2 0 1
4666 0 2 2 0 1
4667 0 2 2 0 1
4668 0 2 2 0 1
4669 0 2 2 0 1
4670 0 0 2 0 1
4671 0 2 2 0 1
4672 0 2 2 0 1
4673 0 2 2 0 0
4674 0 2 2 0 1
4675 2 0 2 0 2
4676 2 0 2 0 1
4677 2 0 2 0 1
4678 2 0 2 0 2
4679 2 0 2 0 1
4680 2 0 2 0 2
4681 2 0 2 0 1
4682 2 0 2 0 2
4683 2 0 2 0 1
4684 2 0 2 0 1
4685 2 0 2 0 1
4686 2 0 2 0 0
4687 2 0 2 0 0
4688 2 0 2 0 2
4689 0 0 2 0 1
4690 2 0 2 0 2
4691 2 0 2 0 0
4692 2 0 2 0 2
4693 2 0 2 0 2
4694 2 0 2 0 1
4695 2 0 2 0 2
4696 2 0 2 0 1
4697 2 0 2 0 1
4698 2 0 2 0 1
4699 2 0 2 0 1
4700 0 0 2 0 1
4701 2 0 2 0 1
4702 2 0 2 0 1
4703 2 0 2 0 1
4704 2 0 2 0 1
4705 2 0 2 0 1
4706 2 0 2 0 1
4707 2 0 2 0 1
4708 2 0 2 0 1
4709 2 0 2 0 2
4710 2 0 2 0 2
4711 2 0 2 0 2
4712 2 0 2 0 1
4713 2 0 2 0 1
4714 2 0 2 0 1
4715 2 0 2 0 2
4716 2 0 3 0 0
4717 2 0 3 0 0
4718 2 0 3 0 0
4719 2 0 3 0 0
4720 2 0 3 0 0
4721 2 0 3 0 0
4722 2 0 3 0 1
4723 2 0 3 0 0
4724 2 0 3 0 0
4725 2 0 2 0 0
4726 2 0 2 0 0
4727 2 0 3 0 1
4728 2 0 3 0 1
4729 2 0 3 0 1
4730 2 0 3 0 1
4731 2 0 0 0 1
4732 2 0 0 0 1
4733 0 0 0 0 0
4734 0 0 3 0 0
4735 0 0 3 0 0
4736 3 0 0 0 0
4737 3 0 0 0 0
4738 0 0 0 0 0
4739 0 0 0 0 0
4740 2 0 0 0 1
4741 0 0 0 0 0
4742 0 0 0 0 0
4743 0 0 0 0 0
4744 0 0 0 0 0
4745 0 0 0 0 0
4746 0 0 3 0 0
4747 0 0 0 0 0
4748 0 0 3 0 0
4749 0 0 0 0 0
4750 0 0 3 0 0
4751 0 0 3 0 0
4752 0 0 3 0 0
4753 0 0 3 0 0
4754 0 0 3 0 0
4755 0 0 3 0 0
4756 2 0 3 0 1
4757 2 0 3 0 1
4758 2 0 3 0 1
4759 0 0 3 0 0
4760 0 0 3 0 0
4761 0 0 3 0 0
4762 0 0 3 0 0
4763 0 0 3 0 0
4764 2 0 3 0 1
4765 2 0 3 0 1
4766 2 0 3 0 1
4767 0 0 3 0 0
4768 2 0 3 0 1
4769 2 0 3 0 1
4770 0 0 3 0 0
4771 2 0 3 0 1
4772 2 0 3 0 1
4773 0 0 3 0 0
4774 0 0 3 0 0
4775 0 0 3 0 0
4776 2 0 3 0 1
4777 0 0 3 0 0
4778 0 0 3 0 0
4779 0 0 3 0 0
4780 0 0 3 0 0
4781 0 0 3 0 0
4782 0 0 3 0 0
4783 0 0 3 0 0
4784 2 0 3 0 0
4785 0 0 3 0 0
4786 0 0 3 0 0
4787 2 0 3 0 0
4788 0 0 3 0 0
4789 0 0 3 0 0
4790 0 0 0 0 0
4791 0 0 3 0 0
4792 0 0 0 0 0
4793 0 0 3 0 0
4794 0 0 3 0 0
4795 2 0 3 0 0
4796 0 0 3 0 0
4797 2 0 3 0 0
4798 0 0 3 0 0
4799 0 0 3 0 0
4800 0 0 0 0 0
4801 2 0 0 0 0
4802 2 0 0 0 0
4803 2 0 0 0 0
4804 2 0 0 0 0
4805 2 0 0 0 0
4806 2 0 0 0 0
4807 2 0 0 0 0
4808 2 0 0 0 0
4809 2 0 0 0 0
4810 2 0 0 0 0
4811 2 0 0 0 0
4812 2 0 0 0 0
4813 2 0 0 0 0
4814 0 0 0 0 0
4815 0 0 0 0 0
4816 0 0 0 0 0
4817 0 0 0 0 0
4818 0 0 0 0 0
4819 0 0 0 0 0
4820 0 0 0 0 0
4821 0 0 0 0 0
4822 0 0 0 0 0
4823 0 0 0 0 0
4824 0 0 0 0 0
4825 0 0 0 0 0
4826 0 0 0 0 0
4827 0 0 0 0 0
4828 0 0 0 0 0
4829 0 0 0 0 0
4830 0 0 0 0 0
4831 0 0 0 0 0
4832 0 0 0 0 0
4833 0 0 0 0 0
4834 0 0 0 0 0
4835 0 0 0 0 0
4836 0 0 0 0 0
4837 0 0 0 0 0
4838 0 0 0 0 0
4839 0 0 0 0 0
4840 0 0 0 0 0
4841 0 0 0 0 0
4842 0 0 0 0 0
4843 0 0 0 0 0
4844 0 0 0 0 0
4845 0 0 0 0 0
4846 0 0 0 0 0
4847 0 0 0 0 0
4848 0 0 0 0 0
4849 3 0 0 0 0
4850 0 0 0 0 0
4851 3 0 0 0 0
4852 0 0 0 0 0
4853 0 0 0 0 0
4854 3 0 0 0 0
4855 0 0 0 0 0
4856 0 0 0 0 0
4857 0 0 0 0 0
4858 0 0 0 0 0
4859 2 0 0 0 0
4860 2 0 0 0 0
4861 2 0 0 0 0
4862 2 0 0 0 0
4863 2 0 0 0 0
4864 2 0 0 0 0
4865 2 0 0 0 0
4866 2 0 0 0 0
4867 2 0 0 0 0
4868 2 0 0 0 0
4869 2 0 0 0 0
4870 2 0 0 0 0
4871 3 0 0 0 0
4872 2 0 0 0 1
4873 2 0 0 0 1
4874 2 0 0 0 1
4875 2 0 0 0 1
4876 2 0 0 0 1
4877 2 0 0 0 1
4878 2 0 0 0 1
4879 2 0 0 0 1
4880 2 0 0 0 1
4881 2 0 0 0 1
4882 2 0 0 0 1
4883 2 0 0 0 1
4884 2 0 0 0 1
4885 2 0 0 0 1
4886 2 0 3 0 1
4887 2 0 3 0 1
4888 2 0 2 0 1
4889 2 0 2 0 1
4890 2 0 2 0 1
4891 2 0 0 0 1
4892 2 0 3 0 1
4893 2 0 2 0 1
4894 2 0 2 0 1
4895 2 0 2 0 1
4896 2 0 0 0 1
4897 2 0 3 0 1
4898 2 0 0 0 1
4899 0 0 0 0 0
4900 2 0 0 0 0
4901 2 0 0 0 0
4902 2 0 0 0 0
4903 2 0 0 0 0
4904 2 0 0 0 0
4905 2 0 0 0 0
4906 2 0 0 0 0
4907 2 0 0 0 0
4908 2 0 0 0 0
4909 2 0 0 0 0
4910 2 0 0 0 0
4911 2 0 0 0 0
4912 2 0 2 0 0
4913 2 0 2 0 1
4914 0 0 2 0 1
4915 0 0 0 0 0
4916 0 0 0 0 0
4917 2 0 0 0 0
4918 2 0 0 0 1
4919 3 0 0 0 0
4920 2 0 0 0 0
4921 0 0 3 0 0
4922 0 0 0 0 0
4923 0 0 0 0 0
4924 2 0 2 0 0
4925 0 0 0 0 0
4926 0 0 0 0 0
4927 0 0 0 0 0
4928 0 0 0 0 0
4929 0 0 3 0 0
4930 2 0 0 0 0
4931 3 0 3 0 0
4932 3 0 2 0 0
4933 3 0 0 0 0
4934 2 0 2 0 0
4935 2 0 0 0 0
4936 3 0 0 0 0
4937 2 0 2 0 0
4938 2 0 2 0 0
4939 2 0 2 0 0
4940 2 0 2 0 0
4941 2 0 3 0 0
4942 2 0 2 0 0
4943 2 0 0 0 0
4944 3 0 0 0 0
4945 2 0 2 0 1
4946 2 0 2 0 1
4947 2 0 2 0 1
4948 3 0 2 0 1
4949 2 0 2 0 1
4950 2 0 3 0 0
4951 2 0 2 0 0
4952 3 0 3 0 0
4953 2 0 0 0 0
4954 2 0 0 0 1
4955 2 0 0 0 0
4956 2 0 2 0 0
4957 2 0 2 0 0
4958 2 0 2 0 1
4959 2 0 2 0 0
4960 2 0 2 0 0
4961 2 0 2 0 0
4962 2 0 0 0 0
4963 2 0 0 0 0
4964 2 0 3 0 0
4965 2 0 0 0 0
4966 2 0 0 0 0
4967 2 0 0 0 0
4968 2 0 0 0 0
4969 2 0 2 0 0
4970 2 0 0 0 0
4971 2 0 2 0 0
4972 2 0 2 0 0
4973 3 0 2 0 0
4974 2 0 2 0 0
4975 2 0 2 0 0
4976 3 0 3 0 0
4977 3 0 2 0 0
4978 3 0 3 0 0
4979 3 0 2 0 0
4980 2 0 2 0 0
4981 2 0 2 0 0
4982 2 0 2 0 0
4983 3 0 2 0 0
4984 3 0 3 0 0
4985 2 0 2 0 0
4986 0 0 0 0 0
4987 0 0 3 0 0
4988 0 0 2 0 0
4989 2 0 0 0 0
4990 2 0 3 0 0
4991 2 0 3 0 0
4992 0 0 3 0 0
4993 3 0 3 0 0
4994 2 0 3 0 0
4995 2 0 3 0 0
4996 2 0 3 0 0
4997 2 0 3 0 0
4998 2 0 0 0 0
4999 2 0 2 0 0
5000 2 0 2 0 0
5001 3 0 0 0 0
5002 2 0 0 0 0
5003 3 0 0 0 0
5004 0 0 3 0 0
5005 2 0 2 0 0
5006 2 0 3 0 0
5007 2 0 3 0 0
5008 2 0 3 0 0
5009 2 0 3 0 1
5010 2 0 3 0 1
5011 2 0 3 0 1
5012 2 0 2 0 1
5013 3 0 2 0 0
5014 0 2 2 0 0
5015 0 0 2 0 0
5016 0 0 2 0 0
5017 0 0 2 0 0
5018 0 0 2 0 0
5019 0 0 2 0 0
5020 0 3 2 0 0
5021 0 3 2 0 0
5022 0 0 2 0 0
5023 0 3 2 0 1
5024 0 3 2 0 1
5025 0 3 2 0 1
5026 0 3 2 0 1
5027 0 2 2 0 1
5028 0 2 2 0 1
5029 2 0 2 0 1
5030 2 0 2 0 1
5031 2 0 2 0 0
5032 3 0 2 0 1
5033 2 0 3 0 1
5034 0 0 2 0 0
5035 2 0 3 0 1
5036 2 0 2 0 1
5037 2 0 2 0 1
5038 2 0 2 0 1
5039 2 0 2 0 1
5040 2 0 2 0 1
5041 2 0 2 0 1
5042 2 0 2 0 1
5043 2 0 2 0 1
5044 2 0 2 0 1
5045 2 0 2 0 1
5046 2 0 2 0 1
5047 2 0 2 0 1
5048 2 0 2 0 1
5049 2 0 2 0 1
5050 2 0 2 0 0
5051 0 0 2 0 1
5052 2 0 2 0 1
5053 2 0 0 0 1
5054 2 0 2 0 0
5055 2 0 2 0 0
5056 2 0 2 0 1
5057 2 0 2 0 1
5058 2 0 2 0 0
5059 2 0 2 0 1
5060 2 0 0 0 0
5061 2 0 0 0 0
5062 0 0 0 0 0
5063 0 0 2 0 0
5064 0 0 0 0 0
5065 0 0 3 0 0
5066 0 0 2 0 0
5067 2 0 2 0 1
5068 0 0 2 0 1
5069 2 0 2 0 1
5070 2 0 2 0 0
5071 2 0 2 0 0
5072 0 0 0 0 0
5073 0 0 0 0 0
5074 2 0 2 0 1
5075 2 0 0 0 1
5076 2 0 0 0 0
5077 2 0 0 0 0
5078 2 0 0 0 1
5079 0 0 0 0 0
5080 2 0 0 0 0
5081 2 0 0 0 0
5082 2 0 0 0 0
5083 2 0 0 0 0
5084 2 0 0 0 0
5085 2 0 0 0 0
5086 2 0 0 0 0
5087 2 0 0 0 0
5088 2 0 0 0 0
5089 2 0 0 0 0
5090 2 0 0 0 0
5091 2 0 3 0 0
5092 0 0 0 0 0
5093 2 0 2 0 1
5094 2 0 0 0 1
5095 2 0 0 0 0
5096 2 0 0 0 0
5097 2 0 0 0 0
5098 2 0 0 0 0
5099 2 0 0 0 0
5100 2 0 0 0 0
5101 2 0 2 0 0
5102 2 0 2 0 0
5103 2 0 2 0 0
5104 2 0 2 0 0
5105 2 0 2 0 0
5106 2 0 2 0 0
5107 2 0 2 0 0
5108 2 0 2 0 0
5109 0 0 2 0 0
5110 2 0 2 0 0
5111 2 0 2 0 0
5112 2 0 2 0 1
5113 2 0 2 0 1
5114 2 0 2 0 1
5115 2 0 3 0 1
5116 2 0 2 0 1
5117 0 0 2 0 1
5118 2 0 2 0 1
5119 0 0 2 0 1
5120 0 0 2 0 1
5121 0 0 2 0 1
5122 2 0 2 0 1
5123 2 0 2 0 1
5124 0 0 2 0 1
5125 2 0 2 0 1
5126 0 0 2 0 1
5127 0 0 2 0 1
5128 0 0 2 0 1
5129 0 0 0 0 0
5130 0 0 0 0 0
5131 0 0 2 0 1
5132 0 0 2 0 1
5133 0 0 2 0 1
5134 0 0 2 0 1
5135 0 0 3 0 0
5136 2 0 2 0 1
5137 2 0 2 0 1
5138 2 0 2 0 1
5139 2 0 2 0 1
5140 2 0 2 0 2
5141 2 0 2 0 2
5142 2 0 2 0 2
5143 2 0 2 0 2
5144 2 0 2 0 2
5145 2 0 2 0 2
5146 2 0 2 0 1
5147 2 0 2 0 2
5148 2 0 2 0 1
5149 2 0 2 0 2
5150 2 0 2 0 2
5151 2 0 2 0 1
5152 2 0 2 0 2
5153 2 0 3 0 0
5154 2 0 3 0 0
5155 2 0 3 0 0
5156 2 0 2 0 1
5157 0 0 2 0 1
5158 2 0 2 0 1
5159 0 0 2 0 1
5160 2 0 2 0 1
5161 2 0 2 0 1
5162 2 0 2 0 1
5163 2 0 2 0 1
5164 0 0 2 0 1
5165 0 0 2 0 1
5166 0 0 2 0 1
5167 0 0 2 0 1
5168 0 0 2 0 1
5169 2 0 2 0 2
5170 0 0 2 0 1
5171 2 0 0 0 1
5172 0 0 2 0 0
5173 0 0 2 0 1
5174 2 0 2 0 2
5175 2 0 2 0 1
5176 0 0 2 0 1
5177 0 0 2 0 1
5178 0 0 3 0 0
5179 2 0 3 0 0
5180 0 0 2 0 0
5181 0 0 2 0 0
5182 0 0 2 0 0
5183 0 0 2 0 0
5184 0 0 2 0 0
5185 0 0 3 0 0
5186 0 0 2 0 0
5187 0 0 2 0 0
5188 2 0 2 0 0
5189 0 0 2 0 0
5190 0 0 2 0 0
5191 0 0 2 0 0
5192 0 0 3 0 0
5193 0 0 2 0 0
5194 2 0 3 0 0
5195 0 0 3 0 0
5196 2 0 3 0 0
5197 2 0 0 0 0
5198 0 0 0 0 0
5199 2 0 2 0 0
5200 2 0 3 0 0
5201 2 0 0 0 0
5202 2 0 0 0 0
5203 2 0 2 0 0
5204 2 0 0 0 0
5205 2 0 0 0 0
5206 2 0 0 0 0
5207 2 0 2 0 0
5208 2 0 2 0 1
5209 2 0 2 0 0
5210 2 0 2 0 0
5211 2 0 2 0 2
5212 0 0 3 0 0
5213 2 0 0 0 1
5214 2 0 2 0 2
5215 2 0 3 0 1
5216 2 0 3 0 1
5217 2 0 2 0 1
5218 2 0 3 0 0
5219 2 0 2 0 1
5220 2 0 2 0 0
5221 2 0 2 0 0
5222 2 0 2 0 0
5223 2 0 2 0 0
5224 2 0 2 0 0
5225 2 0 2 0 0
5226 2 0 3 0 0
5227 2 0 3 0 1
5228 2 0 3 0 1
5229 2 0 3 0 1
5230 2 0 3 0 1
5231 2 0 3 0 1
5232 2 0 3 0 1
5233 2 0 3 0 1
5234 2 0 3 0 1
5235 2 0 3 0 1
5236 2 0 3 0 1
5237 2 0 3 0 1
5238 2 0 3 0 1
5239 2 0 3 0 0
5240 2 0 3 0 0
5241 2 0 3 0 0
5242 2 0 3 0 1
5243 2 0 3 0 1
5244 2 0 3 0 1
5245 2 0 3 0 1
5246 2 0 2 0 2
5247 2 0 2 0 2
5248 2 0 3 0 1
5249 2 0 2 0 2
5250 2 0 3 0 1
5251 0 0 2 0 1
5252 2 0 2 0 1
5253 0 0 3 0 0
5254 0 0 2 0 1
5255 0 0 3 0 0
5256 0 0 2 0 1
5257 0 0 3 0 0
5258 0 0 3 0 0
5259 0 0 3 0 0
5260 0 0 3 0 0
5261 0 0 3 0 0
5262 0 0 3 0 0
5263 0 0 3 0 0
5264 0 0 3 0 0
5265 0 0 3 0 0
5266 0 0 3 0 0
5267 2 0 3 0 0
5268 0 0 3 0 0
5269 0 0 3 0 0
5270 2 0 2 0 0
5271 0 0 3 0 0
5272 3 0 2 0 0
5273 0 0 2 0 0
5274 0 0 2 0 0
5275 0 0 2 0 0
5276 2 0 2 0 0
5277 2 0 2 0 1
5278 2 0 3 0 1
5279 2 0 2 0 1
5280 2 0 3 0 1
5281 2 0 3 0 0
5282 2 0 3 0 1
5283 0 0 3 0 0
5284 0 0 3 0 0
5285 0 0 3 0 0
5286 0 0 2 0 1
5287 2 0 3 0 1
5288 2 0 3 0 1
5289 2 0 0 0 1
5290 2 0 3 0 1
5291 2 0 3 0 1
5292 2 0 3 0 1
5293 2 0 0 0 1
5294 2 0 3 0 1
5295 2 0 0 0 1
5296 2 0 3 0 1
5297 2 0 3 0 1
5298 2 0 2 0 1
5299 2 0 3 0 1
5300 2 0 2 0 1
5301 2 0 2 0 1
5302 2 0 3 0 1
5303 2 0 3 0 1
5304 2 0 2 0 1
5305 2 0 3 0 1
5306 2 0 3 0 1
5307 2 0 3 0 1
5308 2 0 2 0 1
5309 2 0 3 0 1
5310 2 0 2 0 1
5311 2 0 2 0 1
5312 2 0 2 0 1
5313 2 0 2 0 1
5314 2 0 2 0 1
5315 2 0 2 0 1
5316 2 0 2 0 1
5317 2 0 2 0 1
5318 2 0 2 0 1
5319 2 0 2 0 1
5320 2 0 2 0 1
5321 2 0 2 0 1
5322 2 0 2 0 1
5323 2 0 2 0 1
5324 2 0 2 0 1
5325 2 0 2 0 1
5326 2 0 2 0 1
5327 2 0 2 0 1
5328 2 0 2 0 1
5329 2 0 2 0 1
5330 2 0 2 0 1
5331 2 0 2 0 1
5332 2 0 2 0 1
5333 2 0 2 0 1
5334 2 0 3 0 1
5335 2 0 3 0 1
5336 2 0 2 0 1
5337 2 0 2 0 1
5338 2 0 0 0 1
5339 2 0 2 0 1
5340 2 0 2 0 1
5341 2 0 2 0 1
5342 2 0 2 0 1
5343 2 0 3 0 1
5344 2 0 2 0 1
5345 2 0 2 0 1
5346 2 0 2 0 1
5347 2 0 2 0 1
5348 2 0 2 0 1
5349 2 0 3 0 1
5350 2 0 3 0 1
5351 2 0 3 0 1
5352 2 0 0 0 1
5353 2 0 3 0 1
5354 2 0 2 0 1
5355 2 0 0 2 1
5356 2 0 0 0 1
5357 2 0 0 0 1
5358 2 0 0 0 1
5359 2 0 0 2 1
5360 2 0 0 0 1
5361 2 0 0 0 1
5362 2 0 0 0 1
5363 2 0 0 0 1
5364 2 0 0 0 1
5365 2 0 0 0 1
5366 2 0 0 0 1
5367 2 0 0 0 1
5368 2 0 0 0 1
5369 2 0 0 0 1
5370 2 0 0 0 1
5371 2 0 0 0 1
5372 2 0 0 2 1
5373 2 0 0 0 1
5374 2 0 0 0 1
5375 2 0 0 0 1
5376 2 0 0 3 1
5377 2 0 0 0 1
5378 2 0 0 0 1
5379 2 0 0 0 1
5380 2 0 0 2 1
5381 2 0 0 2 1
5382 0 0 0 2 0
5383 0 0 0 2 0
5384 2 0 0 0 0
5385 2 0 0 0 0
5386 2 0 0 0 0
5387 2 0 0 0 1
5388 2 0 0 0 1
5389 2 0 0 0 1
5390 2 0 0 0 1
5391 2 0 0 0 1
5392 3 0 0 0 0
5393 2 0 0 0 1
5394 0 0 0 0 0
5395 0 0 0 0 0
5396 0 0 0 0 0
5397 2 0 0 0 1
5398 0 0 0 0 0
5399 0 0 0 0 0
5400 2 0 0 0 1
5401 0 0 0 0 0
5402 0 0 0 0 0
5403 0 0 0 0 0
5404 0 0 0 0 0
5405 2 0 0 0 1
5406 0 0 0 0 0
5407 2 0 0 0 1
5408 3 0 0 0 0
5409 0 0 0 0 0
5410 0 0 0 0 0
5411 0 0 0 0 0
5412 0 0 0 0 0
5413 0 0 0 0 0
5414 0 0 0 0 0
5415 0 0 0 0 0
5416 0 0 0 0 0
5417 2 0 0 0 1
5418 0 0 0 0 0
5419 0 0 0 0 0
5420 0 0 0 0 0
5421 0 0 0 0 0
5422 0 0 0 0 0
5423 0 0 0 0 0
5424 0 0 0 0 0
5425 0 0 0 0 0
5426 0 0 0 0 0
5427 0 0 0 0 0
5428 2 0 0 0 0
5429 0 0 0 0 0
5430 0 0 0 0 0
5431 2 0 0 0 0
5432 0 0 0 0 0
5433 0 0 0 0 0
5434 0 0 0 0 0
5435 0 0 0 0 0
5436 0 0 0 0 0
5437 0 0 0 0 0
5438 0 0 0 0 0
5439 0 0 0 0 0
5440 0 0 0 0 0
5441 0 0 0 0 0
5442 0 0 0 0 0
5443 0 0 0 0 0
5444 0 0 0 0 0
5445 0 0 0 0 0
5446 0 0 0 0 0
5447 0 0 0 0 0
5448 0 0 0 0 0
5449 0 0 0 0 0
5450 0 0 0 0 0
5451 0 0 0 0 0
5452 0 0 0 0 0
5453 0 0 0 0 0
5454 0 0 0 0 0
5455 0 0 0 0 0
5456 0 0 0 0 0
5457 2 0 0 0 0
5458 0 0 0 0 0
5459 0 0 0 0 0
5460 2 0 0 0 0
5461 2 0 0 0 0
5462 0 0 0 0 0
5463 0 0 0 0 0
5464 0 0 0 0 0
5465 3 0 0 0 0
5466 3 0 0 0 0
5467 3 0 0 0 0
5468 2 0 0 0 0
5469 2 0 0 0 0
5470 2 0 0 0 1
5471 0 0 0 0 0
5472 2 0 0 0 0
5473 2 0 0 0 0
5474 3 0 0 0 0
5475 0 0 0 0 0
5476 0 0 0 0 0
5477 0 0 0 0 0
5478 0 0 0 0 0
5479 0 0 0 0 0
5480 3 0 0 0 0
5481 3 0 0 0 0
5482 3 0 0 0 0
5483 2 0 0 0 0
5484 3 0 0 0 0
5485 3 0 0 0 0
5486 2 0 0 0 1
5487 2 0 0 0 1
5488 2 0 0 0 1
5489 0 0 0 0 0
5490 0 0 0 0 0
5491 3 0 0 0 0
5492 2 0 0 0 1
5493 0 2 0 0 0
5494 0 0 0 0 0
5495 0 2 0 0 0
5496 0 2 0 0 0
5497 0 2 0 0 0
5498 0 2 0 0 0
5499 0 3 0 0 0
5500 0 2 0 0 0
5501 0 2 0 0 0
5502 0 2 0 0 0
5503 0 2 0 0 0
5504 0 2 0 0 0
5505 0 2 0 0 0
5506 0 2 0 0 0
5507 0 2 0 0 0
5508 2 0 0 0 1
5509 2 0 0 0 1
5510 2 0 0 0 1
5511 2 0 0 0 1
5512 2 0 0 0 1
5513 2 0 0 0 1
5514 2 0 0 0 1
5515 2 0 0 0 1
5516 0 0 0 0 0
5517 0 0 0 0 0
5518 0 0 0 0 0
5519 0 0 0 0 0
5520 0 0 0 0 0
5521 0 0 0 0 0
5522 0 0 3 0 0
5523 0 0 0 0 0
5524 0 0 0 0 0
5525 0 0 0 0 0
5526 0 0 0 0 0
5527 0 0 0 0 0
5528 0 0 0 0 0
5529 0 0 0 0 0
5530 0 0 0 0 0
5531 0 0 0 0 0
5532 0 0 0 0 0
5533 2 0 0 0 1
5534 0 0 0 0 0
5535 0 0 0 0 0
5536 0 0 0 0 0
5537 0 0 0 0 0
5538 0 0 0 0 0
5539 0 0 0 0 0
5540 0 0 0 0 0
5541 0 0 3 0 0
5542 0 0 3 0 0
5543 0 0 3 0 0
5544 0 0 3 0 0
5545 0 0 3 0 0
5546 0 0 3 0 0
5547 0 0 3 0 0
5548 0 0 3 0 0
5549 0 0 0 0 0
5550 3 0 0 0 0
5551 2 0 0 0 1
5552 2 0 0 0 1
5553 2 0 3 0 1
5554 2 0 0 0 1
5555 2 0 0 0 1
5556 2 0 0 0 1
5557 2 0 0 0 1
5558 2 0 0 0 1
5559 2 0 0 0 1
5560 2 0 0 0 1
5561 2 0 0 0 1
5562 2 0 0 0 1
5563 2 0 0 0 1
5564 2 0 3 0 1
5565 2 0 0 0 1
5566 2 0 0 0 1
5567 2 0 0 0 1
5568 3 0 0 0 0
5569 3 0 0 0 0
5570 3 0 0 0 0
5571 3 0 0 0 0
5572 3 0 0 0 0
5573 2 0 0 0 0
5574 2 0 0 0 0
5575 2 0 0 0 1
5576 2 0 0 0 1
5577 2 0 0 0 1
5578 2 0 0 0 1
5579 3 0 0 0 0
5580 2 0 0 0 1
5581 3 0 0 0 0
5582 3 0 0 0 0
5583 3 0 0 0 0
5584 2 0 0 0 1
5585 2 0 0 0 1
5586 2 0 0 0 1
5587 2 0 0 0 1
5588 2 0 0 0 1
5589 2 0 0 0 1
5590 2 0 0 0 0
5591 2 0 0 0 0
5592 0 0 0 0 0
5593 3 0 0 0 0
5594 3 0 0 0 0
5595 2 0 0 0 0
5596 2 0 0 0 0
5597 2 0 0 0 0
5598 2 0 0 0 0
5599 2 0 0 0 0
5600 2 0 0 0 0
5601 2 0 0 0 0
5602 2 0 0 0 0
5603 2 0 0 0 0
5604 2 0 0 0 0
5605 2 0 0 0 0
5606 2 0 0 0 0
5607 2 0 0 0 0
5608 3 0 0 0 0
5609 0 0 0 0 0
5610 0 0 0 0 0
5611 0 0 0 0 0
5612 0 0 0 0 0
5613 0 0 0 0 0
5614 0 0 0 0 0
5615 3 0 0 0 0
5616 3 0 0 0 0
5617 3 0 0 0 0
5618 3 0 0 0 0
5619 3 0 0 0 0
5620 3 0 0 0 0
5621 3 0 0 0 0
5622 3 0 0 0 0
5623 3 0 0 0 0
5624 3 0 0 0 0
5625 3 0 0 0 0
5626 3 0 0 0 0
5627 3 0 0 0 0
5628 0 0 0 0 0
5629 0 0 0 0 0
5630 0 0 0 0 0
5631 0 0 0 0 0
5632 0 0 0 0 0
5633 0 0 0 0 0
5634 0 0 0 0 0
5635 0 0 0 0 0
5636 0 0 0 0 0
5637 0 0 0 0 0
5638 0 0 0 0 0
5639 0 0 0 0 0
