20 0 0 0 0 0
35 0 0 3 0 0
50 0 0 0 0 0
65 0 0 3 0 0
80 0 0 3 0 0
90 0 0 3 0 0
93 0 0 3 0 0
108 0 0 0 0 0
123 0 0 0 0 1
138 0 0 0 0 1
153 0 0 0 0 1
168 3 0 3 0 1
183 3 0 0 0 2
199 3 0 0 0 2
202 3 0 0 0 2
217 3 0 3 0 2
232 3 0 3 0 2
242 3 0 3 0 2
245 3 0 3 0 2
260 3 0 3 0 2
275 3 0 3 0 2
290 3 0 3 0 2
305 3 0 3 0 2
320 3 0 0 0 2
335 3 0 3 0 2
350 3 0 3 0 2
365 3 0 3 0 2
380 3 0 3 0 2
395 3 0 3 0 2
410 3 0 3 0 2
425 3 0 3 0 2
437 3 0 3 0 2
440 3 0 3 0 2
455 3 0 3 0 2
470 3 0 3 0 2
485 3 0 3 0 3
500 0 0 3 0 3
515 0 0 3 0 3
530 0 0 3 0 3
545 0 0 3 0 3
560 0 0 3 0 3
575 0 0 0 0 3
590 3 0 0 0 3
599 0 0 0 0 0
602 0 0 0 0 0
614 0 0 0 3 0
626 0 0 0 3 0
636 0 0 3 0 0
639 0 0 3 0 0
654 0 3 3 0 0
669 3 0 3 0 0
684 3 0 3 0 0
699 3 0 3 0 0
714 3 0 3 0 0
729 3 0 3 0 0
744 3 0 3 0 0
759 3 0 0 3 0
774 3 0 0 0 0
783 3 0 0 0 1
786 3 0 0 0 1
801 3 0 3 0 1
816 3 0 3 0 1
825 3 0 3 0 1
828 3 0 3 0 1
843 3 0 3 0 1
858 3 0 3 0 1
868 3 0 3 0 1
871 3 0 3 0 1
886 3 0 3 0 1
901 3 0 3 0 2
916 0 0 0 0 3
931 0 0 3 0 3
946 0 0 3 0 3
961 0 0 3 0 3
980 0 0 3 0 3
983 0 0 0 0 3
998 0 0 0 0 3
1013 3 0 0 0 3
1028 3 0 0 0 3
1035 3 0 0 0 3
