43 0 0 0 0 0
58 0 0 3 0 0
73 0 0 0 0 0
88 0 0 3 0 0
103 0 0 3 0 0
118 0 0 3 0 0
129 0 0 3 0 0
132 0 3 3 0 0
147 0 3 3 0 0
162 0 3 0 0 0
177 0 3 3 0 0
192 0 3 3 0 0
207 3 0 3 0 0
222 3 0 0 3 0
237 3 0 0 3 0
252 3 0 0 3 0
267 3 0 0 0 0
286 3 0 0 0 0
289 3 0 0 0 0
304 3 0 3 0 0
319 3 0 3 0 1
334 3 0 0 0 1
349 3 0 3 0 1
355 3 0 3 0 1
358 3 0 3 0 1
373 3 0 3 0 1
388 3 0 0 3 1
403 3 0 0 3 1
418 3 0 0 0 1
433 3 0 3 0 1
439 3 0 3 0 1
442 3 0 3 0 1
457 3 0 0 0 1
472 3 0 3 0 2
487 3 0 3 0 3
502 3 0 3 0 3
517 0 0 3 0 3
532 0 0 3 0 3
547 0 0 3 0 3
562 0 0 3 0 3
577 0 0 0 0 3
592 0 0 3 0 3
600 0 0 3 0 3
603 0 0 0 0 3
618 0 0 0 0 3
633 0 0 3 0 0
648 0 0 3 0 0
663 0 0 3 0 0
671 0 0 3 0 0
674 0 0 3 0 0
689 0 0 3 0 0
704 0 3 3 0 0
719 0 3 3 0 0
734 3 0 3 0 0
749 3 0 0 3 0
764 3 0 3 0 0
777 3 0 0 0 0
780 3 0 0 0 0
795 3 0 3 0 1
810 3 0 3 0 1
825 3 0 0 0 1
836 3 0 0 0 1
839 3 0 3 0 1
854 3 0 3 0 1
869 3 0 3 0 1
884 3 0 3 0 1
894 3 0 3 0 1
897 3 0 3 0 1
912 3 0 3 0 1
927 3 0 3 0 1
942 3 0 3 0 1
957 3 0 3 0 2
972 0 0 3 0 3
987 0 0 3 0 3
1002 3 0 3 0 3
1017 0 0 0 0 3
1032 0 0 3 0 3
1047 0 0 3 0 3
1062 3 0 3 0 3
1077 3 0 3 0 3
1083 3 0 3 0 3
1086 3 0 0 0 0
1101 0 0 0 0 0
1116 0 0 0 0 0
1131 0 0 0 0 0
1146 0 0 0 0 0
1161 0 0 0 0 0
1168 0 0 0 0 0
