163 0 0 0 0 0
178 0 0 0 0 0
193 0 3 0 0 0
208 0 3 0 3 0
223 0 3 0 3 0
240 0 3 3 0 0
243 0 3 3 0 0
258 0 3 3 0 0
273 0 3 3 0 0
288 0 3 3 0 1
303 0 3 3 0 1
318 0 3 3 0 1
333 0 0 3 0 1
348 0 3 3 0 1
363 3 0 3 0 1
378 3 0 0 0 1
397 3 0 3 0 1
400 3 0 3 0 1
415 3 0 3 0 1
430 3 0 3 0 1
445 3 0 3 0 1
460 0 0 3 0 1
475 3 0 3 0 1
490 3 0 3 0 1
501 3 0 3 0 1
504 3 0 3 0 1
519 3 0 3 0 1
534 3 0 3 0 1
549 3 0 3 0 1
564 3 0 3 0 1
569 3 0 3 0 1
572 3 0 3 0 1
587 3 0 3 0 1
602 3 0 0 0 2
617 3 0 3 0 3
632 3 0 0 0 3
647 3 0 0 0 3
662 3 0 3 0 3
677 3 0 0 0 3
692 3 0 0 0 3
707 3 0 3 0 3
722 3 0 3 0 3
737 3 0 3 0 3
749 0 3 0 3 0
752 0 0 0 3 0
767 0 0 0 0 0
782 3 0 0 0 0
797 0 0 3 0 0
812 0 0 3 0 0
827 0 0 0 0 0
842 0 0 0 0 0
857 0 0 0 0 0
872 0 0 3 0 0
881 3 0 3 0 0
884 0 0 3 0 0
899 0 3 3 0 1
914 0 3 3 0 1
929 0 3 3 0 1
944 3 0 3 0 1
959 3 0 3 0 1
973 3 0 0 0 1
976 3 0 3 0 1
991 3 0 3 0 1
1006 3 0 3 0 1
1021 3 0 3 0 1
1036 3 0 3 0 1
1052 3 0 3 0 1
1055 3 0 3 0 1
1070 3 0 3 0 1
1085 3 0 3 0 1
1099 3 0 3 0 1
1102 3 0 3 0 1
1117 3 0 3 0 1
1132 3 0 0 0 2
1147 3 0 3 0 3
1162 3 0 3 0 3
1177 0 0 0 0 3
1192 0 0 0 0 3
1207 0 0 0 0 3
1222 0 0 0 0 3
1237 0 0 0 0 3
1247 0 0 3 0 3
1250 0 0 3 0 3
1265 0 0 0 0 0
1280 0 0 0 0 0
1295 0 0 0 0 0
1310 0 0 0 0 0
1325 0 0 0 0 0
1340 0 0 0 0 0
1358 0 0 0 0 0
