28 0 0 0 0 0
43 0 0 3 0 0
58 0 0 0 0 0
73 0 0 0 0 0
80 0 0 0 0 0
83 0 0 0 0 0
98 0 3 3 0 0
113 0 0 3 0 0
128 0 3 3 0 0
143 0 3 3 0 0
158 3 0 3 0 1
173 3 0 3 0 1
181 3 0 0 0 1
184 3 0 0 0 1
196 3 0 3 0 1
209 3 0 3 0 1
212 3 0 3 0 1
227 3 0 3 0 1
242 3 0 0 3 1
257 3 0 3 0 1
260 3 0 0 0 1
275 3 0 3 0 1
290 3 0 3 0 2
305 0 0 3 0 3
320 0 0 3 0 3
335 0 0 3 0 3
350 0 0 3 0 3
365 0 0 3 0 3
382 0 0 3 0 3
385 0 0 3 0 3
400 0 0 0 0 3
415 0 0 0 0 3
430 0 0 0 0 0
445 0 3 0 0 0
460 3 0 0 0 0
475 3 0 0 0 0
490 3 0 0 0 0
505 3 0 0 0 0
520 3 0 0 0 0
535 3 0 0 0 0
550 0 3 3 0 0
565 0 3 3 0 0
580 0 0 3 0 0
595 0 3 3 0 0
610 3 0 3 0 1
625 0 0 0 0 2
631 3 0 3 0 2
634 3 0 0 0 2
649 3 0 3 0 2
664 3 0 3 0 2
674 3 0 3 0 2
677 3 0 3 0 2
692 3 0 3 0 2
707 3 0 3 0 2
722 3 0 3 0 2
734 3 0 0 0 2
737 3 0 3 0 2
752 3 0 3 0 2
767 3 0 3 0 3
782 0 0 3 0 3
797 0 0 3 0 3
812 0 0 3 0 3
827 0 0 3 0 3
842 0 0 3 0 3
847 0 0 3 0 3
850 0 0 3 0 3
865 3 0 0 0 3
880 3 0 0 0 3
895 0 0 0 0 3
910 0 0 0 0 3
925 3 0 0 0 3
940 0 0 0 0 3
955 0 0 0 0 3
970 0 0 0 0 3
985 0 0 0 0 3
998 0 0 0 0 3
