0 0 0 0 0 0
1 0 0 0 0 0
2 0 0 0 0 0
3 0 0 0 0 0
4 0 0 0 0 0
5 0 0 0 0 0
6 0 0 0 0 0
7 0 0 0 0 0
8 0 0 0 0 0
9 0 0 0 0 0
10 0 0 0 0 0
11 0 0 0 0 0
12 0 0 0 0 0
13 0 0 0 0 0
14 0 0 0 0 0
15 0 0 0 0 0
16 0 0 0 0 0
17 0 0 0 0 0
18 0 0 0 0 0
19 0 0 0 0 0
20 0 0 0 0 0
21 0 0 0 0 0
22 0 0 0 0 0
23 0 0 0 0 0
24 0 0 0 0 0
25 0 0 0 0 0
26 0 0 0 0 0
27 0 0 0 0 0
28 0 0 0 0 0
29 0 0 0 0 0
30 0 0 0 0 0
31 0 0 0 0 0
32 0 0 0 0 0
33 0 0 0 0 0
34 0 0 0 0 0
35 0 0 0 0 0
36 0 0 0 0 0
37 0 0 0 0 0
38 0 0 0 0 0
39 0 0 0 0 0
40 0 0 0 0 0
41 0 0 0 0 0
42 0 0 0 0 0
43 0 0 0 0 0
44 0 0 0 0 0
45 0 0 0 0 0
46 0 0 0 0 0
47 0 0 0 0 0
48 0 0 0 0 0
49 0 0 0 0 0
50 0 0 0 0 0
51 0 0 0 0 0
52 0 0 0 0 0
53 0 0 0 0 0
54 0 0 0 0 0
55 0 0 0 0 0
56 0 0 0 0 0
57 0 0 0 0 0
58 0 0 0 0 0
59 0 0 0 0 0
60 0 0 0 0 0
61 0 0 0 0 0
62 0 0 0 0 0
63 0 0 0 0 0
64 0 0 0 0 0
65 0 0 0 0 0
66 0 0 0 0 0
67 0 0 0 0 0
68 0 0 0 0 0
69 0 0 0 0 0
70 0 0 0 0 0
71 0 0 0 0 0
72 0 0 0 0 0
73 0 0 0 0 0
74 0 0 0 0 0
75 0 0 2 0 0
76 0 0 2 0 0
77 0 0 2 0 0
78 0 0 2 0 0
79 0 0 2 0 0
80 0 0 2 0 0
81 0 0 2 0 0
82 0 0 2 0 0
83 0 0 2 0 0
84 0 0 2 0 0
85 0 0 2 0 0
86 0 0 2 0 0
87 0 0 2 0 0
88 0 0 2 0 0
89 0 0 2 0 0
90 0 0 2 0 0
91 0 0 2 0 0
92 0 0 2 0 0
93 0 0 2 0 0
94 0 0 2 0 0
95 0 0 2 0 0
96 0 0 2 0 0
97 0 0 2 0 0
98 0 0 2 0 0
99 0 0 2 0 0
100 0 0 2 0 0
101 0 0 2 0 0
102 0 0 2 0 0
103 0 0 2 0 0
104 0 0 2 0 0
105 0 0 2 0 0
106 0 0 2 0 0
107 0 0 2 0 0
108 0 0 2 0 0
109 0 0 2 0 0
110 0 0 2 0 0
111 0 0 2 0 0
112 0 0 2 0 0
113 0 0 2 0 0
114 0 0 2 0 0
115 0 0 2 0 0
116 0 0 2 0 0
117 0 0 2 0 0
118 0 0 2 0 0
119 0 0 2 0 0
120 0 0 2 0 0
121 0 0 2 0 0
122 0 0 2 0 0
123 0 0 2 0 0
124 0 0 2 0 0
125 0 0 2 0 0
126 0 0 2 0 0
127 0 0 2 0 0
128 0 0 2 0 0
129 0 0 2 0 0
130 0 0 2 0 0
131 0 0 2 0 0
132 0 0 2 0 0
133 0 0 2 0 0
134 0 0 2 0 0
135 0 0 2 0 0
136 0 0 2 0 0
137 0 0 2 0 0
138 0 0 2 0 0
139 0 0 2 0 0
140 0 0 2 0 0
141 0 0 2 0 0
142 0 0 2 0 0
143 0 0 2 0 0
144 0 0 2 0 0
145 0 0 2 0 0
146 0 0 2 0 0
147 0 0 2 0 0
148 0 0 2 0 0
149 0 0 2 0 0
150 0 0 2 0 0
151 0 0 2 0 0
152 0 0 2 0 0
153 0 0 2 0 0
154 0 0 2 0 0
155 0 0 2 0 0
156 0 0 2 0 0
157 0 0 2 0 0
158 0 0 2 0 0
159 0 0 2 0 0
160 0 0 2 0 0
161 0 0 2 0 0
162 0 0 2 0 0
163 0 0 2 0 0
164 0 0 2 0 0
165 0 0 2 0 0
166 0 0 2 0 0
167 0 0 2 0 0
168 0 0 2 0 0
169 0 0 2 0 0
170 0 0 2 0 0
171 0 0 2 0 0
172 0 0 2 0 0
173 0 0 2 0 0
174 0 0 2 0 0
175 0 0 2 0 0
176 0 0 2 0 0
177 0 0 2 0 0
178 0 0 2 0 0
179 0 0 2 0 0
180 0 0 2 0 0
181 0 0 2 0 0
182 0 0 2 0 0
183 0 0 2 0 0
184 0 0 2 0 0
185 0 0 2 0 0
186 0 0 2 0 0
187 0 0 2 0 0
188 0 0 2 0 0
189 0 0 2 0 0
190 0 0 2 0 0
191 0 0 2 0 0
192 0 0 2 0 0
193 0 0 2 0 1
194 0 0 2 0 1
195 0 0 2 0 1
196 0 0 2 0 2
197 0 0 2 0 2
198 0 0 2 0 2
199 0 0 2 0 2
200 0 0 2 0 2
201 0 0 2 0 2
202 0 0 2 0 2
203 0 0 2 0 2
204 0 0 2 0 2
205 0 0 2 0 2
206 0 0 2 0 2
207 0 0 2 0 2
208 0 0 2 0 2
209 0 0 2 0 2
210 0 0 2 0 2
211 0 0 2 0 2
212 0 0 2 0 2
213 0 0 2 0 2
214 0 0 2 0 2
215 0 0 2 0 2
216 0 0 2 0 2
217 0 0 2 0 2
218 0 0 2 0 2
219 0 0 2 0 2
220 0 0 2 0 2
221 0 0 2 0 2
222 0 0 2 0 2
223 0 0 2 0 2
224 0 0 2 0 2
225 0 0 2 0 2
226 0 0 2 0 2
227 0 0 2 0 2
228 0 0 2 0 2
229 0 0 2 0 2
230 0 0 2 0 2
231 0 0 2 0 2
232 0 0 2 0 2
233 0 0 2 0 2
234 0 0 2 0 2
235 0 0 2 0 2
236 0 0 2 0 2
237 0 0 2 0 2
238 0 0 2 0 2
239 0 0 2 0 2
240 0 0 2 0 2
241 0 0 2 0 2
242 0 0 2 0 2
243 0 0 2 0 2
244 0 0 2 0 2
245 0 0 2 0 2
246 0 0 2 0 2
247 0 0 2 0 2
248 0 0 2 0 2
249 0 0 2 0 2
250 0 0 2 0 2
251 0 0 2 0 2
252 0 0 2 0 2
253 0 0 2 0 2
254 0 0 2 0 2
255 0 0 2 0 2
256 0 0 2 0 2
257 0 0 2 0 2
258 0 0 2 0 2
259 0 0 2 0 2
260 0 0 2 0 2
261 0 0 2 0 2
262 0 0 2 0 2
263 0 0 2 0 2
264 0 0 2 0 2
265 0 0 2 0 2
266 0 0 2 0 2
267 0 0 2 0 2
268 0 0 2 0 2
269 0 0 2 0 2
270 0 0 2 0 2
271 0 0 2 0 2
272 0 0 2 0 2
273 0 0 2 0 2
274 0 0 2 0 2
275 0 0 2 0 2
276 0 0 2 0 2
277 0 0 2 0 2
278 0 0 2 0 2
279 0 0 2 0 2
280 0 0 2 0 2
281 0 0 2 0 2
282 0 0 2 0 2
283 0 0 2 0 2
284 0 0 2 0 2
285 0 0 2 0 2
286 0 0 2 0 2
287 0 0 2 0 2
288 0 0 2 0 2
289 0 0 2 0 2
290 0 0 2 0 2
291 0 0 2 0 2
292 0 0 2 0 2
293 0 0 2 0 2
294 0 0 2 0 2
295 0 0 2 0 2
296 0 0 2 0 2
297 0 0 2 0 2
298 0 0 2 0 2
299 0 0 2 0 2
300 0 0 2 0 2
301 0 0 2 0 2
302 0 0 2 0 2
303 0 0 2 0 2
304 0 0 2 0 2
305 0 0 2 0 2
306 0 0 2 0 2
307 0 0 2 0 2
308 0 0 2 0 2
309 0 0 2 0 2
310 0 0 2 0 2
311 0 0 2 0 2
312 0 0 2 0 2
313 0 0 2 0 2
314 0 0 2 0 2
315 0 0 2 0 2
316 0 0 2 0 2
317 0 0 2 0 2
318 0 0 2 0 2
319 0 0 2 0 2
320 0 0 2 0 2
321 0 0 2 0 2
322 0 0 2 0 2
323 0 0 2 0 2
324 0 0 2 0 2
325 0 0 2 0 2
326 0 0 2 0 2
327 0 0 2 0 2
328 0 0 2 0 2
329 0 0 2 0 2
330 0 0 2 0 2
331 0 0 2 0 2
332 0 0 2 0 2
333 0 0 2 0 2
334 0 0 2 0 2
335 0 0 2 0 2
336 0 0 2 0 2
337 0 0 2 0 2
338 0 0 2 0 2
339 0 0 2 0 2
340 0 0 2 0 2
341 0 0 2 0 2
342 0 0 2 0 2
343 0 0 2 0 2
344 0 0 2 0 2
345 0 0 2 0 2
346 0 0 2 0 2
347 0 0 2 0 2
348 0 0 2 0 2
349 0 0 2 0 2
350 0 0 2 0 2
351 0 0 2 0 2
352 0 0 2 0 2
353 0 0 2 0 2
354 0 0 2 0 2
355 0 0 2 0 2
356 0 0 2 0 2
357 0 0 2 0 2
358 0 0 2 0 2
359 0 0 2 0 2
360 0 0 2 0 2
361 0 0 2 0 2
362 0 0 2 0 2
363 0 0 2 0 2
364 0 0 2 0 2
365 0 0 2 0 2
366 0 0 2 0 2
367 0 0 2 0 2
368 0 0 2 0 2
369 0 0 2 0 2
370 0 0 2 0 2
371 0 0 2 0 2
372 0 0 2 0 2
373 0 0 2 0 2
374 0 0 2 0 2
375 0 0 2 0 2
376 0 0 2 0 2
377 0 0 2 0 2
378 0 0 2 0 2
379 0 0 2 0 2
380 0 0 2 0 2
381 0 0 2 0 2
382 0 0 2 0 2
383 0 0 2 0 2
384 0 0 2 0 2
385 0 0 2 0 2
386 0 0 2 0 2
387 0 0 2 0 2
388 0 0 2 0 2
389 0 0 2 0 2
390 0 0 2 0 2
391 0 0 2 0 2
392 0 0 2 0 2
393 0 0 2 0 2
394 0 0 2 0 2
395 0 0 2 0 2
396 0 0 2 0 2
397 0 0 2 0 2
398 0 0 2 0 2
399 0 0 2 0 2
400 0 0 2 0 2
401 0 0 2 0 2
402 0 0 2 0 2
403 0 0 2 0 2
404 0 0 2 0 2
405 0 0 2 0 2
406 0 0 2 0 2
407 0 0 2 0 2
408 0 0 2 0 2
409 0 0 2 0 2
410 0 0 2 0 2
411 0 0 2 0 2
412 0 0 2 0 2
413 0 0 2 0 2
414 0 0 2 0 2
415 0 0 2 0 2
416 0 0 2 0 2
417 0 0 2 0 2
418 0 0 2 0 2
419 2 0 2 0 2
420 2 0 2 0 2
421 2 0 2 0 2
422 2 0 2 0 2
423 2 0 2 0 2
424 2 0 2 0 2
425 2 0 2 0 2
426 2 0 2 0 2
427 2 0 2 0 2
428 2 0 2 0 2
429 2 0 2 0 2
430 2 0 2 0 2
431 2 0 2 0 2
432 2 0 2 0 2
433 2 0 2 0 2
434 2 0 2 0 2
435 2 0 2 0 2
436 2 0 2 0 2
437 2 0 2 0 2
438 2 0 2 0 2
439 2 0 2 0 2
440 2 0 2 0 2
441 2 0 2 0 2
442 2 0 2 0 2
443 2 0 2 0 2
444 2 0 2 0 2
445 2 0 2 0 2
446 2 0 2 0 2
447 2 0 2 0 2
448 2 0 2 0 2
449 2 0 2 0 2
450 2 0 2 0 2
451 2 0 2 0 2
452 2 0 2 0 2
453 2 0 2 0 2
454 2 0 2 0 2
455 2 0 2 0 2
456 2 0 2 0 2
457 2 0 2 0 2
458 2 0 2 0 2
459 2 0 2 0 2
460 2 0 2 0 2
461 2 0 2 0 2
462 2 0 2 0 2
463 2 0 2 0 2
464 2 0 2 0 2
465 2 0 2 0 2
466 2 0 2 0 2
467 2 0 2 0 2
468 2 0 2 0 2
469 2 0 2 0 2
470 2 0 2 0 2
471 2 0 2 0 2
472 2 0 2 0 2
473 2 0 2 0 2
474 2 0 2 0 2
475 2 0 2 0 2
476 2 0 2 0 2
477 2 0 2 0 2
478 2 0 2 0 2
479 2 0 2 0 2
480 2 0 3 0 0
481 2 0 3 0 0
482 2 0 3 0 0
483 2 0 3 0 0
484 2 0 3 0 0
485 2 0 3 0 0
486 2 0 3 0 0
487 2 0 3 0 0
488 2 0 3 0 0
489 2 0 3 0 0
490 2 0 3 0 0
491 2 0 3 0 0
492 2 0 3 0 0
493 2 0 3 0 0
494 2 0 3 0 0
495 0 0 0 2 0
496 0 0 0 2 0
497 0 0 0 2 0
498 0 0 0 2 0
499 0 0 0 2 0
500 0 0 0 2 0
501 0 0 0 2 0
502 0 0 0 2 0
503 0 0 0 2 0
504 0 0 0 2 0
505 0 0 0 2 0
506 0 0 0 2 0
507 0 0 0 2 0
508 0 0 0 2 0
509 0 0 0 2 0
510 2 0 0 0 0
511 2 0 0 0 0
512 2 0 0 0 0
513 2 0 0 0 0
514 2 0 0 0 0
515 2 0 0 0 0
516 2 0 0 0 0
517 2 0 0 0 0
518 2 0 0 0 0
519 2 0 0 0 0
520 2 0 0 0 0
521 2 0 0 0 0
522 2 0 0 0 0
523 2 0 0 0 0
524 2 0 0 0 0
525 2 0 0 0 0
526 2 0 0 0 0
527 2 0 0 0 0
528 2 0 0 0 0
529 2 0 0 0 0
530 2 0 0 0 0
531 2 0 0 0 0
532 2 0 0 0 0
533 2 0 0 0 0
534 2 0 0 0 0
535 2 0 0 0 0
536 2 0 0 0 0
537 2 0 0 0 0
538 2 0 0 0 0
539 2 0 0 0 0
540 2 0 0 0 0
541 2 0 0 0 0
542 2 0 0 0 0
543 2 0 0 0 0
544 2 0 0 0 0
545 2 0 0 0 0
546 2 0 0 0 0
547 2 0 0 0 0
548 2 0 0 0 0
549 2 0 0 0 0
550 2 0 0 0 0
551 2 0 0 0 0
552 2 0 0 0 0
553 2 0 0 0 0
554 2 0 0 0 0
555 2 0 0 0 0
556 2 0 0 0 0
557 2 0 0 0 0
558 2 0 0 0 0
559 2 0 0 0 0
560 2 0 0 0 0
561 2 0 0 0 0
562 2 0 0 0 0
563 2 0 0 0 0
564 2 0 0 0 0
565 2 0 0 0 0
566 2 0 0 0 0
567 2 0 0 0 0
568 2 0 0 0 0
569 2 0 0 0 0
570 2 0 0 0 1
571 2 0 0 0 1
572 2 0 0 0 1
573 2 0 0 0 1
574 2 0 0 0 1
575 2 0 0 0 1
576 2 0 0 0 1
577 2 0 0 0 0
578 2 0 0 0 0
579 2 0 0 0 0
580 2 0 0 0 0
581 2 0 0 0 0
582 2 0 0 0 0
583 2 0 0 0 0
584 2 0 0 0 0
585 2 0 0 0 0
586 2 0 0 0 0
587 2 0 0 0 0
588 2 0 0 0 0
589 2 0 0 0 0
590 2 0 0 0 0
591 2 0 0 0 0
592 2 0 0 0 0
593 2 0 0 0 0
594 2 0 0 0 0
595 2 0 0 0 0
596 2 0 0 0 0
597 2 0 0 0 0
598 2 0 0 0 0
599 2 0 0 0 0
600 2 0 0 0 0
601 2 0 0 0 0
602 2 0 0 0 0
603 2 0 0 0 0
604 2 0 0 0 0
605 2 0 0 0 0
606 2 0 0 0 0
607 2 0 0 0 0
608 2 0 0 0 0
609 2 0 0 0 0
610 2 0 0 0 0
611 2 0 0 0 0
612 2 0 0 0 0
613 2 0 0 0 0
614 2 0 0 0 0
615 2 0 0 0 0
616 2 0 0 0 0
617 2 0 0 0 0
618 2 0 0 0 0
619 2 0 0 0 0
620 2 0 0 0 0
621 2 0 0 0 0
622 2 0 0 0 0
623 2 0 0 0 0
624 2 0 0 0 0
625 2 0 0 2 0
626 2 0 0 2 0
627 2 0 0 2 0
628 2 0 0 2 0
629 2 0 0 2 0
630 2 0 0 2 0
631 2 0 0 2 0
632 2 0 0 2 0
633 2 0 0 2 0
634 2 0 0 2 0
635 2 0 0 2 0
636 2 0 0 2 0
637 2 0 0 2 0
638 2 0 0 2 0
639 2 0 0 2 0
640 2 0 3 0 0
641 2 0 3 0 0
642 2 0 3 0 0
643 2 0 3 0 0
644 2 0 3 0 0
645 2 0 3 0 0
646 2 0 3 0 0
647 2 0 3 0 0
648 2 0 3 0 0
649 2 0 3 0 0
650 2 0 3 0 0
651 2 0 3 0 0
652 2 0 3 0 0
653 2 0 3 0 0
654 2 0 3 0 0
655 2 0 2 0 0
656 2 0 2 0 0
657 2 0 2 0 0
658 2 0 2 0 0
659 2 0 2 0 0
660 2 0 2 0 0
661 2 0 2 0 0
662 2 0 2 0 0
663 2 0 2 0 0
664 2 0 2 0 0
665 2 0 2 0 0
666 2 0 2 0 0
667 2 0 2 0 0
668 2 0 2 0 0
669 2 0 2 0 0
670 2 0 2 0 0
671 2 0 2 0 0
672 2 0 2 0 0
673 2 0 2 0 0
674 2 0 2 0 0
675 2 0 2 0 0
676 2 0 2 0 0
677 2 0 2 0 0
678 2 0 2 0 0
679 2 0 2 0 0
680 2 0 2 0 0
681 2 0 2 0 0
682 2 0 2 0 0
683 2 0 2 0 0
684 2 0 2 0 0
685 2 0 2 0 0
686 2 0 2 0 0
687 3 0 2 0 0
688 3 0 2 0 0
689 3 0 2 0 0
690 2 0 2 0 0
691 2 0 2 0 0
692 2 0 2 0 0
693 2 0 2 0 0
694 2 0 2 0 0
695 2 0 2 0 0
696 2 0 2 0 0
697 2 0 2 0 0
698 2 0 2 0 0
699 2 0 2 0 0
700 2 0 2 0 0
701 2 0 2 0 0
702 2 0 2 0 0
703 2 0 2 0 0
704 2 0 2 0 0
705 0 3 2 0 0
706 0 3 2 0 0
707 0 3 2 0 0
708 0 3 2 0 0
709 0 3 2 0 0
710 0 3 2 0 0
711 0 3 2 0 0
712 0 3 2 0 0
713 0 3 2 0 0
714 0 3 2 0 0
715 0 3 2 0 0
716 0 3 2 0 0
717 0 3 2 0 0
718 0 3 2 0 0
719 0 3 2 0 0
720 0 3 2 0 0
721 0 3 2 0 0
722 0 3 2 0 0
723 0 3 2 0 0
724 0 3 2 0 0
725 0 3 2 0 0
726 0 3 2 0 0
727 0 3 2 0 0
728 0 3 2 0 0
729 0 3 2 0 0
730 0 3 2 0 0
731 0 3 2 0 0
732 0 3 2 0 0
733 0 3 2 0 0
734 0 3 2 0 0
735 0 0 2 0 1
736 0 0 2 0 1
737 0 0 2 0 1
738 0 0 2 0 1
739 0 0 2 0 1
740 0 0 2 0 1
741 0 0 2 0 1
742 3 0 2 0 1
743 3 0 2 0 1
744 3 0 2 0 1
745 3 0 2 0 1
746 3 0 2 0 1
747 3 0 2 0 1
748 3 0 2 0 1
749 3 0 2 0 1
750 3 0 2 0 1
751 3 0 2 0 1
752 3 0 2 0 1
753 3 0 2 0 1
754 3 0 2 0 1
755 3 0 2 0 1
756 3 0 2 0 1
757 3 0 2 0 1
758 3 0 2 0 1
759 3 0 2 0 1
760 3 0 2 0 1
761 3 0 2 0 1
762 3 0 2 0 1
763 3 0 2 0 1
764 3 0 2 0 1
765 3 0 2 0 1
766 3 0 2 0 1
767 3 0 2 0 1
768 3 0 2 0 1
769 3 0 2 0 1
770 3 0 2 0 1
771 3 0 2 0 1
772 3 0 2 0 1
773 3 0 2 0 1
774 3 0 2 0 1
775 3 0 2 0 1
776 3 0 2 0 1
777 3 0 2 0 1
778 3 0 2 0 1
779 3 0 2 0 1
780 3 0 2 0 1
781 3 0 2 0 1
782 3 0 2 0 1
783 3 0 2 0 1
784 3 0 2 0 1
785 3 0 2 0 1
786 3 0 2 0 1
787 3 0 2 0 1
788 3 0 2 0 1
789 3 0 2 0 1
790 3 0 2 0 1
791 3 0 2 0 1
792 3 0 2 0 1
793 3 0 2 0 1
794 3 0 2 0 1
795 3 0 2 0 1
796 3 0 2 0 1
797 3 0 2 0 1
798 3 0 2 0 1
799 3 0 2 0 1
800 3 0 2 0 1
801 3 0 2 0 1
802 3 0 2 0 1
803 3 0 2 0 1
804 3 0 2 0 1
805 3 0 2 0 1
806 3 0 2 0 1
807 3 0 2 0 1
808 3 0 2 0 1
809 3 0 2 0 1
810 3 0 2 0 1
811 3 0 2 0 1
812 3 0 2 0 1
813 3 0 2 0 1
814 3 0 2 0 1
815 3 0 2 0 1
816 3 0 2 0 1
817 3 0 2 0 1
818 3 0 2 0 1
819 3 0 2 0 1
820 3 0 2 0 1
821 3 0 2 0 1
822 3 0 2 0 1
823 3 0 2 0 1
824 3 0 2 0 1
825 3 0 2 0 1
826 3 0 2 0 1
827 3 0 2 0 1
828 3 0 2 0 1
829 3 0 2 0 1
830 3 0 2 0 1
831 3 0 2 0 1
832 3 0 2 0 1
833 3 0 2 0 1
834 3 0 2 0 1
835 3 0 2 0 2
836 3 0 2 0 2
837 3 0 2 0 2
838 3 0 2 0 2
839 3 0 2 0 2
840 3 0 2 0 2
841 3 0 2 0 2
842 3 0 2 0 2
843 3 0 2 0 2
844 3 0 2 0 2
845 3 0 2 0 2
846 3 0 2 0 2
847 3 0 2 0 2
848 3 0 2 0 2
849 3 0 2 0 2
850 3 0 2 0 2
851 3 0 2 0 2
852 3 0 2 0 2
853 3 0 2 0 2
854 3 0 2 0 2
855 3 0 2 0 2
856 3 0 2 0 2
857 3 0 2 0 2
858 3 0 2 0 2
859 3 0 2 0 2
860 3 0 2 0 2
861 3 0 2 0 2
862 3 0 2 0 2
863 3 0 2 0 2
864 3 0 2 0 2
865 0 0 2 0 2
866 0 0 2 0 2
867 0 0 2 0 2
868 0 0 2 0 2
869 0 0 2 0 2
870 0 0 2 0 2
871 0 0 2 0 2
872 0 0 2 0 2
873 0 0 2 0 2
874 0 0 2 0 2
875 0 0 2 0 2
876 0 0 2 0 2
877 0 0 2 0 2
878 0 0 2 0 2
879 0 0 2 0 2
880 3 0 2 0 2
881 3 0 2 0 2
882 3 0 2 0 2
883 3 0 2 0 2
884 3 0 2 0 2
885 3 0 2 0 2
886 3 0 2 0 2
887 3 0 2 0 2
888 3 0 2 0 2
889 3 0 2 0 2
890 3 0 2 0 2
891 3 0 2 0 2
892 3 0 2 0 2
893 3 0 2 0 2
894 3 0 2 0 2
895 3 0 2 0 2
896 3 0 2 0 2
897 3 0 2 0 2
898 3 0 2 0 2
899 3 0 2 0 2
900 3 0 2 0 2
901 3 0 2 0 2
902 3 0 2 0 2
903 3 0 2 0 2
904 3 0 2 0 2
905 3 0 2 0 2
906 3 0 2 0 2
907 3 0 2 0 2
908 3 0 2 0 2
909 3 0 2 0 2
910 3 0 2 0 2
911 3 0 2 0 2
912 3 0 2 0 2
913 3 0 2 0 2
914 3 0 2 0 2
915 3 0 2 0 2
916 3 0 2 0 2
917 3 0 2 0 2
918 3 0 2 0 2
919 3 0 2 0 2
920 3 0 2 0 2
921 3 0 2 0 2
922 3 0 2 0 2
923 3 0 2 0 2
924 3 0 2 0 2
925 2 0 2 0 2
926 2 0 2 0 2
927 2 0 2 0 2
928 2 0 2 0 2
929 2 0 2 0 2
930 2 0 2 0 2
931 2 0 2 0 2
932 2 0 2 0 2
933 2 0 2 0 2
934 2 0 2 0 2
935 2 0 2 0 2
936 2 0 2 0 2
937 2 0 2 0 2
938 2 0 2 0 2
939 2 0 2 0 2
940 2 0 2 0 2
941 2 0 2 0 2
942 2 0 2 0 2
943 2 0 2 0 2
944 2 0 2 0 2
945 2 0 2 0 2
946 2 0 2 0 2
947 2 0 2 0 2
948 2 0 2 0 2
949 2 0 2 0 2
950 2 0 2 0 2
951 2 0 2 0 2
952 2 0 2 0 2
953 2 0 2 0 2
954 2 0 2 0 2
955 2 0 2 0 2
956 2 0 2 0 2
957 2 0 2 0 2
958 2 0 2 0 2
959 2 0 2 0 2
960 2 0 2 0 2
961 2 0 2 0 2
962 2 0 2 0 2
963 2 0 2 0 2
964 2 0 2 0 2
965 2 0 2 0 2
966 3 0 2 0 2
967 3 0 2 0 2
968 3 0 2 0 2
969 3 0 2 0 2
970 3 0 2 0 2
971 3 0 2 0 2
972 3 0 2 0 2
973 3 0 2 0 2
974 3 0 2 0 2
975 3 0 2 0 2
976 3 0 2 0 2
977 3 0 2 0 2
978 3 0 2 0 2
979 3 0 2 0 2
980 3 0 2 0 2
981 3 0 2 0 2
982 3 0 2 0 2
983 3 0 2 0 2
984 3 0 2 0 2
985 3 0 2 0 2
986 3 0 2 0 2
987 3 0 2 0 2
988 3 0 2 0 2
989 3 0 2 0 2
990 3 0 2 0 2
991 3 0 2 0 2
992 3 0 2 0 2
993 3 0 2 0 2
994 3 0 2 0 2
995 3 0 2 0 2
996 3 0 2 0 2
997 3 0 2 0 2
998 3 0 2 0 2
999 2 0 0 0 2
1000 2 0 0 0 2
1001 2 0 0 0 2
1002 2 0 0 0 2
1003 2 0 0 0 2
1004 2 0 0 0 2
1005 2 0 0 0 2
1006 2 0 0 0 2
1007 2 0 0 0 2
1008 2 0 0 0 2
1009 2 0 0 0 2
1010 2 0 0 0 2
1011 2 0 0 0 2
1012 2 0 0 0 2
1013 2 0 0 0 2
1014 2 0 2 0 2
1015 2 0 2 0 2
1016 2 0 2 0 2
1017 2 0 2 0 2
1018 2 0 2 0 2
1019 2 0 2 0 2
1020 2 0 2 0 2
1021 2 0 2 0 2
1022 2 0 2 0 2
1023 2 0 2 0 2
1024 2 0 2 0 2
1025 2 0 2 0 2
1026 2 0 2 0 2
1027 2 0 2 0 2
1028 2 0 2 0 2
1029 2 0 2 0 2
1030 2 0 2 0 2
1031 2 0 2 0 2
1032 2 0 2 0 2
1033 2 0 2 0 2
1034 2 0 2 0 2
1035 2 0 2 0 2
1036 2 0 2 0 2
1037 2 0 2 0 2
1038 2 0 2 0 2
1039 2 0 2 0 2
1040 2 0 2 0 2
1041 2 0 2 0 2
1042 2 0 2 0 2
1043 2 0 2 0 2
1044 2 0 2 0 2
1045 2 0 2 0 2
1046 2 0 2 0 2
1047 2 0 2 0 2
1048 2 0 2 0 2
1049 2 0 2 0 2
1050 2 0 2 0 2
1051 2 0 2 0 2
1052 2 0 2 0 2
1053 2 0 2 0 2
1054 2 0 2 0 2
1055 2 0 2 0 2
1056 2 0 2 0 2
1057 2 0 2 0 2
1058 2 0 2 0 2
1059 2 0 0 0 2
1060 2 0 0 0 2
1061 2 0 0 0 2
1062 2 0 0 0 2
1063 2 0 0 0 2
1064 2 0 0 0 2
1065 2 0 0 0 2
1066 2 0 0 0 2
1067 2 0 0 0 2
1068 2 0 0 0 2
1069 2 0 0 0 2
1070 2 0 0 0 2
1071 2 0 0 0 2
1072 2 0 0 0 2
1073 2 0 0 0 2
1074 2 0 0 0 2
1075 2 0 0 0 2
1076 2 0 0 0 2
1077 2 0 0 0 2
1078 2 0 0 0 2
1079 2 0 0 0 2
1080 2 0 0 0 2
1081 2 0 0 0 2
1082 2 0 0 0 2
1083 2 0 0 0 2
1084 2 0 0 0 2
1085 2 0 0 0 2
1086 2 0 0 0 2
1087 2 0 0 0 2
1088 2 0 0 0 2
1089 2 0 0 0 2
1090 2 0 0 0 2
1091 2 0 0 0 2
1092 0 0 0 0 2
1093 0 0 0 0 2
1094 0 0 0 0 2
1095 2 0 0 0 2
1096 2 0 0 0 2
1097 2 0 0 0 2
1098 2 0 0 0 2
1099 2 0 0 0 2
1100 2 0 0 0 2
1101 2 0 0 0 2
1102 2 0 0 0 2
1103 2 0 0 0 2
1104 2 0 0 0 2
1105 2 0 0 0 2
1106 2 0 0 0 2
1107 2 0 0 0 2
1108 2 0 0 0 2
1109 2 0 0 0 2
1110 2 0 0 0 2
1111 2 0 0 0 2
1112 2 0 0 0 2
1113 2 0 0 0 2
1114 2 0 0 0 2
1115 2 0 0 0 2
1116 2 0 0 0 2
1117 2 0 0 0 2
1118 2 0 0 0 2
1119 2 0 0 0 2
1120 2 0 0 0 2
1121 2 0 0 0 2
1122 2 0 0 0 2
1123 2 0 0 0 2
1124 2 0 0 0 2
1125 2 0 0 0 2
1126 2 0 0 0 2
1127 2 0 0 0 2
1128 2 0 0 0 2
1129 2 0 0 0 2
1130 2 0 0 0 2
1131 2 0 0 0 2
1132 2 0 0 0 2
1133 2 0 0 0 2
1134 2 0 0 0 2
1135 2 0 0 0 2
1136 2 0 0 0 2
1137 2 0 0 0 2
1138 2 0 0 0 2
1139 2 0 0 0 2
1140 2 0 3 0 2
1141 2 0 3 0 2
1142 2 0 3 0 2
1143 2 0 3 0 2
1144 2 0 3 0 2
1145 2 0 3 0 2
1146 2 0 3 0 2
1147 2 0 3 0 2
1148 2 0 3 0 2
1149 2 0 3 0 2
1150 2 0 3 0 2
1151 2 0 3 0 2
1152 2 0 3 0 2
1153 2 0 3 0 2
1154 2 0 3 0 2
1155 2 0 3 0 2
1156 2 0 3 0 2
1157 2 0 3 0 2
1158 2 0 3 0 2
1159 2 0 3 0 2
1160 2 0 3 0 2
1161 2 0 3 0 2
1162 2 0 3 0 2
1163 2 0 3 0 2
1164 2 0 3 0 2
1165 2 0 3 0 2
1166 2 0 3 0 2
1167 2 0 3 0 2
1168 2 0 3 0 2
1169 2 0 3 0 2
1170 0 0 2 0 2
1171 0 0 2 0 2
1172 0 0 2 0 2
1173 0 0 2 0 2
1174 0 0 2 0 2
1175 0 0 2 0 2
1176 0 0 2 0 2
1177 0 0 2 0 2
1178 0 0 2 0 2
1179 0 0 2 0 2
1180 0 0 2 0 2
1181 0 0 2 0 2
1182 0 0 2 0 2
1183 0 0 2 0 2
1184 0 0 2 0 2
1185 0 0 2 0 2
1186 0 0 2 0 2
1187 0 0 2 0 2
1188 0 0 2 0 2
1189 0 0 2 0 2
1190 0 0 2 0 2
1191 0 0 2 0 2
1192 0 0 2 0 2
1193 0 0 2 0 2
1194 0 0 2 0 2
1195 0 0 2 0 2
1196 0 0 2 0 2
1197 0 0 2 0 2
1198 0 0 2 0 2
1199 0 0 2 0 2
1200 2 0 2 0 2
1201 2 0 2 0 2
1202 2 0 2 0 2
1203 2 0 2 0 2
1204 2 0 2 0 2
1205 2 0 2 0 2
1206 2 0 2 0 2
1207 2 0 2 0 2
1208 2 0 2 0 2
1209 2 0 2 0 2
1210 2 0 2 0 2
1211 2 0 2 0 2
1212 2 0 2 0 2
1213 2 0 2 0 2
1214 2 0 2 0 2
1215 2 0 2 0 2
1216 2 0 2 0 2
1217 2 0 2 0 2
1218 2 0 2 0 2
1219 2 0 2 0 2
1220 2 0 2 0 2
1221 2 0 2 0 2
1222 2 0 2 0 2
1223 2 0 2 0 2
1224 2 0 2 0 2
1225 2 0 2 0 2
1226 2 0 2 0 2
1227 2 0 2 0 2
1228 2 0 2 0 2
1229 2 0 2 0 2
1230 2 0 2 0 2
1231 2 0 2 0 2
1232 2 0 2 0 2
1233 2 0 2 0 2
1234 2 0 2 0 2
1235 2 0 2 0 2
1236 2 0 2 0 2
1237 2 0 2 0 2
1238 2 0 2 0 2
1239 2 0 2 0 2
1240 2 0 2 0 2
1241 2 0 2 0 2
1242 2 0 2 0 2
1243 2 0 2 0 2
1244 2 0 2 0 2
1245 2 0 2 0 2
1246 2 0 2 0 2
1247 2 0 2 0 2
1248 2 0 2 0 2
1249 2 0 2 0 2
1250 2 0 2 0 2
1251 2 0 2 0 2
1252 2 0 2 0 2
1253 2 0 2 0 2
1254 2 0 2 0 2
1255 2 0 2 0 2
1256 2 0 2 0 2
1257 2 0 2 0 2
1258 2 0 2 0 2
1259 2 0 2 0 2
1260 2 0 2 0 2
1261 2 0 2 0 2
1262 2 0 2 0 2
1263 2 0 2 0 2
1264 2 0 2 0 2
1265 2 0 2 0 2
1266 2 0 2 0 2
1267 2 0 2 0 2
1268 2 0 2 0 2
1269 2 0 2 0 2
1270 2 0 2 0 2
1271 2 0 2 0 2
1272 2 0 2 0 2
1273 2 0 2 0 2
1274 2 0 2 0 2
1275 2 0 2 0 2
1276 2 0 2 0 2
1277 2 0 2 0 2
1278 2 0 2 0 2
1279 2 0 2 0 2
1280 2 0 2 0 2
1281 2 0 2 0 2
1282 2 0 2 0 2
1283 0 0 2 0 2
1284 0 0 2 0 2
1285 0 0 2 0 2
1286 0 0 2 0 2
1287 0 0 2 0 2
1288 0 0 2 0 2
1289 0 0 2 0 2
1290 0 0 2 0 2
1291 0 0 2 0 2
1292 0 0 2 0 2
1293 0 0 2 0 2
1294 0 0 2 0 2
1295 0 0 2 0 2
1296 0 0 2 0 2
1297 0 0 2 0 2
1298 0 0 2 0 2
1299 0 0 2 0 2
1300 0 0 2 0 2
1301 0 0 2 0 2
1302 0 0 2 0 2
1303 0 0 2 0 2
1304 0 0 2 0 2
1305 0 0 2 0 2
1306 0 0 2 0 2
1307 0 0 2 0 2
1308 0 0 2 0 2
1309 0 0 2 0 2
1310 0 0 2 0 2
1311 0 0 2 0 2
1312 0 0 2 0 2
1313 0 0 2 0 2
1314 0 0 2 0 2
1315 0 0 2 0 2
1316 0 0 2 0 2
1317 0 0 2 0 2
1318 0 0 2 0 2
1319 0 0 2 0 2
1320 0 0 2 0 2
1321 0 0 2 0 2
1322 0 0 2 0 2
1323 0 0 2 0 2
1324 0 0 2 0 2
1325 0 0 2 0 2
1326 0 0 2 0 2
1327 0 0 2 0 2
1328 0 0 2 0 2
1329 0 0 2 0 2
1330 0 0 2 0 2
1331 0 0 2 0 2
1332 0 0 2 0 2
1333 0 0 2 0 2
1334 0 0 2 0 2
1335 0 0 2 0 2
1336 0 0 2 0 2
1337 0 0 2 0 2
1338 0 0 2 0 2
1339 0 0 2 0 2
1340 0 0 2 0 2
1341 0 0 2 0 2
1342 0 0 2 0 2
1343 0 0 2 0 2
1344 0 0 2 0 2
1345 0 0 2 0 2
1346 0 0 2 0 2
1347 0 0 2 0 2
1348 0 0 2 0 2
1349 0 0 2 0 2
1350 0 0 2 0 2
1351 0 0 2 0 2
1352 0 0 2 0 2
1353 0 0 2 0 2
1354 0 0 2 0 2
1355 0 0 2 0 2
1356 0 0 2 0 2
1357 0 0 2 0 2
1358 0 0 2 0 2
1359 0 0 2 0 2
1360 0 0 2 0 2
1361 0 0 2 0 2
1362 0 0 2 0 2
1363 0 0 2 0 2
1364 0 0 2 0 2
1365 0 0 2 0 2
1366 0 0 2 0 2
1367 0 0 2 0 2
1368 0 0 2 0 2
1369 0 0 2 0 2
1370 0 0 2 0 2
1371 0 0 2 0 2
1372 0 0 2 0 2
1373 0 0 2 0 2
1374 0 0 2 0 2
1375 0 0 2 0 2
1376 0 0 2 0 2
1377 0 0 2 0 2
1378 0 0 2 0 2
1379 0 0 2 0 2
1380 0 0 2 0 2
1381 0 0 2 0 2
1382 0 0 2 0 2
1383 0 0 2 0 2
1384 0 0 2 0 2
1385 0 0 2 0 2
1386 0 0 2 0 2
1387 0 0 2 0 2
1388 0 0 2 0 2
1389 0 0 2 0 2
1390 0 0 2 0 2
1391 0 0 2 0 2
1392 0 0 2 0 2
1393 0 0 2 0 2
1394 0 0 2 0 2
1395 0 0 2 0 2
1396 0 0 2 0 2
1397 0 0 2 0 2
1398 0 0 2 0 2
1399 0 0 2 0 2
1400 0 0 2 0 2
1401 0 0 2 0 2
1402 0 0 2 0 2
1403 0 0 2 0 2
1404 0 0 2 0 2
1405 0 0 2 0 2
1406 0 0 2 0 2
1407 0 0 2 0 2
1408 0 0 2 0 2
1409 0 0 2 0 2
1410 0 0 2 0 2
1411 0 0 2 0 2
1412 0 0 2 0 2
1413 0 0 2 0 2
1414 0 0 2 0 2
1415 0 0 2 0 2
1416 0 0 2 0 2
1417 0 0 2 0 2
1418 0 0 2 0 2
1419 0 0 2 0 2
1420 0 0 2 0 2
1421 0 0 2 0 2
1422 0 0 2 0 2
1423 0 0 2 0 2
1424 0 0 2 0 2
1425 0 0 2 0 2
1426 0 0 2 0 2
1427 0 0 2 0 2
1428 0 0 2 0 2
1429 0 0 2 0 2
1430 0 0 2 0 2
1431 0 0 2 0 2
1432 0 0 2 0 2
1433 0 0 2 0 2
1434 0 0 2 0 2
1435 0 0 2 0 2
1436 0 0 2 0 2
1437 0 0 2 0 2
1438 0 0 2 0 2
1439 0 0 2 0 2
1440 0 0 2 0 2
1441 0 0 2 0 2
1442 0 0 2 0 2
1443 0 0 2 0 2
1444 0 0 2 0 2
1445 0 0 2 0 2
1446 0 0 2 0 2
1447 0 0 2 0 2
1448 0 0 2 0 2
1449 0 0 2 0 2
1450 0 0 2 0 2
1451 0 0 2 0 2
1452 0 0 2 0 2
1453 0 3 2 0 2
1454 0 3 2 0 2
1455 0 3 2 0 2
1456 0 3 2 0 2
1457 0 3 2 0 2
1458 0 3 2 0 2
1459 0 3 2 0 2
1460 0 3 2 0 2
1461 0 3 2 0 2
1462 0 3 2 0 2
1463 0 3 2 0 2
1464 0 3 2 0 2
1465 0 3 2 0 2
1466 0 3 2 0 2
1467 0 3 2 0 2
1468 0 2 2 0 2
1469 0 2 2 0 2
1470 0 2 2 0 2
1471 0 2 2 0 2
1472 0 2 2 0 2
1473 0 2 2 0 2
1474 0 2 2 0 2
1475 0 2 2 0 2
1476 0 2 2 0 2
1477 0 2 2 0 2
1478 0 2 2 0 2
1479 0 2 2 0 2
1480 0 2 2 0 2
1481 0 2 2 0 2
1482 0 2 2 0 2
1483 0 2 2 0 2
1484 0 2 2 0 2
1485 0 2 2 0 2
1486 0 2 2 0 2
1487 0 2 2 0 2
1488 0 2 2 0 2
1489 0 2 2 0 2
1490 0 2 2 0 2
1491 0 2 2 0 2
1492 0 2 2 0 2
1493 0 2 2 0 2
1494 0 2 2 0 2
1495 0 2 2 0 2
1496 0 2 2 0 2
1497 0 2 2 0 2
1498 2 0 2 0 2
1499 2 0 2 0 2
1500 2 0 2 0 2
1501 2 0 2 0 2
1502 2 0 2 0 2
1503 2 0 2 0 2
1504 2 0 2 0 2
1505 2 0 2 0 2
1506 2 0 2 0 2
1507 2 0 2 0 2
1508 2 0 2 0 2
1509 2 0 2 0 2
1510 2 0 2 0 2
1511 2 0 2 0 2
1512 2 0 2 0 2
1513 2 0 2 0 2
1514 2 0 2 0 2
1515 2 0 2 0 2
1516 2 0 2 0 2
1517 2 0 2 0 2
1518 2 0 2 0 2
1519 2 0 2 0 2
1520 2 0 2 0 2
1521 2 0 2 0 2
1522 2 0 2 0 2
1523 2 0 2 0 2
1524 2 0 2 0 2
1525 2 0 2 0 2
1526 2 0 2 0 2
1527 2 0 2 0 2
1528 2 0 2 0 2
1529 2 0 2 0 2
1530 2 0 2 0 2
1531 2 0 2 0 2
1532 2 0 2 0 2
1533 2 0 2 0 2
1534 2 0 2 0 2
1535 2 0 2 0 2
1536 2 0 2 0 2
1537 2 0 2 0 2
1538 2 0 3 0 2
1539 2 0 3 0 2
1540 2 0 3 0 2
1541 2 0 3 0 2
1542 2 0 3 0 2
1543 2 0 3 0 2
1544 2 0 3 0 2
1545 2 0 3 0 2
1546 2 0 3 0 2
1547 2 0 3 0 2
1548 2 0 3 0 2
1549 2 0 3 0 2
1550 2 0 3 0 2
1551 2 0 3 0 2
1552 2 0 3 0 2
1553 2 0 3 0 2
1554 2 0 3 0 2
1555 2 0 3 0 2
1556 2 0 3 0 2
1557 2 0 3 0 2
1558 2 0 3 0 2
1559 2 0 3 0 2
1560 2 0 3 0 2
1561 2 0 3 0 2
1562 2 0 3 0 2
1563 2 0 3 0 2
1564 2 0 3 0 2
1565 2 0 3 0 2
1566 2 0 3 0 2
1567 2 0 3 0 2
1568 2 0 0 0 2
1569 2 0 0 0 2
1570 2 0 0 0 2
1571 2 0 0 0 2
1572 2 0 0 0 2
1573 2 0 0 0 2
1574 2 0 0 0 2
1575 2 0 0 0 2
1576 2 0 0 0 2
1577 2 0 0 0 2
1578 2 0 0 0 2
1579 2 0 0 0 2
1580 2 0 0 0 2
1581 2 0 0 0 2
1582 2 0 0 0 2
1583 2 0 0 0 2
1584 2 0 0 0 2
1585 2 0 0 0 2
1586 2 0 0 0 2
1587 2 0 0 0 2
1588 2 0 0 0 2
1589 2 0 0 0 2
1590 2 0 0 0 2
1591 2 0 0 0 2
1592 2 0 0 0 2
1593 2 0 0 0 2
1594 2 0 0 0 2
1595 2 0 0 0 2
1596 2 0 0 0 2
1597 2 0 0 0 2
1598 2 0 0 0 2
1599 2 0 0 0 2
1600 2 0 0 0 2
1601 2 0 0 0 2
1602 2 0 0 0 2
1603 2 0 0 0 2
1604 2 0 0 0 2
1605 2 0 0 0 2
1606 2 0 0 0 2
1607 2 0 0 0 2
1608 2 0 0 0 2
1609 2 0 0 0 2
1610 2 0 0 0 2
1611 2 0 0 0 2
1612 2 0 0 0 2
1613 2 0 0 0 2
1614 2 0 0 0 2
1615 2 0 0 0 2
1616 2 0 0 0 2
1617 2 0 0 0 2
1618 2 0 0 0 2
1619 2 0 0 0 2
1620 2 0 0 0 2
1621 2 0 0 0 2
1622 2 0 0 0 2
1623 2 0 0 0 2
1624 2 0 0 0 2
1625 2 0 0 0 2
1626 2 0 0 0 2
1627 2 0 0 0 2
1628 0 0 0 0 2
1629 0 0 0 0 2
1630 0 0 0 0 2
1631 0 0 0 0 2
1632 0 0 0 0 2
1633 0 0 0 0 2
1634 0 0 0 0 2
1635 0 0 0 0 2
1636 0 0 0 0 2
1637 0 0 0 0 2
1638 0 0 0 0 2
1639 0 0 0 0 2
1640 0 0 0 0 2
1641 0 0 0 0 2
1642 0 0 0 0 2
1643 0 0 0 0 0
1644 0 0 0 0 0
1645 0 0 0 0 0
1646 0 0 0 0 0
1647 0 0 0 0 0
1648 0 0 0 0 0
1649 0 0 0 0 0
1650 0 0 0 0 0
1651 0 0 0 0 0
1652 0 0 0 0 0
1653 0 0 0 0 0
1654 0 0 0 0 0
1655 0 0 0 0 0
1656 0 0 0 0 0
1657 0 0 0 0 0
1658 0 0 0 0 0
1659 0 0 0 0 0
1660 2 0 0 0 0
1661 2 0 0 0 0
1662 2 0 0 0 0
1663 2 0 0 0 0
1664 2 0 0 0 0
1665 2 0 0 0 0
1666 2 0 0 0 0
1667 2 0 0 0 0
1668 2 0 0 0 0
1669 2 0 0 0 0
1670 2 0 0 0 0
1671 2 0 0 0 0
1672 2 0 0 0 0
1673 2 0 0 0 0
1674 2 0 0 0 0
1675 2 0 0 0 0
1676 2 0 0 0 0
1677 2 0 0 0 0
1678 2 0 0 0 0
1679 2 0 0 0 0
1680 2 0 0 0 0
1681 2 0 0 0 0
1682 2 0 0 0 0
1683 2 0 0 0 0
1684 2 0 0 0 0
1685 2 0 0 0 0
1686 2 0 0 0 0
1687 2 0 0 0 0
1688 2 0 0 0 0
1689 2 0 0 0 0
1690 2 0 0 0 0
1691 2 0 0 0 0
1692 2 0 0 0 0
1693 2 0 0 0 1
1694 2 0 0 0 1
1695 2 0 0 0 1
1696 2 0 0 0 1
1697 2 0 0 0 1
1698 2 0 0 0 1
1699 2 0 0 0 1
1700 2 0 0 0 1
1701 2 0 0 0 1
1702 2 0 0 0 1
1703 2 0 0 0 1
1704 2 0 0 0 1
1705 2 0 0 0 1
1706 2 0 0 0 1
1707 2 0 0 0 1
1708 3 0 0 2 1
1709 3 0 0 2 1
1710 3 0 0 2 1
1711 3 0 0 2 1
1712 3 0 0 2 1
1713 3 0 0 2 1
1714 3 0 0 2 1
1715 3 0 0 2 1
1716 3 0 0 2 1
1717 3 0 0 2 1
1718 3 0 0 2 1
1719 3 0 0 2 1
1720 3 0 0 2 1
1721 3 0 0 2 1
1722 3 0 0 2 1
1723 2 0 2 0 1
1724 2 0 2 0 1
1725 2 0 2 0 1
1726 2 0 2 0 1
1727 2 0 2 0 1
1728 2 0 2 0 1
1729 2 0 2 0 1
1730 2 0 2 0 1
1731 2 0 2 0 1
1732 2 0 2 0 1
1733 2 0 2 0 1
1734 2 0 2 0 1
1735 2 0 2 0 1
1736 2 0 2 0 1
1737 2 0 2 0 1
1738 2 0 2 0 1
1739 2 0 2 0 1
1740 2 0 2 0 1
1741 2 0 2 0 1
1742 2 0 2 0 1
1743 2 0 2 0 1
1744 2 0 2 0 1
1745 2 0 2 0 1
1746 2 0 2 0 1
1747 2 0 2 0 1
1748 2 0 2 0 1
1749 2 0 2 0 1
1750 2 0 2 0 1
1751 2 0 2 0 1
1752 2 0 2 0 1
1753 2 0 2 0 1
1754 2 0 2 0 1
1755 2 0 2 0 1
1756 2 0 2 0 1
1757 2 0 2 0 1
1758 2 0 2 0 1
1759 2 0 2 0 1
1760 2 0 2 0 1
1761 2 0 2 0 1
1762 2 0 2 0 1
1763 2 0 2 0 1
1764 2 0 2 0 1
1765 2 0 2 0 1
1766 2 0 2 0 1
1767 2 0 2 0 1
1768 2 0 2 0 1
1769 2 0 2 0 1
1770 2 0 2 0 1
1771 2 0 2 0 1
1772 2 0 2 0 1
1773 2 0 2 0 1
1774 2 0 2 0 1
1775 2 0 2 0 1
1776 2 0 2 0 1
1777 2 0 2 0 1
1778 2 0 2 0 1
1779 2 0 2 0 1
1780 2 0 2 0 1
1781 2 0 2 0 1
1782 2 0 2 0 1
1783 2 0 2 0 1
1784 2 0 2 0 1
1785 2 0 2 0 1
1786 2 0 2 0 1
1787 2 0 2 0 1
1788 2 0 2 0 1
1789 2 0 2 0 1
1790 2 0 2 0 1
1791 2 0 2 0 1
1792 2 0 2 0 1
1793 0 3 2 0 1
1794 0 3 2 0 1
1795 0 3 2 0 1
1796 0 3 2 0 1
1797 0 3 2 0 1
1798 0 3 2 0 1
1799 0 3 2 0 1
1800 0 3 2 0 1
1801 0 3 2 0 1
1802 0 3 2 0 1
1803 0 3 2 0 1
1804 0 3 2 0 1
1805 0 3 2 0 1
1806 0 3 2 0 1
1807 0 3 2 0 1
1808 2 0 2 0 1
1809 2 0 2 0 1
1810 2 0 2 0 1
1811 2 0 2 0 1
1812 2 0 2 0 1
1813 2 0 2 0 1
1814 2 0 2 0 1
1815 2 0 2 0 1
1816 2 0 2 0 1
1817 2 0 2 0 1
1818 2 0 2 0 1
1819 2 0 2 0 1
1820 2 0 2 0 1
1821 2 0 2 0 1
1822 2 0 2 0 1
1823 0 0 2 0 1
1824 0 0 2 0 1
1825 0 0 2 0 1
1826 0 0 2 0 1
1827 0 0 2 0 1
1828 0 0 2 0 1
1829 0 0 2 0 1
1830 0 0 2 0 1
1831 0 0 2 0 1
1832 0 0 2 0 1
1833 0 0 2 0 1
1834 0 0 2 0 1
1835 0 0 2 0 1
1836 0 0 2 0 1
1837 0 0 2 0 1
1838 0 0 2 0 1
1839 0 0 2 0 1
1840 0 0 2 0 1
1841 0 0 2 0 1
1842 0 0 2 0 1
1843 0 0 2 0 1
1844 0 0 2 0 1
1845 0 0 2 0 1
1846 0 0 2 0 1
1847 0 0 2 0 1
1848 0 0 2 0 1
1849 0 0 2 0 1
1850 0 0 2 0 1
1851 0 0 2 0 1
1852 0 0 2 0 1
1853 0 0 2 0 1
1854 0 0 2 0 1
1855 0 0 2 0 1
1856 0 0 2 0 1
1857 0 0 2 0 1
1858 0 0 2 0 1
1859 0 0 2 0 1
1860 0 0 2 0 1
1861 0 0 2 0 1
1862 0 0 2 0 1
1863 0 0 2 0 1
1864 0 0 2 0 1
1865 0 0 2 0 1
1866 0 0 2 0 1
1867 0 0 2 0 1
1868 0 0 2 0 1
1869 0 0 2 0 1
1870 0 0 2 0 1
1871 0 0 2 0 1
1872 0 0 2 0 1
1873 0 0 2 0 1
1874 0 0 2 0 1
1875 0 0 2 0 1
1876 0 0 2 0 1
1877 0 0 2 0 1
1878 0 0 2 0 1
1879 0 0 2 0 1
1880 0 0 2 0 1
1881 0 0 2 0 1
1882 0 0 2 0 1
1883 0 0 2 0 1
1884 0 0 2 0 1
1885 0 0 2 0 1
1886 0 0 2 0 1
1887 0 0 2 0 1
1888 0 0 2 0 1
1889 0 0 2 0 1
1890 0 0 2 0 1
1891 0 0 2 0 1
1892 0 0 2 0 1
1893 0 0 2 0 1
1894 0 0 2 0 1
1895 0 0 2 0 1
1896 0 0 2 0 1
1897 0 0 2 0 1
1898 0 0 2 0 1
1899 0 0 2 0 1
1900 0 0 2 0 1
1901 0 0 2 0 1
1902 0 0 2 0 1
1903 0 0 2 0 1
1904 0 0 2 0 1
1905 0 0 2 0 1
1906 0 0 2 0 1
1907 0 0 2 0 1
1908 0 0 2 0 1
1909 0 0 2 0 1
1910 0 0 2 0 1
1911 0 0 2 0 1
1912 0 0 2 0 1
1913 0 0 2 0 1
1914 0 0 2 0 1
1915 0 0 2 0 1
1916 0 0 2 0 1
1917 0 0 2 0 1
1918 0 0 2 0 1
1919 0 0 2 0 1
1920 0 0 2 0 1
1921 0 0 2 0 1
1922 0 0 2 0 1
1923 0 0 2 0 1
1924 0 0 2 0 1
1925 0 0 2 0 1
1926 0 0 2 0 1
1927 0 0 2 0 1
1928 0 0 2 0 1
1929 0 0 2 0 1
1930 0 0 2 0 1
1931 0 0 2 0 1
1932 0 0 2 0 1
1933 0 0 2 0 1
1934 0 0 2 0 1
1935 0 0 2 0 1
1936 0 0 2 0 1
1937 0 0 2 0 1
1938 0 0 2 0 1
1939 0 0 2 0 1
1940 0 0 2 0 1
1941 0 0 2 0 2
1942 0 0 2 0 2
1943 0 0 2 0 2
1944 0 0 2 0 2
1945 0 0 2 0 2
1946 0 0 2 0 2
1947 0 0 2 0 2
1948 0 0 2 0 2
1949 0 0 2 0 2
1950 0 0 2 0 2
1951 0 0 2 0 2
1952 0 0 2 0 2
1953 0 0 2 0 2
1954 0 0 2 0 2
1955 0 0 2 0 2
1956 0 0 2 0 2
1957 0 0 2 0 2
1958 0 0 2 0 2
1959 0 0 2 0 2
1960 0 0 2 0 2
1961 0 0 2 0 2
1962 0 0 2 0 2
1963 0 0 2 0 2
1964 0 0 2 0 2
1965 0 0 2 0 2
1966 0 0 2 0 2
1967 0 0 2 0 2
1968 0 0 2 0 2
1969 0 0 2 0 2
1970 0 0 2 0 2
1971 0 0 2 0 2
1972 0 0 2 0 2
1973 0 0 2 0 2
1974 0 0 2 0 2
1975 0 0 2 0 2
1976 0 0 2 0 2
1977 0 0 2 0 2
1978 0 0 2 0 2
1979 0 0 2 0 2
1980 0 0 2 0 2
1981 0 0 2 0 2
1982 0 0 2 0 2
1983 0 0 2 0 2
1984 0 0 2 0 2
1985 0 0 2 0 2
1986 0 0 2 0 2
1987 0 0 2 0 2
1988 0 0 2 0 2
1989 0 0 2 0 2
1990 0 0 2 0 2
1991 0 0 2 0 2
1992 0 0 2 0 2
1993 0 0 2 0 2
1994 0 0 2 0 2
1995 0 0 2 0 2
1996 0 0 2 0 2
1997 0 0 2 0 2
1998 0 0 2 0 2
1999 0 0 2 0 2
2000 0 0 2 0 2
2001 0 0 2 0 2
2002 0 0 2 0 2
2003 0 0 2 0 2
2004 0 0 2 0 2
2005 0 0 2 0 2
2006 0 0 2 0 2
2007 0 0 2 0 2
2008 0 0 2 0 2
2009 0 0 2 0 2
2010 0 0 2 0 2
2011 0 0 2 0 2
2012 0 0 2 0 2
2013 0 0 2 0 2
2014 0 0 2 0 2
2015 0 0 2 0 2
2016 2 0 2 0 2
2017 2 0 2 0 2
2018 2 0 2 0 2
2019 2 0 2 0 2
2020 2 0 2 0 2
2021 2 0 2 0 2
2022 2 0 2 0 2
2023 2 0 2 0 2
2024 2 0 2 0 2
2025 2 0 2 0 2
2026 2 0 2 0 2
2027 2 0 2 0 2
2028 2 0 2 0 2
2029 2 0 2 0 2
2030 2 0 2 0 2
2031 0 2 2 0 2
2032 0 2 2 0 2
2033 0 2 2 0 2
2034 0 2 2 0 2
2035 0 2 2 0 2
2036 0 2 2 0 2
2037 0 2 2 0 2
2038 0 2 2 0 2
2039 0 2 2 0 2
2040 0 2 2 0 2
2041 0 2 2 0 2
2042 0 2 2 0 2
2043 0 2 2 0 2
2044 0 2 2 0 2
2045 0 2 2 0 2
2046 2 0 2 0 2
2047 2 0 2 0 2
2048 2 0 2 0 2
2049 2 0 2 0 2
2050 2 0 2 0 2
2051 2 0 2 0 2
2052 2 0 2 0 2
2053 2 0 2 0 2
2054 2 0 2 0 2
2055 2 0 2 0 2
2056 2 0 2 0 2
2057 2 0 2 0 2
2058 2 0 2 0 2
2059 2 0 2 0 2
2060 2 0 2 0 2
2061 2 0 2 0 2
2062 2 0 2 0 2
2063 2 0 2 0 2
2064 2 0 2 0 2
2065 2 0 2 0 2
2066 2 0 2 0 2
2067 2 0 2 0 2
2068 2 0 2 0 2
2069 2 0 2 0 2
2070 2 0 2 0 2
2071 2 0 2 0 2
2072 2 0 2 0 2
2073 2 0 2 0 2
2074 2 0 2 0 2
2075 2 0 2 0 2
2076 2 0 2 0 2
2077 2 0 2 0 2
2078 2 0 2 0 2
2079 2 0 2 0 2
2080 2 0 2 0 2
2081 2 0 2 0 2
2082 2 0 2 0 2
2083 2 0 2 0 2
2084 2 0 2 0 2
2085 2 0 2 0 2
2086 2 0 3 0 2
2087 2 0 3 0 2
2088 2 0 3 0 2
2089 2 0 3 0 2
2090 2 0 3 0 2
2091 2 0 3 0 2
2092 2 0 3 0 2
2093 2 0 3 0 2
2094 2 0 3 0 2
2095 2 0 3 0 2
2096 2 0 3 0 2
2097 2 0 3 0 2
2098 2 0 3 0 2
2099 2 0 3 0 2
2100 2 0 3 0 2
2101 2 0 0 0 2
2102 2 0 0 0 2
2103 2 0 0 0 2
2104 2 0 0 0 2
2105 2 0 0 0 2
2106 2 0 0 0 2
2107 2 0 0 0 2
2108 2 0 0 0 2
2109 2 0 0 0 2
2110 2 0 0 0 2
2111 2 0 0 0 2
2112 2 0 0 0 2
2113 2 0 0 0 2
2114 2 0 0 0 2
2115 2 0 0 0 2
2116 2 0 0 0 2
2117 2 0 0 0 2
2118 2 0 0 0 2
2119 2 0 0 0 2
2120 2 0 0 0 2
2121 2 0 0 0 2
2122 2 0 0 0 2
2123 2 0 0 0 2
2124 2 0 0 0 2
2125 2 0 0 0 2
2126 2 0 0 0 2
2127 2 0 0 0 2
2128 2 0 0 0 2
2129 2 0 0 0 2
2130 2 0 0 0 2
2131 2 0 0 0 2
2132 2 0 0 0 2
2133 2 0 0 0 2
2134 2 0 0 0 2
2135 2 0 0 0 2
2136 2 0 0 0 2
2137 2 0 0 0 2
2138 2 0 0 0 2
2139 2 0 0 0 2
2140 2 0 0 0 2
2141 2 0 0 0 2
2142 2 0 0 0 2
2143 2 0 0 0 2
2144 2 0 0 0 2
2145 2 0 0 0 2
2146 2 0 3 0 2
2147 2 0 3 0 2
2148 2 0 3 0 2
2149 2 0 3 0 2
2150 2 0 3 0 2
2151 2 0 3 0 2
2152 2 0 3 0 2
2153 2 0 3 0 2
2154 2 0 3 0 2
2155 2 0 3 0 2
2156 2 0 3 0 2
2157 2 0 3 0 2
2158 2 0 3 0 2
2159 2 0 3 0 2
2160 2 0 3 0 2
2161 2 0 2 0 2
2162 2 0 2 0 2
2163 2 0 2 0 2
2164 2 0 2 0 2
2165 2 0 2 0 2
2166 2 0 2 0 2
2167 2 0 2 0 2
2168 2 0 2 0 2
2169 2 0 2 0 2
2170 2 0 2 0 2
2171 2 0 2 0 2
2172 2 0 2 0 2
2173 2 0 2 0 2
2174 2 0 2 0 2
2175 2 0 2 0 2
2176 2 0 2 0 2
2177 2 0 2 0 2
2178 2 0 2 0 2
2179 2 0 2 0 2
2180 2 0 2 0 2
2181 2 0 2 0 2
2182 2 0 2 0 2
2183 2 0 2 0 2
2184 2 0 2 0 2
2185 2 0 2 0 2
2186 2 0 2 0 2
2187 2 0 2 0 2
2188 2 0 2 0 2
2189 2 0 2 0 2
2190 2 0 2 0 2
2191 2 0 2 0 2
2192 2 0 2 0 2
2193 2 0 2 0 2
2194 2 0 2 0 2
2195 2 0 2 0 2
2196 2 0 2 0 2
2197 2 0 2 0 2
2198 2 0 2 0 2
2199 2 0 2 0 2
2200 2 0 2 0 2
2201 2 0 2 0 2
2202 2 0 2 0 2
2203 2 0 2 0 2
2204 2 0 2 0 2
2205 2 0 2 0 2
2206 0 2 2 0 2
2207 0 2 2 0 2
2208 0 2 2 0 2
2209 0 2 2 0 2
2210 0 2 2 0 2
2211 0 2 2 0 2
2212 0 2 2 0 2
2213 0 2 2 0 2
2214 0 2 2 0 2
2215 0 2 2 0 2
2216 0 2 2 0 2
2217 0 2 2 0 2
2218 0 2 2 0 2
2219 0 2 2 0 2
2220 0 2 2 0 2
2221 0 0 2 0 2
2222 0 0 2 0 2
2223 0 0 2 0 2
2224 0 0 2 0 2
2225 0 0 2 0 2
2226 0 0 2 0 2
2227 0 0 2 0 2
2228 0 0 2 0 2
2229 0 0 2 0 2
2230 0 0 2 0 2
2231 0 0 2 0 2
2232 0 0 2 0 2
2233 0 0 2 0 2
2234 0 0 2 0 2
2235 0 0 2 0 2
2236 0 2 2 0 2
2237 0 2 2 0 2
2238 0 2 2 0 2
2239 0 2 2 0 2
2240 0 2 2 0 2
2241 0 2 2 0 2
2242 0 2 2 0 2
2243 0 2 2 0 2
2244 0 2 2 0 2
2245 0 2 2 0 2
2246 0 2 2 0 2
2247 0 2 2 0 2
2248 0 2 2 0 2
2249 0 2 2 0 2
2250 0 2 2 0 2
2251 0 2 2 0 2
2252 0 2 2 0 2
2253 0 2 2 0 2
2254 0 2 2 0 2
2255 0 2 2 0 2
2256 0 2 2 0 2
2257 0 2 2 0 2
2258 0 2 2 0 2
2259 0 2 2 0 2
2260 0 2 2 0 2
2261 0 2 2 0 2
2262 0 2 2 0 2
2263 0 2 2 0 2
2264 0 2 2 0 2
2265 0 2 2 0 2
2266 0 2 2 0 2
2267 0 2 2 0 2
2268 0 2 2 0 2
2269 0 2 2 0 2
2270 0 2 2 0 2
2271 0 2 2 0 2
2272 0 2 2 0 2
2273 0 2 2 0 2
2274 0 2 2 0 2
2275 0 2 2 0 2
2276 0 2 2 0 2
2277 0 2 2 0 2
2278 0 2 2 0 2
2279 0 2 2 0 2
2280 0 2 2 0 2
2281 2 0 2 0 2
2282 2 0 2 0 2
2283 2 0 2 0 2
2284 2 0 2 0 2
2285 2 0 2 0 2
2286 2 0 2 0 2
2287 2 0 2 0 2
2288 2 0 2 0 2
2289 2 0 2 0 2
2290 2 0 2 0 2
2291 2 0 2 0 2
2292 2 0 2 0 2
2293 2 0 2 0 2
2294 2 0 2 0 2
2295 2 0 2 0 2
2296 2 0 2 0 2
2297 2 0 2 0 2
2298 2 0 2 0 2
2299 2 0 2 0 2
2300 2 0 2 0 2
2301 2 0 2 0 2
2302 2 0 2 0 2
2303 2 0 2 0 2
2304 2 0 2 0 2
2305 2 0 2 0 2
2306 2 0 2 0 2
2307 2 0 2 0 2
2308 2 0 2 0 2
2309 2 0 2 0 2
2310 2 0 2 0 2
2311 2 0 3 0 2
2312 2 0 3 0 2
2313 2 0 3 0 2
2314 2 0 3 0 2
2315 2 0 3 0 2
2316 2 0 3 0 2
2317 2 0 3 0 2
2318 2 0 3 0 2
2319 2 0 3 0 2
2320 2 0 3 0 2
2321 2 0 3 0 2
2322 2 0 3 0 2
2323 2 0 3 0 2
2324 2 0 3 0 2
2325 2 0 3 0 2
2326 2 0 2 0 2
2327 2 0 2 0 2
2328 2 0 2 0 2
2329 2 0 2 0 2
2330 2 0 2 0 2
2331 2 0 2 0 2
2332 2 0 2 0 2
2333 2 0 2 0 2
2334 2 0 2 0 2
2335 2 0 2 0 2
2336 2 0 2 0 2
2337 2 0 2 0 2
2338 2 0 2 0 2
2339 2 0 2 0 2
2340 2 0 2 0 2
2341 0 0 2 0 2
2342 0 0 2 0 2
2343 0 0 2 0 2
2344 0 0 2 0 2
2345 0 0 2 0 2
2346 0 0 2 0 2
2347 0 0 2 0 2
2348 0 0 2 0 2
2349 0 0 2 0 2
2350 0 0 2 0 2
2351 0 0 2 0 2
2352 0 0 2 0 2
2353 0 0 2 0 2
2354 0 0 2 0 2
2355 0 0 2 0 2
2356 3 0 2 0 2
2357 3 0 2 0 2
2358 3 0 2 0 2
2359 3 0 2 0 2
2360 3 0 2 0 2
2361 3 0 2 0 2
2362 3 0 2 0 2
2363 3 0 2 0 2
2364 3 0 2 0 2
2365 3 0 2 0 2
2366 3 0 2 0 2
2367 3 0 2 0 2
2368 3 0 2 0 2
2369 3 0 2 0 2
2370 3 0 2 0 2
2371 2 0 2 0 2
2372 2 0 2 0 2
2373 2 0 2 0 2
2374 2 0 2 0 2
2375 2 0 2 0 2
2376 2 0 2 0 2
2377 2 0 2 0 2
2378 2 0 2 0 2
2379 2 0 2 0 2
2380 2 0 2 0 2
2381 2 0 2 0 2
2382 2 0 2 0 2
2383 2 0 2 0 2
2384 2 0 2 0 2
2385 2 0 2 0 2
2386 0 0 2 0 2
2387 0 0 2 0 2
2388 0 0 2 0 2
2389 0 0 2 0 2
2390 0 0 2 0 2
2391 0 0 2 0 2
2392 0 0 2 0 2
2393 0 0 2 0 2
2394 0 0 2 0 2
2395 0 0 2 0 2
2396 0 0 2 0 2
2397 0 0 2 0 2
2398 0 0 2 0 2
2399 0 0 2 0 2
2400 0 0 2 0 2
2401 3 0 2 0 2
2402 3 0 2 0 2
2403 3 0 2 0 2
2404 3 0 2 0 2
2405 3 0 2 0 2
2406 3 0 2 0 2
2407 3 0 2 0 2
2408 3 0 2 0 2
2409 3 0 2 0 2
2410 3 0 2 0 2
2411 3 0 2 0 2
2412 3 0 2 0 2
2413 3 0 2 0 2
2414 3 0 2 0 2
2415 3 0 2 0 2
2416 0 0 2 0 2
2417 0 0 2 0 2
2418 0 0 2 0 2
2419 0 0 2 0 2
2420 0 0 2 0 2
2421 0 0 2 0 2
2422 0 0 2 0 2
2423 0 0 2 0 2
2424 0 0 2 0 2
2425 0 0 2 0 2
2426 0 0 2 0 2
2427 0 0 2 0 2
2428 0 0 2 0 2
2429 0 0 2 0 2
2430 0 0 2 0 2
2431 0 3 2 0 2
2432 0 3 2 0 2
2433 0 3 2 0 2
2434 0 3 2 0 2
2435 0 3 2 0 2
2436 0 3 2 0 2
2437 0 3 2 0 2
2438 0 3 2 0 2
2439 0 3 2 0 2
2440 0 3 2 0 2
2441 0 3 2 0 2
2442 0 3 2 0 2
2443 0 3 2 0 2
2444 0 3 2 0 2
2445 0 3 2 0 2
2446 0 0 0 0 2
2447 0 0 0 0 2
2448 0 0 0 0 2
2449 0 0 0 0 2
2450 0 0 0 0 2
2451 0 0 0 0 2
2452 0 0 0 0 2
2453 0 0 0 0 2
2454 0 0 0 0 2
2455 0 0 0 0 2
2456 0 0 0 0 2
2457 0 0 0 0 2
2458 0 0 0 0 2
2459 0 0 0 0 2
2460 0 0 0 0 2
2461 0 0 3 0 2
2462 0 0 3 0 2
2463 0 0 3 0 2
2464 0 0 3 0 2
2465 0 0 3 0 2
2466 0 0 3 0 2
2467 0 0 3 0 2
2468 0 0 3 0 2
2469 0 0 3 0 2
2470 0 0 3 0 2
2471 0 0 3 0 2
2472 0 0 3 0 2
2473 0 0 3 0 2
2474 0 0 3 0 2
2475 0 0 3 0 2
2476 0 0 0 0 2
2477 0 0 0 0 2
2478 0 0 0 0 2
2479 0 0 0 0 2
2480 0 0 0 0 2
2481 0 0 0 0 2
2482 0 0 0 0 2
2483 0 0 0 0 2
2484 0 0 0 0 2
2485 0 0 0 0 2
2486 0 0 0 0 2
2487 0 0 0 0 2
2488 0 0 0 0 2
2489 0 0 0 0 2
2490 0 0 0 0 2
2491 0 0 0 0 2
2492 0 0 0 0 2
2493 0 0 0 0 2
2494 0 0 0 0 2
2495 0 0 0 0 2
2496 0 0 0 0 2
2497 0 0 0 0 2
2498 0 0 0 0 2
2499 0 0 0 0 2
2500 0 0 0 0 2
2501 0 0 0 0 2
2502 0 0 0 0 2
2503 0 0 0 0 2
2504 0 0 0 0 2
2505 0 0 0 0 2
2506 2 0 0 0 2
2507 2 0 0 0 2
2508 2 0 0 0 2
2509 2 0 0 0 2
2510 2 0 0 0 2
2511 2 0 0 0 2
2512 2 0 0 0 2
2513 2 0 0 0 2
2514 2 0 0 0 2
2515 2 0 0 0 2
2516 2 0 0 0 2
2517 2 0 0 0 2
2518 2 0 0 0 2
2519 2 0 0 0 2
2520 2 0 0 0 2
2521 2 0 0 0 2
2522 2 0 0 0 2
2523 2 0 0 0 2
2524 2 0 0 0 2
2525 2 0 0 0 2
2526 2 0 0 0 2
2527 2 0 0 0 2
2528 2 0 0 0 2
2529 2 0 0 0 2
2530 2 0 0 0 2
2531 2 0 0 0 2
2532 2 0 0 0 2
2533 2 0 0 0 2
2534 2 0 0 0 2
2535 2 0 0 0 2
2536 2 0 0 0 2
2537 2 0 0 0 2
2538 2 0 0 0 2
2539 2 0 0 0 2
2540 2 0 0 0 2
2541 2 0 0 0 2
2542 2 0 0 0 2
2543 2 0 0 0 2
2544 2 0 0 0 2
2545 2 0 0 0 2
2546 2 0 0 0 2
2547 2 0 0 0 2
2548 2 0 0 0 2
2549 2 0 0 0 2
2550 2 0 0 0 2
2551 2 0 0 0 2
2552 2 0 0 0 2
2553 2 0 0 0 2
2554 2 0 0 0 2
2555 2 0 0 0 2
2556 2 0 0 0 2
2557 2 0 0 0 2
2558 2 0 0 0 2
2559 2 0 0 0 2
2560 2 0 0 0 2
2561 2 0 0 0 2
2562 2 0 0 0 2
2563 2 0 0 0 2
2564 2 0 0 0 2
2565 2 0 0 0 2
2566 2 0 0 0 2
2567 2 0 0 0 2
2568 2 0 0 0 2
2569 2 0 0 0 2
2570 2 0 0 0 2
2571 2 0 0 0 2
2572 2 0 0 0 2
2573 2 0 0 0 2
