0 0 0 0 0 0
1 0 0 0 0 0
2 0 0 0 0 0
3 0 0 0 0 0
4 0 0 0 0 0
5 0 0 0 0 0
6 0 0 0 0 0
7 0 0 0 0 0
8 0 0 0 0 0
9 0 0 0 0 0
10 0 0 0 0 0
11 0 0 0 0 0
12 0 0 0 0 0
13 0 0 0 0 0
14 0 0 0 0 0
15 0 0 0 0 0
16 0 0 0 0 0
17 0 0 0 0 0
18 0 0 0 0 0
19 0 0 0 0 0
20 0 0 0 0 0
21 0 0 0 0 0
22 0 0 0 0 0
23 0 0 0 0 0
24 0 0 0 0 0
25 0 0 0 0 0
26 0 0 0 0 0
27 0 0 0 0 0
28 0 0 0 0 0
29 0 0 0 0 0
30 0 0 0 0 0
31 0 0 0 0 0
32 0 0 0 0 0
33 0 0 0 0 0
34 0 0 0 0 0
35 0 0 0 0 0
36 0 0 0 0 0
37 0 0 0 0 0
38 0 0 0 0 0
39 0 0 0 0 0
40 0 0 0 0 0
41 0 0 0 0 0
42 0 0 0 0 0
43 0 0 0 0 0
44 0 0 0 0 0
45 0 0 0 0 0
46 0 0 0 0 0
47 0 0 0 0 0
48 0 0 0 0 0
49 0 0 0 0 0
50 0 0 0 0 0
51 0 0 0 0 0
52 0 0 0 0 0
53 0 0 0 0 0
54 0 0 0 0 0
55 0 0 0 0 0
56 0 0 0 0 0
57 0 0 0 0 0
58 0 0 0 0 0
59 0 0 0 0 0
60 0 0 0 0 0
61 0 0 0 0 0
62 0 0 0 0 0
63 0 0 0 0 0
64 0 0 0 0 0
65 0 0 0 0 0
66 0 0 0 0 0
67 0 0 0 0 0
68 0 0 0 0 0
69 0 0 0 0 0
70 0 0 0 0 0
71 0 0 0 0 0
72 0 0 0 0 0
73 0 0 0 0 0
74 0 0 0 0 0
75 0 0 0 0 0
76 0 0 0 0 0
77 0 0 0 0 0
78 0 0 0 0 0
79 0 0 0 0 0
80 0 0 2 0 2
81 0 0 2 0 2
82 0 0 2 0 2
83 0 0 2 0 2
84 0 0 2 0 2
85 0 0 2 0 2
86 0 0 2 0 2
87 0 0 2 0 2
88 0 0 2 0 2
89 0 0 2 0 2
90 0 0 2 0 2
91 0 0 2 0 2
92 0 0 2 0 2
93 0 0 2 0 2
94 0 0 2 0 2
95 0 0 0 2 2
96 0 0 0 2 2
97 0 0 0 2 2
98 0 0 0 2 2
99 0 0 0 2 2
100 0 0 0 2 2
101 0 0 0 2 2
102 0 0 0 2 2
103 0 0 0 2 2
104 0 0 0 2 2
105 0 0 0 2 2
106 0 0 0 2 2
107 0 0 0 2 2
108 0 0 0 2 2
109 0 0 0 2 2
110 0 0 0 0 2
111 0 0 0 0 2
112 0 0 0 0 2
113 0 0 0 0 2
114 0 0 0 0 2
115 0 0 0 0 2
116 0 0 0 0 2
117 0 0 0 0 2
118 0 0 0 0 2
119 0 0 0 0 2
120 0 0 0 0 2
121 0 0 0 0 2
122 0 0 0 0 2
123 0 0 0 0 2
124 0 0 0 0 2
125 0 0 0 0 2
126 0 0 0 0 2
127 0 0 0 0 2
128 0 0 0 0 2
129 0 0 0 0 2
130 0 0 0 0 2
131 0 0 0 0 2
132 0 0 0 0 2
133 0 0 0 0 2
134 0 0 0 0 2
135 0 0 0 0 2
136 0 0 0 0 2
137 0 0 0 0 2
138 0 0 0 0 2
139 0 0 0 0 2
140 0 0 2 0 2
141 0 0 2 0 2
142 0 0 2 0 2
143 0 0 2 0 2
144 0 0 2 0 2
145 0 0 2 0 2
146 0 0 2 0 2
147 0 0 2 0 2
148 0 0 2 0 2
149 0 0 2 0 2
150 0 0 2 0 2
151 0 0 2 0 2
152 0 0 2 0 2
153 0 0 2 0 2
154 0 0 2 0 2
155 0 0 0 2 2
156 0 0 0 2 2
157 0 0 0 2 2
158 0 0 0 2 2
159 0 0 0 2 2
160 0 0 0 2 2
161 0 0 0 2 2
162 0 0 0 2 2
163 0 0 0 2 2
164 0 0 0 2 2
165 0 0 0 2 2
166 0 0 0 2 2
167 0 0 0 2 2
168 0 0 0 2 2
169 0 0 0 2 2
170 0 0 0 2 2
171 0 0 0 2 2
172 0 0 0 2 2
173 0 0 0 2 2
174 0 0 0 2 2
175 0 0 0 2 2
176 0 0 0 2 2
177 0 0 0 2 2
178 0 0 0 2 2
179 0 0 0 2 2
180 0 0 0 2 2
181 0 0 0 2 2
182 0 0 0 2 2
183 0 0 0 2 2
184 0 0 0 2 2
185 0 0 2 0 2
186 0 0 2 0 2
187 0 0 2 0 2
188 0 0 2 0 2
189 0 0 2 0 2
190 0 0 2 0 2
191 0 0 2 0 2
192 0 0 2 0 2
193 0 0 2 0 2
194 0 0 2 0 2
195 0 0 2 0 2
196 0 0 2 0 2
197 0 0 2 0 2
198 0 0 2 0 2
199 0 0 2 0 2
200 0 0 0 2 2
201 0 0 0 2 2
202 0 0 0 2 2
203 0 0 0 2 2
204 0 0 0 2 2
205 0 0 0 2 2
206 0 0 0 2 2
207 0 0 0 2 2
208 0 0 0 2 2
209 0 0 0 2 2
210 0 0 0 2 2
211 0 0 0 2 2
212 0 0 0 2 2
213 0 0 0 2 2
214 0 0 0 2 2
215 0 0 0 2 2
216 0 0 0 2 2
217 0 0 2 0 2
218 0 0 2 0 2
219 0 0 2 0 2
220 0 0 2 0 2
221 0 0 2 0 2
222 0 0 2 0 2
223 0 0 2 0 2
224 0 0 2 0 2
225 0 0 2 0 2
226 0 0 2 0 2
227 0 0 2 0 2
228 0 0 2 0 2
229 0 0 2 0 2
230 0 0 2 0 2
231 0 0 2 0 2
232 0 0 2 0 2
233 0 0 2 0 2
234 0 0 2 0 2
235 0 0 2 0 2
236 0 0 2 0 2
237 0 0 2 0 2
238 0 0 2 0 2
239 0 0 2 0 2
240 0 0 2 0 2
241 0 0 2 0 2
242 0 0 2 0 2
243 0 0 2 0 2
244 0 0 2 0 2
245 0 0 2 0 2
246 0 0 2 0 2
247 0 0 2 0 2
248 0 0 2 0 2
249 0 0 2 0 2
250 0 0 2 0 2
251 0 0 2 0 2
252 0 0 2 0 2
253 0 0 2 0 2
254 0 0 2 0 2
255 0 0 2 0 2
256 0 0 2 0 2
257 0 0 2 0 2
258 0 0 2 0 2
259 0 0 2 0 2
260 0 0 2 0 2
261 0 0 2 0 2
262 0 0 2 0 2
263 0 0 2 0 2
264 0 0 2 0 2
265 0 0 2 0 2
266 0 0 2 0 2
267 0 0 2 0 2
268 0 0 2 0 2
269 0 0 2 0 2
270 0 0 2 0 2
271 0 0 2 0 2
272 0 0 2 0 2
273 0 0 2 0 2
274 0 0 2 0 2
275 0 0 2 0 2
276 0 0 2 0 2
277 0 0 2 0 2
278 0 0 2 0 2
279 0 0 2 0 2
280 0 0 2 0 2
281 0 0 2 0 2
282 0 0 2 0 2
283 0 0 2 0 2
284 0 0 2 0 2
285 0 0 2 0 2
286 0 0 2 0 2
287 0 0 2 0 2
288 0 0 2 0 2
289 0 0 2 0 2
290 0 0 2 0 2
291 0 0 2 0 2
292 0 0 2 0 2
293 0 0 2 0 2
294 0 0 2 0 2
295 0 0 2 0 2
296 0 0 2 0 2
297 0 0 2 0 2
298 0 0 2 0 2
299 0 0 2 0 2
300 0 0 2 0 2
301 0 0 2 0 2
302 0 0 2 0 2
303 0 0 2 0 2
304 0 0 2 0 2
305 0 0 2 0 2
306 0 0 2 0 2
307 0 0 2 0 2
308 0 0 2 0 2
309 0 0 2 0 2
310 0 0 2 0 2
311 0 0 2 0 2
312 0 0 2 0 2
313 0 0 2 0 2
314 0 0 2 0 2
315 0 0 2 0 2
316 0 0 2 0 2
317 0 0 2 0 2
318 0 0 2 0 2
319 0 0 2 0 2
320 0 0 2 0 2
321 0 0 2 0 2
322 0 0 2 0 2
323 0 0 2 0 2
324 0 0 2 0 2
325 0 0 2 0 2
326 0 0 2 0 2
327 0 0 2 0 2
328 0 0 2 0 2
329 0 0 2 0 2
330 0 0 2 0 2
331 0 0 2 0 2
332 0 0 2 0 2
333 0 0 2 0 2
334 0 0 2 0 2
335 0 0 2 0 2
336 0 0 2 0 2
337 0 0 2 0 2
338 0 0 2 0 2
339 0 0 2 0 2
340 0 0 2 0 2
341 0 0 2 0 2
342 0 0 2 0 2
343 0 0 2 0 2
344 0 0 2 0 2
345 0 0 2 0 2
346 0 0 2 0 2
347 0 0 2 0 2
348 0 0 2 0 2
349 0 0 2 0 2
350 0 0 2 0 2
351 0 0 2 0 2
352 0 0 2 0 2
353 0 0 2 0 2
354 0 0 2 0 2
355 0 2 2 0 2
356 0 2 2 0 2
357 0 2 2 0 2
358 0 2 2 0 2
359 0 2 2 0 2
360 0 2 2 0 2
361 0 2 2 0 2
362 0 2 2 0 2
363 0 2 2 0 2
364 0 2 2 0 2
365 0 2 2 0 2
366 0 2 2 0 2
367 0 2 2 0 2
368 0 2 3 0 2
369 0 2 3 0 2
370 0 2 3 0 2
371 0 2 2 0 2
372 0 2 2 0 2
373 0 2 2 0 2
374 0 2 2 0 2
375 0 2 2 0 2
376 0 2 2 0 2
377 0 2 2 0 2
378 0 2 2 0 2
379 0 2 2 0 2
380 0 2 2 0 2
381 0 2 2 0 2
382 0 2 2 0 2
383 0 2 2 0 2
384 0 2 2 0 2
385 0 2 2 0 2
386 2 0 2 0 2
387 2 0 2 0 2
388 2 0 2 0 2
389 2 0 2 0 2
390 2 0 2 0 2
391 2 0 2 0 2
392 2 0 2 0 2
393 2 0 2 0 2
394 2 0 2 0 2
395 2 0 2 0 2
396 2 0 2 0 2
397 2 0 2 0 2
398 2 0 2 0 2
399 2 0 2 0 2
400 2 0 2 0 2
401 0 2 2 0 2
402 0 2 2 0 2
403 0 2 2 0 2
404 0 2 2 0 2
405 0 2 2 0 2
406 0 2 2 0 2
407 0 2 2 0 2
408 0 2 2 0 2
409 0 2 2 0 2
410 0 2 2 0 2
411 0 2 2 0 2
412 0 2 2 0 2
413 0 2 2 0 2
414 0 2 2 0 2
415 0 2 2 0 2
416 0 2 2 0 2
417 0 2 2 0 2
418 0 2 2 0 2
419 0 2 2 0 2
420 0 2 2 0 2
421 0 2 2 0 2
422 0 2 2 0 2
423 0 2 2 0 2
424 0 2 2 0 2
425 0 2 2 0 2
426 0 2 2 0 2
427 0 2 2 0 2
428 0 2 2 0 2
429 0 2 2 0 2
430 0 2 2 0 2
431 0 2 2 0 2
432 0 2 2 0 2
433 0 2 2 0 2
434 0 2 2 0 2
435 0 2 2 0 2
436 0 2 2 0 2
437 0 2 2 0 2
438 0 2 2 0 2
439 0 2 2 0 2
440 0 2 2 0 2
441 0 2 2 0 2
442 0 2 2 0 2
443 0 2 2 0 2
444 0 2 2 0 2
445 0 2 2 0 2
446 0 2 2 0 2
447 0 2 2 0 2
448 0 2 2 0 2
449 0 2 2 0 2
450 0 2 2 0 2
451 0 2 2 0 2
452 0 2 2 0 2
453 0 2 2 0 2
454 0 2 2 0 2
455 0 2 2 0 2
456 0 2 2 0 2
457 0 2 2 0 2
458 0 2 2 0 2
459 0 2 2 0 2
460 0 2 2 0 2
461 2 0 2 0 2
462 2 0 2 0 2
463 2 0 2 0 2
464 2 0 2 0 2
465 2 0 2 0 2
466 2 0 2 0 2
467 2 0 2 0 2
468 2 0 2 0 2
469 2 0 2 0 2
470 2 0 2 0 2
471 2 0 2 0 2
472 2 0 2 0 2
473 2 0 2 0 2
474 2 0 2 0 2
475 2 0 2 0 2
476 2 0 2 0 2
477 2 0 2 0 2
478 2 0 2 0 2
479 2 0 2 0 2
480 2 0 2 0 2
481 2 0 2 0 2
482 2 0 2 0 2
483 2 0 2 0 2
484 2 0 2 0 2
485 2 0 2 0 2
486 2 0 2 0 2
487 2 0 2 0 2
488 2 0 2 0 2
489 2 0 2 0 2
490 2 0 2 0 2
491 2 0 0 0 2
492 2 0 0 0 2
493 2 0 0 0 2
494 2 0 0 0 2
495 2 0 0 0 2
496 2 0 0 0 2
497 2 0 0 0 2
498 2 0 0 0 2
499 2 0 0 0 2
500 2 0 0 0 2
501 2 0 0 0 2
502 2 0 0 0 2
503 2 0 0 0 2
504 2 0 0 0 2
505 2 0 0 0 2
506 2 0 2 0 2
507 2 0 2 0 2
508 2 0 2 0 2
509 2 0 2 0 2
510 2 0 2 0 2
511 2 0 2 0 2
512 2 0 2 0 2
513 2 0 2 0 2
514 2 0 2 0 2
515 2 0 2 0 2
516 2 0 2 0 2
517 2 0 2 0 2
518 2 0 2 0 2
519 2 0 2 0 2
520 2 0 2 0 2
521 3 0 2 0 2
522 3 0 2 0 2
523 3 0 2 0 2
524 3 0 2 0 2
525 3 0 2 0 2
526 3 0 2 0 2
527 3 0 2 0 2
528 3 0 2 0 2
529 3 0 2 0 2
530 3 0 2 0 2
531 3 0 2 0 2
532 3 0 2 0 2
533 3 0 2 0 2
534 3 0 2 0 2
535 3 0 2 0 2
536 2 0 0 2 0
537 2 0 0 2 0
538 2 0 0 2 0
539 2 0 0 2 0
540 2 0 0 2 0
541 2 0 0 2 0
542 2 0 0 2 0
543 2 0 0 2 0
544 2 0 0 2 0
545 2 0 0 2 0
546 2 0 0 2 0
547 2 0 0 2 0
548 2 0 0 2 0
549 2 0 0 2 0
550 2 0 0 2 0
551 0 0 2 0 0
552 0 0 2 0 0
553 0 0 2 0 0
554 0 0 2 0 0
555 0 0 2 0 0
556 0 0 2 0 0
557 0 0 2 0 0
558 0 0 2 0 0
559 0 0 2 0 0
560 0 0 2 0 0
561 0 0 2 0 0
562 0 0 2 0 0
563 0 0 2 0 0
564 0 0 2 0 0
565 0 0 2 0 0
566 2 0 2 0 0
567 2 0 2 0 0
568 2 0 2 0 0
569 2 0 2 0 0
570 2 0 2 0 0
571 2 0 2 0 0
572 2 0 2 0 0
573 2 0 2 0 0
574 2 0 2 0 0
575 2 0 2 0 0
576 2 0 2 0 0
577 2 0 2 0 0
578 2 0 2 0 0
579 2 0 2 0 0
580 2 0 2 0 0
581 0 0 2 0 0
582 0 0 2 0 0
583 0 0 2 0 0
584 0 0 2 0 0
585 0 0 2 0 0
586 0 0 2 0 0
587 0 0 2 0 0
588 2 0 2 0 0
589 2 0 2 0 0
590 2 0 2 0 0
591 2 0 2 0 0
592 2 0 2 0 0
593 2 0 2 0 0
594 2 0 2 0 0
595 2 0 2 0 0
596 2 0 2 0 0
597 2 0 2 0 0
598 2 0 2 0 0
599 2 0 2 0 0
600 2 0 2 0 0
601 2 0 2 0 0
602 2 0 2 0 0
603 2 0 2 0 0
604 2 0 2 0 0
605 2 0 2 0 0
606 0 0 2 0 1
607 0 0 2 0 1
608 0 0 2 0 1
609 0 0 2 0 1
610 0 0 2 0 1
611 0 0 2 0 1
612 0 0 2 0 1
613 0 0 2 0 1
614 0 0 2 0 1
615 0 0 2 0 1
616 0 0 2 0 1
617 0 0 2 0 1
618 0 0 2 0 1
619 0 0 2 0 1
620 0 0 2 0 1
621 0 0 2 0 1
622 0 0 2 0 1
623 0 0 2 0 1
624 0 0 2 0 1
625 0 0 2 0 1
626 0 0 2 0 1
627 0 0 2 0 1
628 0 0 2 0 1
629 0 0 2 0 1
630 0 0 2 0 1
631 0 0 2 0 1
632 0 0 2 0 1
633 0 0 2 0 1
634 0 0 2 0 1
635 0 0 2 0 1
636 0 0 2 0 2
637 0 0 2 0 2
638 0 0 2 0 2
639 0 0 2 0 2
640 0 0 2 0 2
641 0 0 2 0 2
642 0 0 2 0 2
643 0 0 2 0 2
644 0 0 2 0 2
645 0 0 2 0 2
646 0 0 2 0 2
647 0 0 2 0 2
648 0 0 2 0 2
649 0 0 2 0 2
650 0 0 2 0 2
651 0 0 2 0 2
652 0 0 2 0 2
653 0 0 2 0 2
654 0 0 2 0 2
655 0 0 2 0 2
656 0 0 2 0 2
657 0 0 2 0 2
658 0 0 2 0 2
659 0 0 2 0 2
660 0 0 2 0 2
661 0 0 2 0 2
662 0 0 2 0 2
663 0 0 2 0 2
664 0 0 2 0 2
665 0 0 2 0 2
666 0 0 2 0 2
667 0 0 2 0 2
668 0 0 2 0 2
669 0 0 2 0 2
670 0 0 2 0 2
671 0 0 2 0 2
672 0 0 2 0 2
673 0 0 2 0 2
674 0 0 2 0 2
675 0 0 2 0 2
676 0 0 2 0 2
677 0 0 2 0 2
678 0 0 2 0 2
679 0 0 2 0 2
680 0 0 2 0 2
681 0 0 2 0 2
682 0 0 2 0 2
683 0 0 2 0 2
684 0 0 2 0 2
685 0 0 2 0 2
686 0 0 2 0 2
687 0 0 2 0 2
688 0 0 2 0 2
689 0 0 2 0 2
690 0 0 2 0 2
691 0 0 2 0 2
692 0 0 2 0 2
693 0 0 2 0 2
694 0 0 2 0 2
695 0 0 2 0 2
696 0 0 2 0 2
697 0 0 2 0 2
698 0 0 2 0 2
699 0 0 2 0 2
700 0 0 2 0 2
701 0 0 2 0 2
702 0 0 2 0 2
703 0 0 2 0 2
704 0 0 2 0 2
705 0 0 2 0 2
706 0 0 2 0 2
707 0 0 2 0 2
708 0 0 2 0 2
709 0 0 2 0 2
710 0 0 2 0 2
711 0 0 2 0 2
712 0 0 2 0 2
713 0 0 2 0 2
714 0 0 2 0 2
715 0 0 2 0 2
716 0 0 2 0 2
717 0 0 2 0 2
718 0 0 2 0 2
719 0 0 2 0 2
720 0 0 2 0 2
721 0 0 2 0 2
722 0 0 2 0 2
723 0 0 2 0 2
724 0 0 2 0 2
725 0 0 2 0 2
726 0 0 2 0 2
727 0 0 2 0 2
728 0 0 2 0 2
729 0 0 2 0 2
730 0 0 2 0 2
731 0 0 2 0 2
732 0 0 2 0 2
733 0 0 2 0 2
734 0 0 2 0 2
735 0 0 2 0 2
736 0 0 2 0 2
737 0 0 2 0 2
738 0 0 2 0 2
739 0 0 2 0 2
740 0 0 2 0 2
741 0 0 2 0 2
742 0 0 2 0 2
743 0 0 2 0 2
744 0 0 2 0 2
745 0 0 2 0 2
746 0 0 2 0 2
747 0 0 2 0 2
748 0 0 2 0 2
749 0 0 2 0 2
750 0 0 2 0 2
751 0 0 2 0 2
752 0 0 2 0 2
753 0 0 2 0 2
754 0 0 2 0 2
755 0 0 2 0 2
756 0 0 2 0 2
757 0 0 2 0 2
758 0 0 2 0 2
759 0 0 2 0 2
760 0 0 2 0 2
761 0 0 2 0 2
762 0 0 2 0 2
763 0 0 2 0 2
764 0 0 2 0 2
765 0 0 2 0 2
766 0 0 2 0 2
767 0 0 2 0 2
768 0 0 2 0 2
769 0 0 2 0 2
770 0 0 2 0 2
771 0 0 2 0 2
772 0 0 2 0 2
773 0 0 2 0 2
774 0 0 2 0 2
775 0 0 2 0 2
776 0 0 2 0 2
777 0 0 2 0 2
778 0 0 2 0 2
779 0 0 2 0 2
780 0 0 2 0 2
781 0 0 2 0 2
782 0 0 2 0 2
783 0 0 2 0 2
784 0 0 2 0 2
785 0 0 2 0 2
786 0 0 2 0 2
787 0 0 2 0 2
788 0 0 2 0 2
789 0 0 2 0 2
790 0 0 2 0 2
791 0 0 2 0 2
792 0 0 2 0 2
793 0 0 2 0 2
794 0 0 2 0 2
795 0 0 2 0 2
796 0 0 2 0 2
797 0 0 2 0 2
798 0 0 2 0 2
799 0 0 2 0 2
800 0 0 2 0 2
801 0 0 2 0 2
802 0 0 2 0 2
803 0 0 2 0 2
804 0 0 2 0 2
805 0 0 2 0 2
806 0 0 2 0 2
807 0 0 2 0 2
808 0 0 2 0 2
809 0 0 2 0 2
810 0 0 2 0 2
811 0 0 2 0 2
812 0 0 2 0 2
813 0 0 2 0 2
814 0 0 2 0 2
815 0 0 2 0 2
816 0 0 2 0 2
817 0 0 2 0 2
818 0 0 2 0 2
819 0 0 2 0 2
820 0 0 2 0 2
821 0 0 2 0 2
822 0 0 2 0 2
823 0 0 2 0 2
824 0 0 2 0 2
825 0 0 2 0 2
826 0 0 2 0 2
827 0 0 2 0 2
828 0 0 2 0 2
829 0 0 2 0 2
830 0 0 2 0 2
831 0 0 2 0 2
832 0 0 2 0 2
833 0 0 2 0 2
834 0 0 2 0 2
835 0 0 2 0 2
836 0 0 2 0 2
837 0 0 2 0 2
838 0 0 2 0 2
839 0 0 2 0 2
840 0 0 2 0 2
841 0 0 2 0 2
842 0 0 2 0 2
843 0 0 2 0 2
844 0 0 2 0 2
845 0 0 2 0 2
846 0 0 2 0 2
847 0 0 2 0 2
848 0 0 2 0 2
849 0 0 2 0 2
850 0 0 2 0 2
851 0 0 2 0 2
852 0 0 2 0 2
853 0 0 2 0 2
854 0 0 2 0 2
855 0 0 2 0 2
856 0 0 2 0 2
857 0 0 2 0 2
858 0 0 2 0 2
859 0 0 2 0 2
860 0 0 2 0 2
861 0 0 2 0 2
862 0 0 2 0 2
863 0 0 2 0 2
864 0 0 2 0 2
865 0 0 2 0 2
866 0 0 2 0 2
867 0 0 2 0 2
868 0 0 2 0 2
869 0 0 2 0 2
870 0 0 2 0 2
871 0 0 2 0 0
872 0 0 2 0 0
873 0 0 2 0 0
874 0 0 2 0 0
875 0 0 2 0 0
876 0 0 2 0 0
877 0 0 2 0 0
878 0 0 2 0 0
879 0 0 2 0 0
880 0 0 2 0 0
881 0 0 2 0 0
882 0 0 2 0 0
883 0 0 2 0 0
884 0 0 2 0 0
885 0 0 2 0 0
886 0 0 2 0 0
887 0 0 2 0 0
888 0 0 2 0 0
889 0 0 2 0 0
890 0 0 2 0 0
891 0 0 2 0 0
892 0 0 2 0 0
893 0 0 2 0 0
894 0 0 2 0 0
895 0 0 2 0 0
896 0 0 2 0 0
897 0 0 2 0 0
898 0 0 2 0 0
899 0 0 2 0 0
900 0 0 2 0 0
901 0 0 3 0 0
902 0 0 3 0 0
903 0 0 3 0 0
904 0 0 3 0 0
905 0 0 3 0 0
906 0 0 3 0 0
907 0 0 3 0 0
908 0 0 3 0 0
909 0 0 3 0 0
910 0 0 3 0 0
911 0 0 3 0 0
912 0 0 3 0 0
913 0 0 3 0 0
914 0 0 3 0 0
915 0 0 3 0 0
916 0 0 2 0 0
917 0 0 2 0 0
918 0 0 2 0 0
919 0 0 2 0 0
920 0 0 2 0 0
921 0 0 2 0 0
922 0 0 2 0 0
923 0 0 2 0 0
924 0 0 2 0 0
925 0 0 2 0 0
926 0 0 2 0 0
927 0 0 2 0 0
928 0 0 2 0 0
929 0 0 2 0 0
930 0 0 2 0 0
931 0 0 2 0 0
932 0 0 2 0 0
933 0 0 2 0 0
934 0 0 2 0 0
935 0 0 2 0 0
936 0 0 2 0 0
937 0 0 2 0 0
938 0 0 2 0 0
939 0 0 2 0 0
940 0 0 2 0 0
941 0 0 2 0 0
942 0 0 2 0 0
943 0 0 2 0 0
944 0 0 2 0 0
945 0 0 2 0 0
946 0 0 2 0 1
947 0 0 2 0 1
948 0 0 2 0 1
949 0 0 2 0 1
950 0 0 2 0 1
951 0 0 2 0 1
952 0 3 2 0 1
953 0 3 2 0 1
954 0 3 2 0 1
955 0 3 2 0 1
956 0 3 2 0 1
957 0 3 2 0 1
958 0 3 2 0 1
959 0 3 2 0 1
960 0 3 2 0 1
961 0 3 2 0 1
962 0 3 2 0 1
963 0 3 2 0 1
964 0 3 2 0 1
965 0 3 2 0 1
966 0 3 2 0 1
967 0 3 2 0 1
968 0 3 2 0 1
969 0 3 2 0 1
970 0 3 2 0 2
971 0 3 2 0 2
972 0 3 2 0 2
973 0 3 2 0 2
974 0 3 2 0 2
975 0 3 2 0 2
976 0 3 2 0 2
977 0 3 2 0 2
978 0 3 2 0 2
979 0 3 2 0 2
980 0 3 2 0 2
981 0 3 2 0 2
982 0 3 2 0 2
983 0 3 2 0 2
984 0 3 2 0 2
985 0 2 2 0 2
986 0 2 2 0 2
987 0 2 2 0 2
988 0 2 2 0 2
989 0 2 2 0 2
990 0 2 2 0 2
991 0 2 2 0 2
992 0 2 2 0 2
993 0 2 2 0 2
994 0 2 2 0 2
995 0 2 2 0 2
996 0 2 2 0 2
997 0 2 2 0 2
998 0 2 2 0 2
999 0 2 2 0 2
1000 0 3 2 0 2
1001 0 3 2 0 2
1002 0 3 2 0 2
1003 0 3 2 0 2
1004 0 3 2 0 2
1005 0 3 2 0 2
1006 0 3 2 0 2
1007 0 3 2 0 2
1008 0 3 2 0 2
1009 0 3 2 0 2
1010 0 3 2 0 2
1011 0 3 2 0 2
1012 0 3 2 0 2
1013 0 3 2 0 2
1014 0 3 2 0 2
1015 0 2 2 0 2
1016 0 2 2 0 2
1017 0 2 2 0 2
1018 0 2 2 0 2
1019 0 2 2 0 2
1020 0 2 2 0 2
1021 0 2 2 0 2
1022 0 2 2 0 2
1023 0 2 2 0 2
1024 0 2 2 0 2
1025 0 2 2 0 2
1026 0 2 2 0 2
1027 0 2 2 0 2
1028 0 2 2 0 2
1029 0 2 2 0 2
1030 0 2 2 0 2
1031 0 2 2 0 2
1032 0 2 2 0 2
1033 0 2 2 0 2
1034 0 2 2 0 2
1035 0 2 2 0 2
1036 0 2 2 0 2
1037 0 2 2 0 2
1038 0 2 2 0 2
1039 0 2 2 0 2
1040 0 2 2 0 2
1041 0 2 2 0 2
1042 0 2 2 0 2
1043 0 2 2 0 2
1044 0 2 2 0 2
1045 0 0 2 0 2
1046 0 0 2 0 2
1047 0 0 2 0 2
1048 0 0 2 0 2
1049 0 0 2 0 2
1050 0 0 2 0 2
1051 0 0 2 0 2
1052 0 0 2 0 2
1053 0 0 2 0 2
1054 0 0 2 0 2
1055 0 0 2 0 2
1056 0 0 2 0 2
1057 0 0 2 0 2
1058 0 0 2 0 2
1059 0 0 2 0 2
1060 2 0 2 0 2
1061 2 0 2 0 2
1062 2 0 2 0 2
1063 2 0 2 0 2
1064 2 0 2 0 2
1065 2 0 2 0 2
1066 2 0 2 0 2
1067 2 0 2 0 2
1068 2 0 2 0 2
1069 2 0 2 0 2
1070 2 0 2 0 2
1071 2 0 2 0 2
1072 2 0 2 0 2
1073 2 0 2 0 2
1074 2 0 2 0 2
1075 2 0 2 0 2
1076 2 0 2 0 2
1077 2 0 2 0 2
1078 2 0 2 0 2
1079 2 0 2 0 2
1080 2 0 2 0 2
1081 2 0 2 0 2
1082 2 0 2 0 2
1083 2 0 2 0 2
1084 2 0 2 0 2
1085 2 0 2 0 2
1086 2 0 2 0 2
1087 2 0 2 0 2
1088 2 0 2 0 2
1089 2 0 2 0 2
1090 2 0 2 0 0
1091 2 0 2 0 0
1092 2 0 2 0 0
1093 2 0 2 0 0
1094 2 0 2 0 0
1095 2 0 2 0 0
1096 2 0 2 0 0
1097 2 0 2 0 0
1098 0 0 3 0 1
1099 0 0 3 0 1
1100 0 0 3 0 1
1101 0 0 3 0 1
1102 0 0 3 0 1
1103 0 0 3 0 1
1104 0 0 3 0 1
1105 0 0 3 0 1
1106 0 0 3 0 1
1107 0 0 3 0 1
1108 0 0 3 0 1
1109 0 0 3 0 1
1110 0 2 2 0 1
1111 0 2 2 0 1
1112 0 2 2 0 1
1113 0 2 2 0 1
1114 0 2 2 0 1
1115 0 2 2 0 1
1116 0 2 2 0 1
1117 0 2 2 0 1
1118 0 2 2 0 1
1119 0 2 2 0 1
1120 0 2 2 0 1
1121 0 2 2 0 1
1122 0 0 2 0 1
1123 0 0 2 0 1
1124 0 0 2 0 1
1125 0 0 2 0 1
1126 0 0 2 0 1
1127 0 0 2 0 1
1128 0 0 2 0 1
1129 0 0 2 0 1
1130 0 0 2 0 1
1131 0 0 2 0 1
1132 0 0 2 0 1
1133 0 0 2 0 1
1134 0 0 2 0 1
1135 0 0 2 0 1
1136 0 0 2 0 1
1137 0 0 2 0 1
1138 0 0 2 0 1
1139 0 0 2 0 1
1140 0 0 2 0 1
1141 0 0 2 0 1
1142 0 0 2 0 1
1143 0 0 2 0 1
1144 0 0 2 0 1
1145 0 0 2 0 1
1146 0 0 2 0 1
1147 0 0 2 0 1
1148 0 0 2 0 1
1149 0 0 2 0 1
1150 0 0 2 0 1
1151 0 0 2 0 1
1152 0 0 2 0 1
1153 0 0 2 0 1
1154 0 0 2 0 1
1155 0 0 2 0 1
1156 0 0 2 0 1
1157 0 0 2 0 1
1158 0 0 2 0 1
1159 0 0 2 0 1
1160 0 0 2 0 1
1161 0 0 2 0 1
1162 0 0 2 0 1
1163 0 0 2 0 1
1164 0 0 2 0 1
1165 0 0 2 0 1
1166 0 0 2 0 1
1167 0 0 2 0 1
1168 0 0 2 0 1
1169 0 0 2 0 1
1170 0 0 3 0 2
1171 0 0 3 0 2
1172 0 0 3 0 2
1173 0 0 3 0 2
1174 0 0 3 0 2
1175 0 0 3 0 2
1176 0 0 3 0 2
1177 0 0 3 0 2
1178 0 0 3 0 2
1179 0 0 3 0 2
1180 0 0 3 0 2
1181 0 0 3 0 2
1182 0 0 3 0 2
1183 0 0 3 0 2
1184 0 0 3 0 2
1185 0 0 2 0 2
1186 0 0 2 0 2
1187 0 0 2 0 2
1188 0 0 2 0 2
1189 0 0 2 0 2
1190 0 0 2 0 2
1191 0 0 2 0 2
1192 0 0 2 0 2
1193 0 0 2 0 2
1194 0 0 2 0 2
1195 0 0 2 0 2
1196 0 0 2 0 2
1197 0 0 2 0 2
1198 0 0 2 0 2
1199 0 0 2 0 2
1200 0 0 2 0 2
1201 0 0 2 0 2
1202 0 0 2 0 2
1203 0 0 2 0 2
1204 0 0 2 0 2
1205 0 0 2 0 2
1206 0 0 2 0 2
1207 0 0 2 0 2
1208 0 0 2 0 2
1209 0 0 2 0 2
1210 0 0 2 0 2
1211 0 0 2 0 2
1212 0 0 2 0 2
1213 0 0 2 0 2
1214 0 0 2 0 2
1215 0 0 2 0 2
1216 0 0 2 0 2
1217 0 0 2 0 2
1218 0 0 2 0 2
1219 0 0 2 0 2
1220 0 0 2 0 2
1221 0 0 2 0 2
1222 0 0 2 0 2
1223 0 0 2 0 2
1224 0 0 2 0 2
1225 0 0 2 0 2
1226 0 0 2 0 2
1227 0 0 2 0 2
1228 0 0 2 0 2
1229 0 0 2 0 2
1230 0 0 2 0 2
1231 0 0 2 0 2
1232 0 0 2 0 2
1233 0 0 2 0 2
1234 0 0 2 0 2
1235 0 0 2 0 2
1236 0 0 2 0 2
1237 0 0 2 0 2
1238 0 0 2 0 2
1239 0 0 2 0 2
1240 0 0 2 0 2
1241 0 0 2 0 2
1242 0 0 2 0 2
1243 0 0 2 0 2
1244 0 0 2 0 2
1245 0 0 2 0 2
1246 0 0 2 0 2
1247 0 0 2 0 2
1248 0 0 2 0 2
1249 0 0 2 0 2
1250 0 0 2 0 2
1251 0 0 2 0 2
1252 0 0 2 0 2
1253 0 0 2 0 2
1254 0 0 2 0 2
1255 0 0 2 0 2
1256 0 0 2 0 2
1257 0 0 2 0 2
1258 0 0 2 0 2
1259 0 0 2 0 2
1260 0 0 2 0 2
1261 0 0 2 0 2
1262 0 0 2 0 2
1263 0 0 2 0 2
1264 0 0 2 0 2
1265 0 0 2 0 2
1266 0 0 2 0 2
1267 0 0 2 0 2
1268 0 0 2 0 2
1269 0 0 2 0 2
1270 0 0 2 0 2
1271 0 0 2 0 2
1272 0 0 2 0 2
1273 0 0 2 0 2
1274 0 0 2 0 2
1275 0 0 2 0 2
1276 0 0 2 0 2
1277 0 0 2 0 2
1278 0 0 2 0 2
1279 0 0 2 0 2
1280 0 0 2 0 2
1281 0 0 2 0 2
1282 0 0 2 0 2
1283 0 0 2 0 2
1284 0 0 2 0 2
1285 0 0 2 0 2
1286 0 0 2 0 2
1287 0 0 2 0 2
1288 0 0 2 0 2
1289 0 0 2 0 2
1290 0 0 2 0 2
1291 0 0 2 0 2
1292 0 0 2 0 2
1293 0 0 2 0 2
1294 0 0 2 0 2
1295 0 0 2 0 2
1296 0 0 2 0 2
1297 0 0 2 0 2
1298 0 0 2 0 2
1299 0 0 2 0 2
1300 0 0 2 0 2
1301 0 0 2 0 2
1302 0 0 2 0 2
1303 0 0 2 0 2
1304 0 0 2 0 2
1305 0 0 2 0 2
1306 0 0 2 0 2
1307 0 0 2 0 2
1308 0 0 2 0 2
1309 0 0 2 0 2
1310 0 0 2 0 2
1311 0 0 2 0 2
1312 0 0 2 0 2
1313 0 0 2 0 2
1314 0 0 2 0 2
1315 0 0 2 0 2
1316 0 0 2 0 2
1317 0 0 2 0 2
1318 0 0 2 0 2
1319 0 0 2 0 2
1320 0 0 2 0 2
1321 0 0 2 0 2
1322 0 0 2 0 2
1323 0 0 2 0 2
1324 0 0 2 0 2
1325 0 0 2 0 2
1326 0 0 2 0 2
1327 0 0 2 0 2
1328 0 0 2 0 2
1329 0 0 2 0 2
1330 0 0 2 0 2
1331 0 0 2 0 2
1332 0 0 2 0 2
1333 0 0 2 0 2
1334 0 0 2 0 2
1335 0 0 2 0 2
1336 0 0 2 0 2
1337 0 0 2 0 2
1338 0 0 2 0 2
1339 0 0 2 0 2
1340 0 0 2 0 2
1341 0 0 2 0 2
1342 0 0 2 0 2
1343 0 0 2 0 2
1344 0 0 2 0 2
1345 0 0 2 0 2
1346 0 0 2 0 2
1347 0 0 2 0 2
1348 0 0 2 0 2
1349 0 0 2 0 2
1350 0 0 2 0 2
1351 0 0 2 0 2
1352 0 0 2 0 2
1353 0 0 2 0 2
1354 0 0 2 0 2
1355 0 0 2 0 2
1356 0 0 2 0 2
1357 0 0 2 0 2
1358 0 0 2 0 2
1359 0 0 2 0 2
1360 0 0 2 0 2
1361 0 0 2 0 2
1362 0 0 2 0 2
1363 0 0 2 0 2
1364 0 0 2 0 2
1365 0 0 2 0 2
1366 0 0 2 0 2
1367 0 0 2 0 2
1368 0 0 2 0 2
1369 0 0 2 0 2
1370 0 0 2 0 2
1371 0 0 2 0 2
1372 0 0 2 0 2
1373 0 0 2 0 2
1374 0 0 2 0 2
1375 0 0 2 0 2
1376 0 0 2 0 2
1377 0 0 2 0 2
1378 0 0 2 0 2
1379 0 0 2 0 2
1380 0 0 2 0 2
1381 0 0 2 0 2
1382 0 0 2 0 2
1383 0 0 2 0 2
1384 0 0 2 0 2
1385 0 0 2 0 2
1386 0 0 2 0 2
1387 0 0 2 0 2
1388 0 0 2 0 2
1389 0 0 2 0 2
1390 0 0 2 0 2
1391 0 0 2 0 2
1392 0 0 2 0 2
1393 0 0 2 0 2
1394 0 0 2 0 2
1395 0 0 2 0 2
1396 0 0 2 0 2
1397 0 0 2 0 2
1398 0 0 2 0 2
1399 0 0 2 0 2
1400 0 0 2 0 2
1401 0 0 2 0 2
1402 0 0 2 0 2
1403 0 0 2 0 2
1404 0 0 2 0 2
1405 0 0 2 0 2
1406 0 0 2 0 2
1407 0 0 2 0 2
1408 0 0 2 0 2
1409 0 0 2 0 2
1410 0 0 2 0 2
1411 0 0 2 0 2
1412 0 0 2 0 2
1413 0 0 2 0 2
1414 0 0 2 0 2
1415 0 0 2 0 2
1416 0 0 2 0 2
1417 0 0 2 0 2
1418 0 0 2 0 2
1419 0 0 2 0 2
1420 0 0 2 0 2
1421 0 0 2 0 2
1422 0 0 2 0 2
1423 0 0 2 0 2
1424 0 0 2 0 2
1425 0 0 2 0 2
1426 0 0 2 0 2
1427 0 0 2 0 2
1428 0 0 2 0 2
1429 0 0 2 0 2
1430 0 0 2 0 2
1431 0 0 2 0 2
1432 3 0 2 0 2
1433 3 0 2 0 2
1434 3 0 2 0 2
1435 3 0 2 0 2
1436 3 0 2 0 2
1437 3 0 2 0 0
1438 3 0 2 0 0
1439 3 0 2 0 0
1440 0 2 2 0 0
1441 0 2 2 0 0
1442 0 2 2 0 0
1443 0 2 2 0 0
1444 0 2 2 0 0
1445 0 2 2 0 0
1446 0 2 2 0 0
1447 0 2 2 0 0
1448 0 2 2 0 0
1449 0 2 2 0 0
1450 0 2 2 0 0
1451 0 2 2 0 0
1452 0 2 2 0 0
1453 0 2 2 0 0
1454 0 2 2 0 0
1455 0 2 2 0 0
1456 0 2 2 0 0
1457 0 2 2 0 0
1458 0 2 2 0 0
1459 0 2 2 0 0
1460 0 2 2 0 0
1461 0 2 2 0 0
1462 0 2 2 0 0
1463 0 2 2 0 0
1464 0 2 2 0 0
1465 0 2 2 0 0
1466 0 2 2 0 0
1467 0 2 2 0 0
1468 0 2 2 0 0
1469 0 2 2 0 0
1470 2 0 2 0 0
1471 2 0 2 0 0
1472 2 0 2 0 0
1473 2 0 2 0 0
1474 2 0 2 0 0
1475 2 0 2 0 0
1476 2 0 2 0 0
1477 2 0 2 0 0
1478 2 0 2 0 0
1479 2 0 2 0 0
1480 2 0 2 0 0
1481 2 0 2 0 0
1482 2 0 2 0 0
1483 2 0 2 0 0
1484 2 0 2 0 0
1485 0 3 2 0 0
1486 0 3 2 0 0
1487 0 3 2 0 0
1488 0 3 2 0 0
1489 0 3 2 0 0
1490 0 3 2 0 0
1491 0 3 2 0 0
1492 0 3 2 0 0
1493 0 3 2 0 0
1494 0 3 2 0 0
1495 0 3 2 0 0
1496 0 3 2 0 0
1497 0 3 2 0 0
1498 0 3 2 0 0
1499 0 3 2 0 0
1500 0 2 2 0 0
1501 0 2 2 0 0
1502 0 2 2 0 0
1503 0 2 2 0 0
1504 0 2 2 0 0
1505 0 2 2 0 0
1506 0 2 2 0 0
1507 0 2 2 0 0
1508 0 2 2 0 0
1509 0 2 2 0 0
1510 0 2 2 0 0
1511 0 2 2 0 0
1512 0 2 2 0 0
1513 0 2 2 0 0
1514 0 2 2 0 0
1515 0 2 2 0 0
1516 0 2 2 0 0
1517 0 2 2 0 0
1518 0 2 2 0 0
1519 0 2 2 0 0
1520 0 2 2 0 0
1521 0 2 2 0 0
1522 0 2 2 0 0
1523 0 2 2 0 0
1524 0 2 2 0 0
1525 0 2 2 0 0
1526 0 2 2 0 0
1527 0 2 2 0 0
1528 0 2 2 0 0
1529 0 2 2 0 0
1530 0 2 2 0 0
1531 0 2 2 0 0
1532 0 2 2 0 0
1533 0 2 2 0 0
1534 0 2 2 0 0
1535 0 2 2 0 0
1536 0 2 2 0 0
1537 0 2 2 0 0
1538 0 2 2 0 0
1539 0 2 2 0 0
1540 0 2 2 0 0
1541 0 2 2 0 0
1542 0 2 2 0 0
1543 0 2 2 0 0
1544 0 2 2 0 0
1545 2 0 2 0 0
1546 2 0 2 0 0
1547 2 0 2 0 0
1548 2 0 2 0 0
1549 2 0 2 0 0
1550 2 0 2 0 0
1551 2 0 2 0 0
1552 2 0 2 0 0
1553 2 0 2 0 0
1554 2 0 2 0 0
1555 2 0 2 0 0
1556 2 0 2 0 0
1557 2 0 2 0 0
1558 2 0 2 0 0
1559 2 0 2 0 0
1560 2 0 2 0 0
1561 2 0 2 0 0
1562 2 0 2 0 0
1563 2 0 2 0 0
1564 2 0 2 0 0
1565 2 0 2 0 0
1566 2 0 2 0 0
1567 2 0 2 0 0
1568 2 0 2 0 0
1569 2 0 2 0 0
1570 2 0 2 0 0
1571 2 0 2 0 0
1572 2 0 2 0 0
1573 2 0 2 0 0
1574 2 0 2 0 0
1575 2 0 2 0 0
1576 2 0 2 0 0
1577 2 0 2 0 0
1578 2 0 2 0 0
1579 2 0 2 0 0
1580 2 0 2 0 0
1581 2 0 2 0 0
1582 2 0 2 0 0
1583 2 0 2 0 0
1584 2 0 2 0 0
1585 2 0 2 0 0
1586 2 0 2 0 0
1587 2 0 2 0 0
1588 2 0 2 0 0
1589 2 0 2 0 0
1590 2 0 2 0 0
1591 2 0 2 0 0
1592 2 0 2 0 0
1593 2 0 2 0 0
1594 2 0 2 0 0
1595 2 0 2 0 0
1596 2 0 2 0 0
1597 2 0 2 0 0
1598 2 0 2 0 0
1599 2 0 2 0 0
1600 2 0 2 0 0
1601 2 0 2 0 0
1602 2 0 2 0 0
1603 2 0 2 0 0
1604 2 0 2 0 0
1605 2 0 2 0 0
1606 2 0 2 0 0
1607 2 0 2 0 0
1608 2 0 2 0 0
1609 2 0 2 0 0
1610 2 0 2 0 0
1611 2 0 2 0 0
1612 2 0 2 0 0
1613 2 0 2 0 0
1614 2 0 2 0 0
1615 2 0 2 0 0
1616 2 0 2 0 0
1617 2 0 2 0 0
1618 2 0 2 0 0
1619 2 0 2 0 0
1620 2 0 2 0 0
1621 2 0 2 0 0
1622 2 0 2 0 0
1623 2 0 2 0 0
1624 2 0 2 0 0
1625 2 0 2 0 0
1626 2 0 2 0 0
1627 2 0 2 0 0
1628 2 0 2 0 0
1629 2 0 2 0 0
1630 2 0 2 0 0
1631 2 0 2 0 0
1632 2 0 2 0 0
1633 2 0 2 0 0
1634 2 0 2 0 0
1635 2 0 2 0 0
1636 2 0 2 0 0
1637 2 0 2 0 0
1638 2 0 2 0 0
1639 2 0 2 0 0
1640 2 0 2 0 0
1641 2 0 2 0 0
1642 2 0 2 0 0
1643 2 0 2 0 0
1644 2 0 2 0 0
1645 2 0 2 0 0
1646 2 0 2 0 0
1647 2 0 2 0 0
1648 2 0 2 0 0
1649 2 0 2 0 0
1650 2 0 2 0 0
1651 2 0 2 0 0
1652 2 0 2 0 0
1653 2 0 2 0 0
1654 2 0 2 0 0
1655 2 0 2 0 0
1656 2 0 2 0 0
1657 2 0 2 0 0
1658 2 0 2 0 0
1659 2 0 2 0 0
1660 2 0 2 0 0
1661 2 0 2 0 0
1662 2 0 2 0 0
1663 2 0 2 0 0
1664 2 0 2 0 0
1665 2 0 2 0 1
1666 2 0 2 0 1
1667 2 0 2 0 1
1668 2 0 2 0 1
1669 2 0 2 0 1
1670 2 0 2 0 1
1671 2 0 2 0 1
1672 2 0 2 0 1
1673 2 0 2 0 1
1674 2 0 2 0 1
1675 2 0 2 0 1
1676 2 0 2 0 1
1677 2 0 2 0 1
1678 2 0 2 0 1
1679 2 0 2 0 1
1680 2 0 2 0 1
1681 2 0 2 0 1
1682 2 0 2 0 1
1683 2 0 2 0 1
1684 2 0 2 0 1
1685 2 0 2 0 1
1686 2 0 2 0 1
1687 2 0 2 0 1
1688 2 0 2 0 1
1689 2 0 2 0 1
1690 2 0 2 0 1
1691 2 0 2 0 1
1692 2 0 2 0 1
1693 2 0 2 0 1
1694 2 0 2 0 1
1695 2 0 2 0 1
1696 2 0 2 0 1
1697 2 0 2 0 1
1698 2 0 2 0 1
1699 2 0 2 0 1
1700 2 0 2 0 1
1701 2 0 2 0 1
1702 2 0 2 0 1
1703 2 0 2 0 1
1704 2 0 2 0 1
1705 2 0 2 0 1
1706 2 0 2 0 1
1707 2 0 2 0 1
1708 2 0 2 0 1
1709 2 0 2 0 1
1710 2 0 2 0 1
1711 2 0 2 0 1
1712 2 0 2 0 1
1713 2 0 2 0 1
1714 0 0 2 0 2
1715 0 0 2 0 2
1716 0 0 2 0 2
1717 0 0 2 0 2
1718 0 0 2 0 2
1719 0 0 2 0 2
1720 0 0 2 0 2
1721 0 0 2 0 2
1722 0 0 2 0 2
1723 0 0 2 0 2
1724 0 0 2 0 2
1725 0 0 2 0 2
1726 0 0 2 0 2
1727 0 0 2 0 2
1728 0 0 2 0 2
1729 0 0 2 0 2
1730 0 0 2 0 2
1731 0 0 2 0 2
1732 0 0 2 0 2
1733 0 0 2 0 2
1734 0 0 2 0 2
1735 0 0 2 0 2
1736 0 0 2 0 2
1737 0 0 2 0 2
1738 0 0 2 0 2
1739 0 0 2 0 2
1740 0 0 2 0 2
1741 0 0 2 0 2
1742 0 0 2 0 2
1743 0 0 2 0 2
1744 0 0 2 0 2
1745 0 0 2 0 2
1746 0 0 2 0 2
1747 0 0 2 0 2
1748 0 0 2 0 2
1749 0 0 2 0 2
1750 0 0 2 0 2
1751 0 0 2 0 2
1752 0 0 2 0 2
1753 0 0 2 0 2
1754 0 0 2 0 2
1755 0 0 2 0 2
1756 0 0 2 0 2
1757 0 0 2 0 2
1758 0 0 2 0 2
1759 0 0 3 0 2
1760 0 0 3 0 2
1761 0 0 3 0 2
1762 0 0 3 0 2
1763 0 0 3 0 2
1764 0 0 3 0 2
1765 0 0 3 0 2
1766 0 0 3 0 2
1767 0 0 3 0 2
1768 0 0 3 0 2
1769 0 0 3 0 2
1770 0 0 3 0 2
1771 0 0 3 0 2
1772 0 0 3 0 2
1773 0 0 3 0 2
1774 0 0 3 0 0
1775 0 0 3 0 0
1776 0 0 3 0 0
1777 0 0 3 0 0
1778 0 0 3 0 0
1779 0 0 3 0 0
1780 0 0 3 0 0
1781 0 0 2 0 0
1782 0 0 2 0 0
1783 0 0 2 0 0
1784 0 0 3 0 0
1785 0 0 3 0 0
1786 0 0 3 0 0
1787 0 0 3 0 0
1788 0 0 3 0 0
1789 0 0 3 0 0
1790 0 0 3 0 0
1791 0 0 3 0 0
1792 0 0 3 0 0
1793 0 0 3 0 0
1794 0 0 3 0 0
1795 0 0 3 0 0
1796 0 0 3 0 0
1797 0 0 3 0 0
1798 0 0 3 0 0
1799 0 0 0 0 0
1800 0 0 0 0 0
1801 0 0 0 0 0
1802 0 0 0 0 0
1803 0 0 0 0 0
1804 0 0 0 0 0
1805 0 0 0 0 0
1806 0 0 0 0 0
1807 0 0 0 0 0
1808 0 0 0 0 0
1809 0 0 0 0 0
1810 0 0 0 0 0
1811 0 0 0 0 0
1812 0 0 0 0 0
1813 0 0 0 0 0
1814 0 0 3 0 0
1815 0 0 3 0 0
1816 0 0 3 0 0
1817 0 0 3 0 0
1818 0 0 3 0 0
1819 0 0 3 0 0
1820 0 0 3 0 0
1821 0 0 3 0 0
1822 0 0 3 0 0
1823 0 0 3 0 0
1824 0 0 3 0 0
1825 0 0 3 0 0
1826 0 0 3 0 0
1827 0 0 3 0 0
1828 0 0 3 0 0
1829 0 0 2 0 0
1830 0 0 2 0 0
1831 0 0 2 0 0
1832 0 0 2 0 0
1833 0 0 2 0 0
1834 0 0 2 0 0
1835 0 0 2 0 0
1836 0 0 2 0 0
1837 0 0 2 0 0
1838 0 0 2 0 0
1839 0 0 2 0 0
1840 0 0 2 0 0
1841 0 0 2 0 0
1842 0 0 2 0 0
1843 0 0 2 0 0
1844 0 0 2 0 1
1845 0 0 2 0 1
1846 0 0 2 0 1
1847 0 0 2 0 1
1848 0 0 2 0 1
1849 0 0 2 0 1
1850 0 0 2 0 1
1851 0 0 2 0 1
1852 0 0 2 0 1
1853 0 0 2 0 1
1854 0 0 2 0 1
1855 0 0 2 0 1
1856 0 0 2 0 1
1857 0 0 2 0 1
1858 0 0 2 0 1
1859 0 0 2 0 2
1860 0 0 2 0 2
1861 0 0 2 0 2
1862 0 0 2 0 2
1863 0 0 2 0 2
1864 0 0 2 0 2
1865 0 0 2 0 2
1866 0 0 2 0 2
1867 0 0 2 0 2
1868 0 0 2 0 2
1869 0 0 2 0 2
1870 0 0 2 0 2
1871 0 0 2 0 2
1872 0 0 2 0 2
1873 0 0 2 0 2
1874 0 0 2 0 2
1875 0 0 2 0 2
1876 0 0 2 0 2
1877 0 0 2 0 2
1878 0 0 2 0 2
1879 0 0 2 0 2
1880 0 0 2 0 2
1881 0 0 2 0 2
1882 0 0 2 0 2
1883 0 0 2 0 2
1884 0 0 2 0 2
1885 0 0 2 0 2
1886 0 0 2 0 2
1887 0 0 2 0 2
1888 0 0 2 0 2
1889 0 0 2 0 2
1890 0 0 2 0 2
1891 0 0 2 0 2
1892 0 0 2 0 2
1893 0 0 2 0 2
1894 0 0 2 0 2
1895 0 0 2 0 2
1896 0 0 2 0 2
1897 0 0 2 0 2
1898 0 0 2 0 2
1899 0 0 2 0 2
1900 0 0 2 0 2
1901 0 0 2 0 2
1902 0 0 2 0 2
1903 0 0 2 0 2
1904 0 0 2 0 2
1905 0 0 2 0 2
1906 0 0 2 0 2
1907 0 0 2 0 2
1908 0 0 2 0 2
1909 0 0 2 0 2
1910 0 0 2 0 2
1911 0 0 2 0 2
1912 0 0 2 0 2
1913 0 0 2 0 2
1914 0 0 2 0 2
1915 0 0 2 0 2
1916 0 0 2 0 2
1917 0 0 2 0 2
1918 0 0 2 0 2
1919 0 0 2 0 0
1920 0 0 2 0 0
1921 0 0 2 0 0
1922 0 0 2 0 0
1923 0 0 2 0 0
1924 0 0 2 0 0
1925 0 0 2 0 0
1926 0 0 2 0 0
1927 0 0 2 0 0
1928 0 0 2 0 0
1929 0 0 2 0 0
1930 0 0 2 0 0
1931 0 0 2 0 0
1932 0 0 2 0 0
1933 0 0 2 0 0
1934 0 0 2 0 1
1935 0 0 2 0 1
1936 0 0 2 0 1
1937 0 0 2 0 1
1938 0 0 2 0 1
1939 0 0 2 0 1
1940 0 0 2 0 1
1941 0 0 2 0 1
1942 0 0 2 0 1
1943 0 0 2 0 1
1944 0 0 2 0 1
1945 0 0 2 0 1
1946 0 0 2 0 1
1947 0 0 2 0 1
1948 0 0 2 0 1
1949 0 0 2 0 1
1950 0 0 2 0 1
1951 0 0 2 0 1
1952 0 0 2 0 1
1953 0 0 2 0 1
1954 0 0 2 0 1
1955 0 0 2 0 1
1956 0 0 2 0 1
1957 0 0 2 0 1
1958 0 0 2 0 1
1959 0 0 2 0 1
1960 0 0 2 0 1
1961 0 0 2 0 1
1962 0 0 2 0 1
1963 0 0 2 0 1
1964 3 0 2 0 1
1965 3 0 2 0 1
1966 3 0 2 0 1
1967 3 0 2 0 1
1968 3 0 2 0 1
1969 3 0 2 0 1
1970 3 0 2 0 1
1971 3 0 2 0 1
1972 3 0 2 0 1
1973 3 0 2 0 1
1974 3 0 2 0 1
1975 3 0 2 0 1
1976 3 0 2 0 1
1977 3 0 2 0 1
1978 3 0 2 0 1
1979 3 0 2 0 1
1980 3 0 2 0 1
1981 3 0 2 0 1
1982 3 0 2 0 1
1983 3 0 2 0 1
1984 3 0 2 0 1
1985 3 0 2 0 1
1986 3 0 2 0 1
1987 3 0 2 0 1
1988 3 0 2 0 1
1989 3 0 2 0 1
1990 3 0 2 0 1
1991 3 0 2 0 1
1992 3 0 2 0 1
1993 3 0 2 0 1
1994 3 0 2 0 0
1995 3 0 2 0 0
1996 3 0 2 0 0
1997 3 0 2 0 0
1998 3 0 2 0 0
1999 3 0 2 0 0
2000 3 0 2 0 0
2001 3 0 2 0 0
2002 3 0 2 0 0
2003 3 0 2 0 0
2004 3 0 2 0 0
2005 3 0 2 0 0
2006 3 0 2 0 0
2007 3 0 2 0 0
2008 3 0 2 0 0
2009 0 0 2 0 1
2010 0 0 2 0 1
2011 0 0 2 0 1
2012 0 0 2 0 1
2013 0 0 2 0 1
2014 0 0 2 0 1
2015 0 0 2 0 1
2016 0 0 2 0 1
2017 0 0 2 0 1
2018 0 0 2 0 1
2019 0 0 2 0 1
2020 0 0 2 0 1
2021 0 0 2 0 1
2022 0 0 2 0 1
2023 0 0 2 0 1
2024 0 0 2 0 2
2025 0 0 2 0 2
2026 0 0 2 0 2
2027 0 0 2 0 2
2028 0 0 2 0 2
2029 0 0 2 0 2
2030 0 0 2 0 2
2031 0 0 2 0 2
2032 0 0 2 0 2
2033 0 0 2 0 2
2034 0 0 2 0 2
2035 0 0 2 0 2
2036 0 0 2 0 2
2037 0 0 2 0 2
2038 0 0 2 0 2
2039 0 0 2 0 2
2040 0 0 2 0 2
2041 0 0 2 0 2
2042 0 0 2 0 2
2043 0 0 2 0 2
2044 0 0 2 0 2
2045 0 0 2 0 2
2046 0 0 2 0 2
2047 0 0 2 0 2
2048 0 0 2 0 2
2049 0 0 2 0 2
2050 0 0 2 0 2
2051 0 0 2 0 2
2052 0 0 2 0 2
2053 0 0 2 0 2
2054 0 0 2 0 2
2055 0 0 2 0 2
2056 0 0 2 0 2
2057 0 0 2 0 2
2058 0 0 2 0 2
2059 0 0 2 0 2
2060 0 0 2 0 2
2061 0 0 2 0 2
2062 0 0 2 0 2
2063 0 0 2 0 2
2064 0 0 2 0 2
2065 0 0 2 0 2
2066 0 0 2 0 2
2067 0 0 2 0 2
2068 0 0 2 0 2
2069 0 0 2 0 2
2070 0 0 2 0 2
2071 0 0 2 0 2
2072 0 0 2 0 2
2073 0 0 2 0 2
2074 0 0 2 0 2
2075 0 0 2 0 2
2076 0 0 2 0 2
2077 0 0 2 0 2
2078 0 0 2 0 2
2079 0 0 2 0 2
2080 0 0 2 0 2
2081 0 0 2 0 2
2082 0 0 2 0 2
2083 0 0 2 0 2
2084 0 0 2 0 2
2085 0 0 2 0 2
2086 0 0 2 0 2
2087 0 0 2 0 2
2088 0 0 2 0 2
2089 0 0 2 0 2
2090 0 0 2 0 2
2091 0 0 2 0 2
2092 0 0 2 0 2
2093 0 0 2 0 2
2094 0 0 2 0 2
2095 0 0 2 0 2
2096 0 0 2 0 2
2097 0 0 2 0 2
2098 0 0 2 0 2
2099 0 0 2 0 2
2100 0 0 2 0 2
2101 0 0 2 0 2
2102 0 0 2 0 2
2103 0 0 2 0 2
2104 0 0 2 0 2
2105 0 0 2 0 2
2106 0 0 2 0 2
2107 0 0 2 0 2
2108 0 0 2 0 2
2109 0 0 2 0 2
2110 0 0 2 0 2
2111 0 0 2 0 2
2112 0 0 2 0 2
2113 0 0 2 0 2
2114 0 0 2 0 2
2115 0 0 2 0 2
2116 0 0 2 0 2
2117 0 0 2 0 2
2118 0 0 2 0 2
2119 0 0 2 0 2
2120 0 0 2 0 2
2121 0 0 2 0 2
2122 0 0 2 0 2
2123 0 0 2 0 2
2124 0 0 2 0 2
2125 0 0 2 0 2
2126 0 0 2 0 2
2127 0 0 2 0 2
2128 0 0 2 0 2
2129 0 0 2 0 2
2130 0 0 2 0 2
2131 0 0 2 0 2
2132 0 0 2 0 2
2133 0 0 2 0 2
2134 0 0 2 0 2
2135 0 0 2 0 2
2136 0 0 2 0 2
2137 0 0 2 0 2
2138 0 0 2 0 2
2139 0 0 2 0 2
2140 0 0 2 0 2
2141 0 0 2 0 2
2142 0 0 2 0 2
2143 0 0 2 0 2
2144 0 0 2 0 2
2145 0 0 2 0 2
2146 0 0 2 0 2
2147 0 0 2 0 2
2148 0 0 2 0 2
2149 0 0 2 0 2
2150 0 0 2 0 2
2151 0 0 2 0 2
2152 0 0 2 0 2
2153 0 0 2 0 2
2154 0 0 2 0 2
2155 0 0 2 0 2
2156 0 0 2 0 2
2157 0 0 2 0 2
2158 0 0 2 0 2
2159 2 0 2 0 2
2160 2 0 2 0 2
2161 2 0 2 0 2
2162 2 0 2 0 2
2163 2 0 2 0 2
2164 2 0 2 0 2
2165 2 0 2 0 2
2166 2 0 2 0 2
2167 2 0 2 0 2
2168 2 0 2 0 2
2169 2 0 2 0 2
2170 2 0 2 0 2
2171 2 0 2 0 2
2172 2 0 2 0 2
2173 2 0 2 0 2
2174 2 0 2 0 2
2175 2 0 2 0 2
2176 2 0 2 0 2
2177 2 0 2 0 2
2178 2 0 2 0 2
2179 2 0 2 0 2
2180 2 0 2 0 2
2181 2 0 2 0 2
2182 2 0 2 0 2
2183 2 0 2 0 2
2184 2 0 2 0 2
2185 2 0 2 0 2
2186 2 0 2 0 2
2187 2 0 2 0 2
2188 2 0 2 0 2
2189 0 0 2 0 2
2190 0 0 2 0 2
2191 0 0 2 0 2
2192 0 0 2 0 2
2193 0 0 2 0 2
2194 0 0 2 0 2
2195 0 0 2 0 2
2196 0 0 2 0 2
2197 0 0 2 0 2
2198 0 0 2 0 2
2199 0 0 2 0 2
2200 0 0 2 0 2
2201 0 0 2 0 2
2202 0 0 2 0 2
2203 0 0 2 0 2
2204 0 0 2 0 2
2205 0 0 2 0 2
2206 0 0 2 0 2
2207 0 0 2 0 2
2208 0 0 2 0 2
2209 0 0 2 0 2
2210 0 0 2 0 2
2211 0 0 2 0 2
2212 0 0 2 0 2
2213 0 0 2 0 2
2214 0 0 2 0 2
2215 0 0 2 0 2
2216 0 0 2 0 2
2217 0 0 2 0 2
2218 0 0 2 0 2
2219 2 0 2 0 2
2220 2 0 2 0 2
2221 2 0 2 0 2
2222 2 0 2 0 2
2223 2 0 2 0 2
2224 2 0 2 0 2
2225 2 0 2 0 2
2226 2 0 2 0 2
2227 2 0 2 0 2
2228 2 0 2 0 2
2229 2 0 2 0 2
2230 2 0 2 0 2
2231 2 0 2 0 2
2232 2 0 2 0 2
2233 2 0 2 0 2
2234 2 0 2 0 2
2235 2 0 2 0 2
2236 2 0 2 0 2
2237 2 0 2 0 2
2238 2 0 2 0 2
2239 2 0 2 0 2
2240 2 0 2 0 2
2241 2 0 2 0 2
2242 2 0 2 0 2
2243 2 0 2 0 2
2244 2 0 2 0 2
2245 2 0 2 0 2
2246 2 0 2 0 2
2247 2 0 2 0 2
2248 2 0 2 0 2
2249 0 0 2 0 2
2250 0 0 2 0 2
2251 0 0 2 0 2
2252 0 0 2 0 2
2253 0 0 2 0 2
2254 0 0 2 0 2
2255 0 0 2 0 2
2256 0 0 2 0 2
2257 0 0 2 0 2
2258 0 0 2 0 2
2259 0 0 2 0 2
2260 0 0 2 0 2
2261 0 0 2 0 2
2262 0 0 2 0 2
2263 0 0 2 0 2
2264 2 0 3 0 2
2265 2 0 3 0 2
2266 2 0 3 0 2
2267 2 0 3 0 2
2268 2 0 3 0 2
2269 2 0 3 0 2
2270 2 0 3 0 2
2271 2 0 3 0 2
2272 2 0 3 0 2
2273 2 0 3 0 2
2274 2 0 3 0 2
2275 2 0 3 0 2
2276 2 0 3 0 2
2277 2 0 3 0 2
2278 2 0 3 0 2
2279 2 0 3 0 2
2280 2 0 3 0 2
2281 2 0 3 0 2
2282 2 0 3 0 2
2283 2 0 2 0 2
2284 2 0 2 0 2
2285 2 0 2 0 2
2286 2 0 2 0 0
2287 2 0 2 0 0
2288 2 0 2 0 0
2289 2 0 2 0 0
2290 2 0 2 0 0
2291 2 0 2 0 0
2292 2 0 2 0 0
2293 2 0 2 0 0
2294 2 0 2 0 0
2295 2 0 2 0 0
2296 2 0 2 0 0
2297 2 0 2 0 0
2298 2 0 2 0 0
2299 2 0 2 0 0
2300 2 0 2 0 0
2301 2 0 0 0 0
2302 2 0 0 0 0
2303 2 0 0 0 0
2304 2 0 0 0 0
2305 2 0 0 0 0
2306 2 0 0 0 0
2307 2 0 0 0 0
2308 2 0 0 0 0
2309 2 0 0 0 0
2310 2 0 0 0 0
2311 2 0 0 0 0
2312 2 0 0 0 0
2313 2 0 0 0 0
2314 2 0 0 0 0
2315 2 0 0 0 0
2316 0 0 0 0 0
2317 0 0 0 0 0
2318 0 0 0 0 0
2319 0 0 0 0 0
2320 0 0 0 0 0
2321 0 0 0 0 0
2322 0 0 0 0 0
2323 0 0 0 0 0
2324 0 0 0 0 0
2325 0 0 0 0 0
2326 0 0 0 0 0
2327 0 0 0 0 0
2328 0 0 0 0 0
2329 0 0 0 0 0
2330 0 0 0 0 0
2331 2 0 0 0 0
2332 2 0 0 0 0
2333 2 0 0 0 0
2334 2 0 0 0 0
2335 2 0 0 0 0
2336 2 0 0 0 0
2337 2 0 0 0 0
2338 2 0 0 0 0
2339 2 0 0 0 0
2340 2 0 0 0 0
2341 2 0 0 0 0
2342 2 0 0 0 0
2343 2 0 0 0 0
2344 2 0 0 0 0
2345 2 0 0 0 0
2346 2 0 0 0 0
2347 2 0 0 0 0
2348 2 0 0 0 0
2349 2 0 0 0 0
2350 2 0 0 0 0
2351 2 0 0 0 0
2352 2 0 0 0 0
2353 2 0 0 0 0
2354 2 0 0 0 0
2355 2 0 0 0 0
2356 2 0 0 0 0
2357 2 0 0 0 0
2358 2 0 0 0 0
2359 2 0 0 0 0
2360 2 0 0 0 0
2361 2 0 0 0 0
2362 2 0 0 0 0
2363 2 0 0 0 0
2364 2 0 0 0 0
2365 2 0 0 0 0
2366 2 0 0 0 0
2367 2 0 0 0 0
2368 2 0 0 0 0
2369 2 0 0 0 0
2370 2 0 0 0 0
2371 2 0 0 0 0
2372 2 0 0 0 0
2373 2 0 0 0 0
2374 2 0 0 0 0
2375 2 0 0 0 0
2376 0 0 0 0 0
2377 0 0 0 0 0
2378 0 0 0 0 0
2379 0 0 0 0 0
2380 0 0 0 0 0
2381 0 0 0 0 0
2382 0 0 0 0 0
2383 0 0 0 0 0
2384 0 0 0 0 0
2385 0 0 0 0 0
2386 0 0 0 0 0
2387 0 0 0 0 0
2388 0 0 0 0 0
2389 0 0 0 0 0
2390 0 0 0 0 0
2391 2 0 0 0 0
2392 2 0 0 0 0
2393 2 0 0 0 0
2394 2 0 0 0 0
2395 2 0 0 0 0
2396 2 0 0 0 0
2397 2 0 0 0 0
2398 2 0 0 0 0
2399 2 0 0 0 0
2400 2 0 0 0 0
2401 2 0 0 0 0
2402 2 0 0 0 0
2403 2 0 0 0 0
2404 2 0 0 0 0
2405 2 0 0 0 0
2406 2 0 0 0 0
2407 2 0 0 0 0
2408 2 0 0 0 0
2409 2 0 0 0 0
2410 2 0 0 0 0
2411 2 0 0 0 0
2412 2 0 0 0 0
2413 2 0 0 0 0
2414 2 0 0 0 0
2415 2 0 0 0 0
2416 2 0 0 0 0
2417 2 0 0 0 0
2418 2 0 0 0 0
2419 2 0 0 0 0
2420 2 0 0 0 0
2421 2 0 0 0 0
2422 2 0 0 0 0
2423 2 0 0 0 0
2424 2 0 0 0 0
2425 2 0 0 0 0
2426 2 0 0 0 0
2427 2 0 0 0 0
2428 2 0 0 0 0
2429 2 0 0 0 0
2430 2 0 0 0 0
2431 2 0 0 0 0
2432 2 0 0 0 0
2433 2 0 0 0 0
2434 2 0 0 0 0
2435 2 0 0 0 0
2436 2 0 0 0 0
2437 2 0 0 0 0
2438 2 0 0 0 0
2439 2 0 0 0 0
2440 2 0 0 0 0
2441 2 0 0 0 0
2442 2 0 0 0 0
2443 2 0 0 0 0
2444 2 0 0 0 0
2445 2 0 0 0 0
2446 2 0 0 0 0
2447 2 0 0 0 0
2448 2 0 0 0 0
2449 2 0 0 0 0
2450 2 0 0 0 0
2451 2 0 0 0 0
2452 2 0 0 0 0
2453 2 0 0 0 0
2454 2 0 0 0 0
2455 2 0 0 0 0
2456 2 0 0 0 0
2457 2 0 0 0 0
2458 2 0 0 0 0
2459 2 0 0 0 0
2460 2 0 0 0 0
2461 2 0 0 0 0
2462 2 0 0 0 0
2463 2 0 0 0 0
2464 2 0 0 0 0
2465 2 0 0 0 0
2466 2 0 0 0 0
2467 2 0 0 0 0
2468 2 0 0 0 0
2469 2 0 0 0 0
2470 2 0 0 0 0
2471 2 0 0 0 0
2472 2 0 0 0 0
2473 2 0 0 0 0
2474 2 0 0 0 0
2475 2 0 0 0 0
2476 2 0 0 0 0
2477 2 0 0 0 0
2478 2 0 0 0 0
2479 2 0 0 0 0
2480 2 0 0 0 0
2481 2 0 0 0 0
2482 2 0 0 0 0
2483 2 0 0 0 0
2484 2 0 0 0 0
2485 2 0 0 0 0
2486 2 0 0 0 0
2487 2 0 0 0 0
2488 2 0 0 0 0
2489 2 0 0 0 0
2490 2 0 0 0 0
2491 2 0 0 0 0
2492 2 0 0 0 0
2493 2 0 0 0 0
2494 2 0 0 0 0
2495 2 0 0 0 0
2496 2 0 0 0 0
2497 2 0 0 0 0
2498 2 0 0 0 0
2499 2 0 0 0 0
2500 2 0 0 0 0
2501 2 0 0 0 0
2502 2 0 0 0 0
2503 2 0 0 0 0
2504 2 0 0 0 0
2505 2 0 0 0 0
2506 2 0 0 0 0
2507 2 0 0 0 0
2508 2 0 0 0 0
2509 2 0 0 0 0
2510 2 0 0 0 0
2511 2 0 0 0 0
2512 2 0 0 0 0
2513 2 0 0 0 0
2514 2 0 0 0 0
2515 2 0 0 0 0
2516 2 0 0 0 0
2517 2 0 0 0 0
2518 2 0 0 0 0
2519 2 0 0 0 0
2520 2 0 0 0 0
2521 2 0 0 0 0
2522 2 0 0 0 0
2523 2 0 0 0 0
2524 2 0 0 0 0
2525 2 0 0 0 0
2526 2 0 0 0 0
2527 2 0 0 0 0
2528 2 0 0 0 0
2529 2 0 0 0 0
2530 2 0 0 0 0
2531 2 0 0 0 0
2532 2 0 0 0 0
2533 2 0 0 0 0
2534 2 0 0 0 0
2535 2 0 0 0 0
2536 2 0 0 0 0
2537 2 0 0 0 0
2538 2 0 0 0 0
2539 2 0 0 0 0
2540 2 0 0 0 0
2541 2 0 3 0 0
2542 2 0 3 0 0
2543 2 0 3 0 0
2544 2 0 3 0 0
2545 2 0 3 0 0
2546 2 0 3 0 0
2547 2 0 3 0 0
2548 2 0 3 0 0
2549 2 0 3 0 0
2550 2 0 3 0 0
2551 2 0 3 0 0
2552 2 0 3 0 0
2553 2 0 3 0 0
2554 2 0 3 0 0
2555 2 0 3 0 0
2556 2 0 3 0 0
2557 2 0 3 0 0
2558 2 0 3 0 0
2559 2 0 3 0 0
2560 2 0 3 0 0
2561 2 0 3 0 0
2562 2 0 3 0 0
2563 2 0 3 0 0
2564 2 0 3 0 0
2565 2 0 3 0 0
2566 2 0 3 0 0
2567 2 0 3 0 0
2568 2 0 3 0 0
2569 2 0 3 0 0
2570 2 0 3 0 0
2571 0 0 3 0 0
2572 0 0 3 0 0
2573 0 0 3 0 0
2574 0 0 3 0 0
2575 0 0 3 0 0
2576 0 0 3 0 0
2577 0 0 3 0 0
2578 0 0 3 0 0
2579 0 0 3 0 0
2580 0 0 3 0 0
2581 0 0 3 0 0
2582 0 0 3 0 0
2583 0 0 3 0 0
2584 0 0 3 0 0
2585 0 0 3 0 0
2586 2 0 2 0 0
2587 2 0 2 0 0
2588 2 0 2 0 0
2589 2 0 2 0 0
2590 2 0 2 0 0
2591 2 0 2 0 0
2592 2 0 2 0 0
2593 2 0 2 0 0
2594 2 0 2 0 0
2595 2 0 2 0 0
2596 2 0 2 0 0
2597 2 0 2 0 0
2598 2 0 2 0 0
2599 2 0 2 0 0
2600 2 0 2 0 0
2601 2 0 2 0 0
2602 2 0 2 0 0
2603 2 0 2 0 0
2604 2 0 2 0 0
2605 2 0 2 0 0
2606 2 0 2 0 0
2607 2 0 2 0 0
2608 2 0 2 0 0
2609 2 0 2 0 0
2610 2 0 2 0 0
2611 2 0 2 0 0
2612 2 0 2 0 0
2613 2 0 2 0 0
2614 2 0 2 0 0
2615 2 0 2 0 0
2616 2 0 2 0 0
2617 2 0 2 0 0
2618 2 0 2 0 0
2619 2 0 2 0 0
2620 2 0 2 0 0
2621 2 0 2 0 0
2622 2 0 2 0 0
2623 2 0 2 0 0
2624 2 0 2 0 0
2625 2 0 2 0 0
2626 2 0 2 0 0
2627 2 0 2 0 0
2628 2 0 2 0 0
2629 2 0 2 0 0
2630 2 0 2 0 0
2631 2 0 2 0 0
2632 2 0 2 0 0
2633 2 0 2 0 0
2634 2 0 2 0 0
2635 2 0 2 0 0
2636 2 0 2 0 0
2637 2 0 2 0 0
2638 2 0 2 0 0
2639 2 0 2 0 0
2640 2 0 2 0 0
2641 2 0 2 0 0
2642 2 0 2 0 0
2643 2 0 2 0 0
2644 2 0 2 0 0
2645 2 0 2 0 0
2646 2 0 2 0 0
2647 2 0 2 0 0
2648 2 0 2 0 0
2649 2 0 2 0 0
2650 2 0 2 0 0
2651 2 0 2 0 0
2652 2 0 2 0 0
2653 2 0 2 0 0
2654 2 0 2 0 0
2655 2 0 2 0 0
2656 2 0 2 0 0
2657 2 0 2 0 0
2658 2 0 2 0 0
2659 2 0 2 0 0
2660 2 0 2 0 0
2661 2 0 2 0 0
2662 2 0 2 0 0
2663 2 0 2 0 0
2664 2 0 2 0 0
2665 2 0 2 0 0
2666 2 0 2 0 0
2667 2 0 2 0 0
2668 2 0 2 0 0
2669 2 0 2 0 0
2670 2 0 2 0 0
2671 2 0 2 0 0
2672 2 0 2 0 0
2673 2 0 2 0 0
2674 2 0 2 0 0
2675 2 0 2 0 0
2676 2 0 2 0 0
2677 2 0 2 0 0
2678 2 0 2 0 0
2679 2 0 2 0 0
2680 2 0 3 0 0
2681 2 0 3 0 0
2682 2 0 3 0 0
2683 2 0 3 0 0
2684 2 0 3 0 0
2685 2 0 3 0 0
2686 2 0 3 0 0
2687 2 0 3 0 0
2688 2 0 3 0 0
2689 2 0 3 0 0
2690 2 0 3 0 0
2691 2 0 3 0 0
2692 2 0 3 0 0
2693 2 0 3 0 0
2694 2 0 3 0 0
2695 0 0 2 0 0
2696 0 0 2 0 0
2697 0 0 2 0 0
2698 0 0 2 0 0
2699 0 0 2 0 0
2700 0 0 2 0 0
2701 0 0 2 0 0
2702 0 0 2 0 0
2703 0 0 2 0 0
2704 0 0 2 0 0
2705 0 0 2 0 0
2706 0 0 2 0 0
2707 0 0 2 0 0
2708 0 0 2 0 0
2709 0 0 2 0 0
2710 0 0 2 0 0
2711 0 0 2 0 0
2712 0 0 2 0 0
2713 0 0 2 0 0
2714 0 0 2 0 0
2715 0 0 2 0 0
2716 0 0 2 0 0
2717 0 0 2 0 0
2718 0 0 2 0 0
2719 0 0 2 0 0
2720 0 0 2 0 0
2721 0 0 2 0 0
2722 0 0 2 0 0
2723 0 0 2 0 0
2724 0 0 2 0 0
2725 0 0 2 0 0
2726 0 0 2 0 0
2727 0 0 2 0 0
2728 0 0 2 0 0
2729 0 0 2 0 0
2730 0 0 2 0 0
2731 0 0 2 0 0
2732 0 0 2 0 0
2733 0 0 2 0 0
2734 0 0 2 0 0
2735 0 0 2 0 0
2736 0 0 2 0 0
2737 0 0 2 0 0
2738 0 0 2 0 0
2739 0 0 2 0 0
2740 0 0 2 0 1
2741 0 0 2 0 1
2742 0 0 2 0 1
2743 0 0 2 0 1
2744 0 0 2 0 1
2745 0 0 2 0 1
2746 0 0 2 0 1
2747 0 0 2 0 1
2748 0 0 3 0 1
2749 0 0 3 0 1
2750 0 0 3 0 1
2751 0 0 2 0 1
2752 0 0 2 0 1
2753 0 0 2 0 1
2754 0 0 2 0 1
2755 0 0 2 0 1
2756 0 0 2 0 1
2757 0 0 2 0 1
2758 0 0 2 0 1
2759 0 0 2 0 1
2760 0 0 2 0 1
2761 0 0 2 0 1
2762 0 0 2 0 1
2763 0 0 2 0 1
2764 0 0 2 0 1
2765 0 0 2 0 1
2766 0 0 2 0 1
2767 0 0 2 0 1
2768 0 0 2 0 1
2769 0 0 2 0 1
2770 0 0 2 0 1
2771 0 0 2 0 1
2772 0 0 2 0 1
2773 0 0 2 0 1
2774 0 0 2 0 1
2775 0 0 2 0 1
2776 0 0 2 0 1
2777 0 0 2 0 1
2778 0 0 2 0 1
2779 0 0 2 0 1
2780 0 0 2 0 1
2781 0 0 2 0 2
2782 0 0 2 0 2
2783 0 0 2 0 2
2784 0 0 2 0 2
2785 0 0 2 0 2
2786 0 0 2 0 2
2787 0 0 2 0 2
2788 0 0 2 0 2
2789 0 0 2 0 2
2790 0 0 2 0 2
2791 0 0 2 0 2
2792 0 0 2 0 2
2793 0 0 2 0 2
2794 0 0 2 0 2
2795 0 0 2 0 2
2796 0 0 2 0 0
2797 0 0 2 0 0
2798 0 0 2 0 0
2799 0 0 2 0 0
2800 0 0 2 0 0
2801 0 0 2 0 0
2802 0 0 2 0 0
2803 0 0 2 0 0
2804 0 0 2 0 0
2805 0 0 2 0 0
2806 0 0 2 0 0
2807 0 0 2 0 0
2808 0 0 2 0 0
2809 0 0 2 0 0
2810 0 0 2 0 0
2811 0 0 2 0 1
2812 0 0 2 0 1
2813 0 0 2 0 1
2814 0 0 2 0 1
2815 0 0 2 0 1
2816 0 0 2 0 1
2817 0 0 2 0 1
2818 0 0 2 0 1
2819 0 0 2 0 1
2820 0 0 2 0 1
2821 0 0 2 0 1
2822 0 0 2 0 1
2823 0 0 2 0 1
2824 0 0 2 0 1
2825 0 0 2 0 1
2826 0 0 2 0 1
2827 0 0 2 0 1
2828 0 0 2 0 1
2829 0 0 2 0 1
2830 0 0 2 0 1
2831 0 0 2 0 1
2832 0 0 2 0 1
2833 0 0 2 0 1
2834 0 0 2 0 1
2835 0 0 2 0 1
2836 0 0 2 0 1
2837 0 0 2 0 1
2838 0 0 2 0 1
2839 0 0 2 0 1
2840 0 0 2 0 1
2841 0 0 2 0 1
2842 0 0 2 0 1
2843 0 0 2 0 1
2844 0 0 2 0 1
2845 0 0 2 0 1
2846 0 0 2 0 1
2847 0 0 2 0 1
2848 0 0 2 0 1
2849 0 0 2 0 1
2850 0 0 2 0 1
2851 0 0 2 0 1
2852 0 0 2 0 1
2853 0 0 2 0 1
2854 0 0 2 0 1
2855 0 0 2 0 1
2856 0 0 2 0 1
2857 0 0 2 0 1
2858 0 0 2 0 1
2859 0 0 2 0 1
2860 0 0 2 0 1
2861 0 0 2 0 1
2862 0 0 2 0 1
2863 0 0 2 0 1
2864 0 0 2 0 1
2865 0 0 2 0 1
2866 0 0 2 0 1
2867 0 0 2 0 1
2868 0 0 2 0 1
2869 0 0 2 0 1
2870 0 0 2 0 1
2871 0 0 2 0 1
2872 0 0 2 0 1
2873 0 0 2 0 1
2874 0 0 2 0 1
2875 0 0 2 0 1
2876 0 0 2 0 1
2877 0 0 2 0 1
2878 0 0 2 0 1
2879 0 0 2 0 1
2880 0 0 2 0 1
2881 0 0 2 0 1
2882 0 0 2 0 1
2883 0 0 2 0 1
2884 0 0 2 0 1
2885 0 0 2 0 1
2886 0 0 2 0 1
2887 0 0 2 0 1
2888 0 0 2 0 1
2889 0 0 2 0 1
2890 0 0 2 0 1
2891 0 0 2 0 1
2892 0 0 2 0 1
2893 0 0 2 0 1
2894 0 0 2 0 1
2895 0 0 2 0 1
2896 0 0 2 0 1
2897 0 0 2 0 1
2898 0 0 2 0 1
2899 0 0 2 0 1
2900 0 0 2 0 1
2901 0 0 2 0 1
2902 0 0 2 0 1
2903 0 0 2 0 1
2904 0 0 2 0 1
2905 0 0 2 0 1
2906 0 0 2 0 1
2907 0 0 2 0 1
2908 0 0 2 0 1
2909 0 0 2 0 1
2910 0 0 2 0 1
2911 0 0 2 0 1
2912 0 0 2 0 1
2913 0 0 2 0 1
2914 0 0 2 0 1
2915 0 0 2 0 1
2916 0 0 2 0 1
2917 0 0 2 0 1
2918 0 0 2 0 1
2919 0 0 2 0 1
2920 0 0 2 0 1
2921 0 0 2 0 1
2922 0 0 2 0 1
2923 0 0 2 0 1
2924 0 0 2 0 1
2925 0 0 2 0 1
2926 0 0 2 0 1
2927 0 0 2 0 1
2928 0 0 2 0 1
2929 0 0 2 0 1
2930 0 0 2 0 1
2931 0 0 2 0 1
2932 0 0 2 0 1
2933 0 0 2 0 1
2934 0 0 2 0 1
2935 0 0 2 0 1
2936 0 0 2 0 1
2937 0 0 2 0 1
2938 0 0 2 0 1
2939 0 0 2 0 1
2940 0 0 2 0 1
2941 0 0 2 0 1
2942 0 0 2 0 1
2943 0 0 2 0 1
2944 0 0 2 0 1
2945 0 0 2 0 1
2946 0 2 2 0 1
2947 0 2 2 0 1
2948 0 2 2 0 1
2949 0 2 2 0 1
2950 0 2 2 0 1
2951 0 2 2 0 1
2952 0 2 2 0 1
2953 0 2 2 0 1
2954 0 2 2 0 1
2955 0 2 2 0 1
2956 0 2 2 0 1
2957 0 2 2 0 1
2958 0 2 2 0 1
2959 0 2 2 0 1
2960 0 2 2 0 1
2961 2 0 2 0 1
2962 2 0 2 0 1
2963 2 0 2 0 1
2964 2 0 2 0 1
2965 2 0 2 0 1
2966 2 0 2 0 1
2967 2 0 2 0 1
2968 2 0 2 0 1
2969 2 0 2 0 1
2970 2 0 2 0 1
2971 2 0 2 0 1
2972 2 0 2 0 1
2973 2 0 2 0 1
2974 2 0 2 0 1
2975 2 0 2 0 1
2976 2 0 2 0 1
2977 2 0 2 0 1
2978 2 0 2 0 1
2979 2 0 2 0 1
2980 2 0 2 0 1
2981 2 0 2 0 1
2982 2 0 2 0 1
2983 2 0 2 0 1
2984 2 0 2 0 1
2985 2 0 2 0 1
2986 2 0 2 0 1
2987 2 0 2 0 1
2988 2 0 2 0 1
2989 2 0 2 0 1
2990 2 0 2 0 1
2991 2 0 2 0 1
2992 2 0 3 0 1
2993 2 0 3 0 1
2994 2 0 3 0 1
2995 2 0 3 0 1
2996 2 0 3 0 1
2997 2 0 3 0 1
2998 2 0 3 0 1
2999 2 0 3 0 1
3000 2 0 3 0 1
3001 2 0 3 0 1
3002 2 0 3 0 1
3003 2 0 3 0 1
3004 2 0 3 0 1
3005 2 0 3 0 1
3006 2 0 3 0 1
3007 2 0 3 0 1
3008 2 0 3 0 1
3009 2 0 3 0 1
3010 2 0 3 0 1
3011 2 0 3 0 1
3012 2 0 3 0 1
3013 2 0 3 0 1
3014 2 0 3 0 1
3015 2 0 3 0 1
3016 2 0 3 0 1
3017 2 0 3 0 1
3018 2 0 3 0 1
3019 2 0 3 0 1
3020 2 0 3 0 1
3021 2 0 3 0 1
3022 2 0 3 0 1
3023 2 0 3 0 1
3024 2 0 3 0 1
3025 2 0 3 0 1
3026 2 0 3 0 1
3027 2 0 3 0 1
3028 2 0 3 0 1
3029 2 0 3 0 1
3030 2 0 3 0 1
3031 2 0 3 0 1
3032 2 0 3 0 1
3033 2 0 3 0 1
3034 2 0 3 0 1
3035 2 0 3 0 1
3036 2 0 3 0 1
3037 2 0 3 0 1
3038 2 0 3 0 1
3039 2 0 3 0 1
3040 2 0 3 0 1
3041 2 0 3 0 1
3042 2 0 3 0 1
3043 2 0 3 0 1
3044 2 0 3 0 1
3045 2 0 3 0 1
3046 2 0 3 0 1
3047 2 0 3 0 1
3048 2 0 3 0 1
3049 2 0 3 0 1
3050 2 0 3 0 1
3051 2 0 3 0 1
3052 2 0 3 0 1
3053 2 0 3 0 1
3054 2 0 3 0 1
3055 2 0 3 0 1
3056 2 0 3 0 1
3057 2 0 3 0 1
3058 2 0 3 0 1
3059 2 0 3 0 1
3060 2 0 3 0 1
3061 2 0 3 0 1
3062 2 0 3 0 1
3063 2 0 3 0 1
3064 2 0 3 0 1
3065 2 0 3 0 1
3066 2 0 3 0 1
3067 2 0 3 0 1
3068 2 0 3 0 1
3069 2 0 3 0 1
3070 2 0 3 0 1
3071 2 0 3 0 1
3072 2 0 3 0 1
3073 2 0 3 0 1
3074 2 0 3 0 1
3075 2 0 3 0 1
3076 2 0 3 0 1
3077 2 0 3 0 1
3078 2 0 3 0 1
3079 2 0 3 0 1
3080 2 0 3 0 1
3081 2 0 3 0 1
3082 0 0 3 0 0
3083 0 0 3 0 0
3084 0 0 3 0 0
3085 0 0 3 0 0
3086 0 0 3 0 0
3087 0 0 3 0 0
3088 0 0 3 0 0
3089 0 0 3 0 0
3090 0 0 3 0 0
3091 0 0 3 0 0
3092 0 0 3 0 0
3093 0 0 3 0 0
3094 0 0 3 0 0
3095 0 0 3 0 0
3096 0 0 3 0 0
3097 0 0 3 0 0
3098 0 0 3 0 0
3099 0 0 3 0 0
3100 0 0 3 0 0
3101 0 0 3 0 0
3102 0 0 3 0 0
3103 0 0 3 0 0
3104 0 0 3 0 0
3105 0 0 3 0 0
3106 0 0 3 0 0
3107 0 0 3 0 0
3108 0 0 3 0 0
3109 0 0 3 0 0
3110 0 0 3 0 0
3111 0 0 3 0 0
3112 0 0 3 0 0
3113 0 0 3 0 0
3114 0 0 3 0 0
3115 0 0 3 0 0
3116 0 0 3 0 0
3117 0 0 3 0 0
3118 0 0 3 0 0
3119 0 0 3 0 0
3120 0 0 3 0 0
3121 0 0 3 0 0
3122 0 0 3 0 0
3123 0 0 3 0 0
3124 0 0 3 0 0
3125 0 0 3 0 0
3126 0 0 3 0 0
3127 0 0 3 0 0
3128 0 0 3 0 0
3129 0 0 3 0 0
3130 0 0 3 0 0
3131 0 0 3 0 0
3132 0 0 3 0 0
3133 0 0 3 0 0
3134 0 0 3 0 0
3135 0 0 3 0 0
3136 0 0 3 0 0
3137 0 0 3 0 0
3138 0 0 3 0 0
3139 0 0 3 0 0
3140 0 0 3 0 0
3141 0 0 3 0 0
3142 0 0 3 0 0
3143 0 0 3 0 0
3144 0 0 3 0 0
3145 0 0 3 0 0
3146 0 0 3 0 0
3147 0 0 3 0 0
3148 0 0 3 0 0
3149 0 0 3 0 0
3150 0 0 3 0 0
3151 0 0 3 0 0
3152 0 0 3 0 0
3153 0 0 3 0 0
3154 0 0 3 0 0
3155 0 0 3 0 0
3156 0 0 3 0 0
3157 0 0 3 0 0
3158 0 0 3 0 0
3159 0 0 3 0 0
3160 0 0 3 0 0
3161 0 0 3 0 0
3162 0 0 3 0 0
3163 0 0 3 0 0
3164 0 0 3 0 0
3165 0 0 3 0 0
3166 0 0 3 0 0
3167 0 0 3 0 0
3168 0 0 3 0 0
3169 0 0 3 0 0
3170 0 0 3 0 0
3171 0 0 3 0 0
3172 0 0 3 0 0
3173 0 0 3 0 0
3174 0 0 3 0 0
3175 0 0 3 0 0
3176 0 0 3 0 0
3177 0 0 3 0 0
3178 0 0 3 0 0
3179 0 0 3 0 0
3180 0 0 3 0 0
3181 0 0 3 0 0
3182 0 0 3 0 0
3183 0 0 3 0 0
3184 0 0 3 0 0
3185 0 0 3 0 0
3186 2 0 0 0 0
3187 2 0 0 0 0
3188 2 0 0 0 0
3189 2 0 0 0 0
3190 2 0 0 0 0
3191 2 0 0 0 0
3192 2 0 0 0 0
3193 2 0 0 0 0
3194 2 0 0 0 0
3195 2 0 0 0 0
3196 2 0 0 0 0
3197 2 0 0 0 0
3198 2 0 0 0 0
3199 2 0 0 0 0
3200 2 0 0 0 0
3201 2 0 0 0 0
3202 2 0 0 0 0
3203 2 0 0 0 0
3204 2 0 0 0 0
3205 2 0 0 0 0
3206 2 0 0 0 0
3207 2 0 0 0 0
3208 2 0 0 0 0
3209 2 0 0 0 0
3210 2 0 0 0 0
3211 2 0 0 0 0
3212 2 0 0 0 0
3213 2 0 0 0 0
3214 2 0 0 0 0
3215 2 0 0 0 0
3216 2 0 0 0 0
3217 2 0 0 0 0
3218 2 0 0 0 0
3219 2 0 0 0 0
3220 2 0 0 0 0
3221 2 0 0 0 0
3222 2 0 0 0 0
3223 2 0 0 0 0
3224 2 0 0 0 0
3225 2 0 0 0 0
3226 2 0 0 0 0
3227 2 0 0 0 0
3228 2 0 0 0 0
3229 2 0 0 0 0
3230 2 0 0 0 0
3231 2 0 3 0 0
3232 2 0 3 0 0
3233 2 0 3 0 0
3234 2 0 3 0 0
3235 2 0 3 0 0
3236 2 0 3 0 0
3237 2 0 3 0 0
3238 2 0 3 0 0
3239 2 0 3 0 0
3240 2 0 3 0 0
3241 2 0 3 0 0
3242 2 0 3 0 0
3243 2 0 3 0 0
3244 2 0 3 0 0
3245 2 0 3 0 0
3246 3 0 2 0 0
3247 3 0 2 0 0
3248 3 0 2 0 0
3249 3 0 2 0 0
3250 3 0 2 0 0
3251 3 0 2 0 0
3252 3 0 2 0 0
3253 3 0 2 0 0
3254 3 0 2 0 0
3255 3 0 2 0 0
3256 3 0 2 0 0
3257 3 0 2 0 0
3258 3 0 2 0 0
3259 3 0 2 0 0
3260 3 0 2 0 0
3261 3 0 0 0 0
3262 3 0 0 0 0
3263 3 0 0 0 0
3264 3 0 0 0 0
3265 3 0 0 0 0
3266 3 0 0 0 0
3267 3 0 0 0 0
3268 3 0 0 0 0
3269 3 0 0 0 0
3270 3 0 0 0 0
3271 3 0 0 0 0
3272 3 0 0 0 0
3273 3 0 0 0 0
3274 3 0 0 0 0
3275 3 0 0 0 0
3276 2 0 2 0 0
3277 2 0 2 0 0
3278 2 0 2 0 0
3279 2 0 2 0 0
3280 2 0 2 0 0
3281 2 0 2 0 0
3282 2 0 2 0 0
3283 2 0 2 0 0
3284 2 0 2 0 0
3285 2 0 2 0 0
3286 2 0 2 0 0
3287 2 0 2 0 0
3288 2 0 2 0 0
3289 2 0 2 0 0
3290 2 0 2 0 0
3291 2 0 2 0 0
3292 2 0 2 0 0
3293 2 0 2 0 0
3294 2 0 2 0 0
3295 2 0 2 0 0
3296 2 0 2 0 0
3297 2 0 2 0 0
3298 2 0 2 0 0
3299 2 0 2 0 0
3300 2 0 2 0 0
3301 2 0 2 0 0
3302 2 0 2 0 0
3303 2 0 2 0 0
3304 2 0 2 0 0
3305 2 0 2 0 0
3306 2 0 2 0 0
3307 2 0 2 0 0
3308 2 0 2 0 0
3309 2 0 2 0 1
3310 2 0 2 0 1
3311 2 0 2 0 1
3312 2 0 2 0 1
3313 2 0 2 0 1
3314 2 0 2 0 1
3315 2 0 2 0 1
3316 2 0 2 0 1
3317 2 0 2 0 1
3318 2 0 2 0 1
3319 2 0 2 0 1
3320 2 0 2 0 1
3321 2 0 2 0 1
3322 2 0 2 0 1
3323 2 0 2 0 1
3324 2 0 0 0 2
3325 2 0 0 0 2
3326 2 0 0 0 2
3327 2 0 0 0 2
3328 2 0 0 0 2
3329 2 0 0 0 2
3330 2 0 0 0 2
3331 2 0 0 0 2
3332 2 0 0 0 2
3333 2 0 0 0 2
3334 2 0 0 0 2
3335 2 0 0 0 2
3336 2 0 0 0 2
3337 2 0 0 0 2
3338 2 0 0 0 2
3339 3 0 2 0 2
3340 3 0 2 0 2
3341 3 0 2 0 2
3342 3 0 2 0 2
3343 3 0 2 0 2
3344 3 0 2 0 2
3345 3 0 2 0 2
3346 3 0 2 0 2
3347 3 0 2 0 2
3348 3 0 2 0 2
3349 3 0 2 0 2
3350 3 0 2 0 2
3351 3 0 2 0 2
3352 3 0 2 0 2
3353 3 0 2 0 2
3354 2 0 2 0 2
3355 2 0 2 0 2
3356 2 0 2 0 2
3357 2 0 2 0 2
3358 2 0 2 0 2
3359 2 0 2 0 2
3360 2 0 2 0 2
3361 2 0 2 0 2
3362 2 0 2 0 2
3363 2 0 2 0 2
3364 2 0 2 0 2
3365 2 0 2 0 2
3366 2 0 2 0 2
3367 2 0 2 0 2
3368 2 0 2 0 2
3369 3 0 2 0 2
3370 3 0 2 0 2
3371 3 0 2 0 2
3372 3 0 2 0 2
3373 3 0 2 0 2
3374 3 0 2 0 2
3375 3 0 2 0 2
3376 3 0 2 0 2
3377 3 0 2 0 2
3378 3 0 2 0 2
3379 3 0 2 0 2
3380 3 0 2 0 2
3381 3 0 2 0 2
3382 3 0 2 0 2
3383 3 0 2 0 2
3384 3 0 0 0 2
3385 3 0 0 0 2
3386 3 0 0 0 2
3387 3 0 0 0 2
3388 3 0 0 0 2
3389 3 0 0 0 2
3390 3 0 0 0 2
3391 3 0 0 0 2
3392 3 0 0 0 2
3393 3 0 0 0 2
3394 3 0 0 0 2
3395 3 0 0 0 2
3396 3 0 0 0 2
3397 3 0 0 0 2
3398 3 0 0 0 2
3399 3 0 0 0 2
3400 3 0 0 0 2
3401 3 0 0 0 2
3402 3 0 0 0 2
3403 3 0 0 0 2
3404 3 0 0 0 2
3405 3 0 0 0 2
3406 3 0 0 0 2
3407 3 0 0 0 2
3408 3 0 0 0 2
3409 3 0 0 0 2
3410 3 0 0 0 2
3411 3 0 0 0 2
3412 3 0 0 0 2
3413 3 0 0 0 2
3414 3 0 2 0 2
3415 3 0 2 0 2
3416 3 0 2 0 2
3417 3 0 2 0 2
3418 3 0 2 0 2
3419 3 0 2 0 2
3420 3 0 2 0 2
3421 3 0 2 0 2
3422 3 0 2 0 2
3423 3 0 2 0 2
3424 3 0 2 0 2
3425 3 0 2 0 2
3426 3 0 2 0 2
3427 3 0 2 0 2
3428 3 0 2 0 2
3429 3 0 3 0 2
3430 3 0 3 0 2
3431 3 0 3 0 2
3432 3 0 3 0 2
3433 3 0 3 0 2
3434 3 0 3 0 2
3435 3 0 3 0 2
3436 3 0 3 0 2
3437 3 0 3 0 2
3438 3 0 3 0 2
3439 3 0 3 0 2
3440 3 0 3 0 2
3441 3 0 3 0 2
3442 3 0 3 0 2
3443 3 0 3 0 2
3444 0 0 2 0 2
3445 0 0 2 0 2
3446 0 0 2 0 2
3447 0 0 2 0 2
3448 0 0 2 0 2
3449 0 0 2 0 2
3450 0 0 2 0 2
3451 0 0 2 0 2
3452 0 0 2 0 2
3453 0 0 2 0 2
3454 0 0 2 0 2
3455 0 0 2 0 2
3456 0 0 2 0 2
3457 0 0 2 0 2
3458 0 0 2 0 2
3459 2 0 3 0 2
3460 2 0 3 0 2
3461 2 0 3 0 2
3462 2 0 3 0 2
3463 2 0 3 0 2
3464 2 0 3 0 2
3465 2 0 3 0 2
3466 2 0 3 0 2
3467 2 0 3 0 2
3468 2 0 3 0 2
3469 2 0 3 0 2
3470 2 0 3 0 2
3471 2 0 3 0 2
3472 2 0 3 0 2
3473 2 0 3 0 2
3474 2 0 3 0 2
3475 2 0 3 0 2
3476 2 0 3 0 2
3477 2 0 3 0 2
3478 2 0 3 0 2
3479 2 0 3 0 2
3480 2 0 3 0 2
3481 2 0 3 0 2
3482 2 0 3 0 2
3483 2 0 3 0 2
3484 2 0 3 0 2
3485 2 0 3 0 2
3486 2 0 3 0 2
3487 2 0 3 0 2
3488 2 0 3 0 2
3489 3 0 0 0 2
3490 3 0 0 0 2
3491 3 0 0 0 2
3492 3 0 0 0 2
3493 3 0 0 0 2
3494 3 0 0 0 2
3495 3 0 0 0 2
3496 3 0 0 0 2
3497 3 0 0 0 2
3498 3 0 0 0 2
3499 3 0 0 0 2
3500 3 0 0 0 2
3501 3 0 0 0 2
3502 3 0 0 0 2
3503 3 0 0 0 2
3504 3 0 0 0 0
3505 3 0 0 0 0
3506 3 0 0 0 0
3507 3 0 0 0 0
3508 3 0 0 0 0
3509 3 0 0 0 0
3510 3 0 0 0 0
3511 3 0 0 0 0
3512 3 0 0 0 0
3513 3 0 0 0 0
3514 3 0 0 0 0
3515 3 0 0 0 0
3516 3 0 0 0 0
3517 3 0 0 0 0
3518 3 0 0 0 0
3519 3 0 3 0 0
3520 3 0 3 0 0
3521 3 0 3 0 0
3522 3 0 3 0 0
3523 3 0 3 0 0
3524 3 0 3 0 0
3525 3 0 3 0 0
3526 3 0 3 0 0
3527 3 0 3 0 0
3528 3 0 3 0 0
3529 3 0 3 0 0
3530 3 0 3 0 0
3531 3 0 3 0 0
3532 3 0 3 0 0
3533 3 0 3 0 0
3534 0 0 0 0 0
3535 0 0 0 0 0
3536 0 0 0 0 0
3537 0 0 0 0 0
3538 0 0 0 0 0
3539 0 0 0 0 0
3540 0 0 0 0 0
3541 0 0 0 0 0
3542 0 0 0 0 0
3543 0 0 0 0 0
3544 0 0 0 0 0
3545 0 0 0 0 0
3546 0 0 0 0 0
3547 0 0 0 0 0
3548 0 0 0 0 0
3549 3 0 0 0 1
3550 3 0 0 0 1
3551 3 0 0 0 1
3552 3 0 0 0 1
3553 3 0 0 0 1
3554 3 0 0 0 1
3555 3 0 0 0 1
3556 3 0 0 0 1
3557 3 0 0 0 1
3558 3 0 0 0 1
3559 3 0 0 0 1
3560 3 0 0 0 1
3561 3 0 0 0 1
3562 3 0 0 0 1
3563 3 0 0 0 1
3564 3 0 2 0 1
3565 3 0 2 0 1
3566 3 0 2 0 1
3567 3 0 2 0 1
3568 3 0 2 0 1
3569 3 0 2 0 1
3570 3 0 2 0 1
3571 3 0 2 0 1
3572 3 0 2 0 1
3573 3 0 2 0 1
3574 3 0 2 0 1
3575 3 0 2 0 1
3576 3 0 2 0 1
3577 3 0 2 0 1
3578 3 0 2 0 1
3579 3 0 2 0 2
3580 3 0 2 0 2
3581 3 0 2 0 2
3582 3 0 2 0 2
3583 3 0 2 0 2
3584 3 0 2 0 2
3585 3 0 2 0 2
3586 3 0 2 0 2
3587 3 0 2 0 2
3588 3 0 2 0 2
3589 3 0 2 0 2
3590 3 0 2 0 2
3591 3 0 2 0 2
3592 3 0 2 0 2
3593 3 0 2 0 2
3594 3 0 2 0 2
3595 3 0 2 0 2
3596 3 0 2 0 2
3597 3 0 2 0 2
3598 3 0 2 0 2
3599 3 0 2 0 2
3600 3 0 2 0 2
3601 3 0 2 0 2
3602 3 0 2 0 2
3603 3 0 2 0 2
3604 3 0 2 0 2
3605 3 0 2 0 2
3606 3 0 2 0 2
3607 3 0 2 0 2
3608 3 0 2 0 2
3609 3 0 0 0 2
3610 3 0 0 0 2
3611 3 0 0 0 2
3612 3 0 0 0 2
3613 3 0 0 0 2
3614 3 0 0 0 2
3615 3 0 0 0 2
3616 3 0 0 0 2
3617 3 0 0 0 2
3618 3 0 0 0 2
3619 3 0 0 0 2
3620 3 0 0 0 2
3621 3 0 0 0 2
3622 3 0 0 0 2
3623 3 0 0 0 2
3624 3 0 2 0 2
3625 3 0 2 0 2
3626 3 0 2 0 2
3627 3 0 2 0 2
3628 3 0 2 0 2
3629 3 0 2 0 2
3630 3 0 2 0 2
3631 3 0 2 0 2
3632 3 0 2 0 2
3633 3 0 2 0 2
3634 3 0 2 0 2
3635 3 0 2 0 2
3636 3 0 2 0 2
3637 3 0 2 0 2
3638 3 0 2 0 2
3639 3 0 2 0 2
3640 3 0 2 0 2
3641 3 0 2 0 2
3642 3 0 2 0 2
3643 3 0 2 0 2
3644 3 0 2 0 2
3645 3 0 2 0 2
3646 3 0 2 0 2
3647 3 0 2 0 2
3648 3 0 2 0 2
3649 3 0 2 0 2
3650 3 0 2 0 2
3651 3 0 2 0 2
3652 3 0 2 0 2
3653 3 0 2 0 2
3654 3 0 2 0 2
3655 3 0 2 0 2
3656 3 0 2 0 2
3657 3 0 0 0 0
3658 3 0 0 0 0
3659 3 0 0 0 0
3660 3 0 2 0 1
3661 3 0 2 0 1
3662 3 0 2 0 1
3663 3 0 2 0 1
3664 3 0 2 0 1
3665 3 0 2 0 1
3666 3 0 2 0 1
3667 3 0 2 0 1
3668 3 0 2 0 1
3669 3 0 2 0 1
3670 3 0 2 0 1
3671 3 0 2 0 1
3672 3 0 2 0 1
3673 3 0 2 0 1
3674 3 0 2 0 1
3675 3 0 0 0 1
3676 3 0 0 0 1
3677 3 0 0 0 1
3678 3 0 0 0 1
3679 3 0 0 0 1
3680 3 0 0 0 1
3681 3 0 0 0 1
3682 3 0 0 0 1
3683 3 0 0 0 1
3684 3 0 0 0 1
3685 3 0 0 0 1
3686 3 0 0 0 1
3687 3 0 0 0 1
3688 3 0 0 0 1
3689 3 0 0 0 1
3690 3 0 0 0 1
3691 3 0 0 0 1
3692 3 0 0 0 1
3693 3 0 0 0 1
3694 3 0 0 0 1
3695 3 0 0 0 1
3696 3 0 0 0 1
3697 3 0 0 0 1
3698 3 0 0 0 1
3699 3 0 0 0 1
3700 3 0 0 0 1
3701 3 0 0 0 1
3702 3 0 0 0 1
3703 3 0 0 0 1
3704 3 0 0 0 1
3705 3 0 2 0 1
3706 3 0 2 0 1
3707 3 0 2 0 1
3708 3 0 2 0 1
3709 3 0 2 0 1
3710 3 0 2 0 1
3711 3 0 2 0 1
3712 3 0 2 0 1
3713 3 0 2 0 1
3714 3 0 2 0 1
3715 3 0 2 0 1
3716 3 0 2 0 1
3717 3 0 2 0 1
3718 3 0 2 0 1
3719 3 0 2 0 1
3720 3 0 2 0 1
3721 3 0 2 0 1
3722 3 0 2 0 1
3723 3 0 2 0 1
3724 3 0 2 0 1
3725 3 0 2 0 1
3726 3 0 2 0 1
3727 3 0 2 0 1
3728 3 0 2 0 1
3729 3 0 2 0 1
3730 3 0 2 0 1
3731 3 0 2 0 1
3732 3 0 2 0 1
3733 3 0 2 0 1
3734 3 0 2 0 1
3735 3 0 2 0 1
3736 3 0 2 0 1
3737 3 0 2 0 1
3738 3 0 2 0 1
3739 3 0 2 0 1
3740 3 0 2 0 1
3741 3 0 2 0 1
3742 3 0 2 0 1
3743 3 0 2 0 1
3744 3 0 2 0 1
3745 3 0 2 0 1
3746 3 0 2 0 1
3747 3 0 2 0 1
3748 3 0 2 0 1
3749 3 0 2 0 1
3750 3 0 2 0 1
3751 3 0 2 0 1
3752 3 0 2 0 1
3753 3 0 2 0 1
3754 3 0 2 0 1
3755 3 0 2 0 1
3756 3 0 2 0 1
3757 3 0 2 0 1
3758 3 0 2 0 1
3759 3 0 2 0 1
3760 3 0 2 0 1
3761 3 0 2 0 1
3762 3 0 2 0 1
3763 3 0 2 0 1
3764 3 0 2 0 1
3765 3 0 2 0 1
3766 3 0 2 0 1
3767 3 0 2 0 1
3768 3 0 2 0 1
3769 3 0 2 0 1
3770 3 0 2 0 1
3771 3 0 2 0 1
3772 3 0 2 0 1
3773 3 0 2 0 1
3774 3 0 2 0 1
3775 3 0 2 0 1
3776 3 0 2 0 1
3777 3 0 2 0 1
3778 3 0 2 0 1
3779 3 0 2 0 1
3780 3 0 2 0 1
3781 3 0 2 0 1
3782 3 0 2 0 1
3783 3 0 2 0 1
3784 3 0 2 0 1
3785 3 0 2 0 1
3786 3 0 2 0 1
3787 3 0 2 0 1
3788 3 0 2 0 1
3789 3 0 2 0 1
3790 3 0 2 0 1
3791 3 0 2 0 1
3792 3 0 2 0 1
3793 3 0 2 0 1
3794 3 0 2 0 1
3795 3 0 2 0 1
3796 3 0 2 0 1
3797 3 0 2 0 1
3798 3 0 2 0 1
3799 3 0 2 0 1
3800 3 0 2 0 1
3801 3 0 2 0 1
3802 3 0 2 0 1
3803 3 0 2 0 1
3804 3 0 2 0 1
3805 3 0 2 0 1
3806 3 0 2 0 1
3807 3 0 2 0 1
3808 3 0 2 0 1
3809 3 0 2 0 1
3810 3 0 2 0 1
3811 3 0 2 0 1
3812 3 0 2 0 1
3813 3 0 2 0 1
3814 3 0 2 0 1
3815 3 0 2 0 1
3816 3 0 2 0 1
3817 3 0 2 0 1
3818 3 0 2 0 1
3819 3 0 2 0 1
3820 3 0 2 0 1
3821 3 0 2 0 1
3822 3 0 2 0 1
3823 3 0 2 0 1
3824 3 0 2 0 1
3825 3 0 2 0 1
3826 3 0 2 0 1
3827 3 0 2 0 1
3828 3 0 2 0 1
3829 3 0 2 0 1
3830 3 0 2 0 1
3831 3 0 2 0 1
3832 3 0 2 0 1
3833 3 0 2 0 1
3834 3 0 2 0 1
3835 3 0 2 0 1
3836 3 0 2 0 1
3837 3 0 2 0 1
3838 3 0 2 0 1
3839 3 0 2 0 1
3840 3 0 2 0 1
3841 3 0 2 0 1
3842 3 0 2 0 1
3843 3 0 2 0 1
3844 3 0 2 0 1
3845 3 0 2 0 1
3846 3 0 2 0 1
3847 3 0 2 0 1
3848 3 0 2 0 1
3849 3 0 2 0 1
3850 3 0 2 0 1
3851 3 0 2 0 1
3852 3 0 2 0 1
3853 3 0 2 0 1
3854 3 0 2 0 1
3855 3 0 2 0 1
3856 3 0 2 0 1
3857 3 0 2 0 1
3858 3 0 2 0 1
3859 3 0 2 0 1
3860 3 0 2 0 1
3861 3 0 2 0 1
3862 3 0 2 0 1
3863 3 0 2 0 1
3864 3 0 2 0 1
3865 3 0 2 0 1
3866 3 0 2 0 1
3867 3 0 2 0 1
3868 3 0 2 0 1
3869 3 0 2 0 1
3870 0 0 2 0 1
3871 0 0 2 0 1
3872 0 0 2 0 1
3873 0 0 2 0 1
3874 0 0 2 0 1
3875 0 0 2 0 1
3876 0 0 2 0 1
3877 0 0 2 0 1
3878 0 0 2 0 1
3879 0 0 2 0 1
3880 0 0 2 0 1
3881 0 0 2 0 1
3882 0 0 2 0 1
3883 0 0 2 0 1
3884 0 0 2 0 1
3885 0 0 2 0 1
3886 0 0 2 0 1
3887 0 0 2 0 1
3888 0 0 2 0 1
3889 0 0 2 0 1
3890 0 0 2 0 1
3891 0 0 2 0 1
3892 0 0 2 0 1
3893 0 0 2 0 1
3894 0 0 2 0 1
3895 0 0 2 0 1
3896 0 0 2 0 1
3897 0 0 2 0 1
3898 0 0 2 0 1
3899 0 0 2 0 1
3900 0 0 2 0 1
3901 0 0 2 0 1
3902 0 0 2 0 1
3903 0 0 2 0 1
3904 0 0 2 0 1
3905 0 0 2 0 1
3906 0 0 2 0 1
3907 0 0 2 0 1
3908 0 0 2 0 1
3909 0 0 2 0 1
3910 0 0 2 0 1
3911 0 0 2 0 1
3912 0 0 2 0 1
3913 0 0 2 0 1
3914 0 0 2 0 1
3915 0 0 2 0 1
3916 0 0 2 0 1
3917 0 0 2 0 1
3918 0 0 2 0 1
3919 0 0 2 0 1
3920 0 0 2 0 1
3921 0 0 2 0 1
3922 0 0 2 0 1
3923 0 0 2 0 1
3924 0 0 2 0 1
3925 0 0 2 0 1
3926 0 0 2 0 1
3927 0 0 2 0 1
3928 0 0 2 0 1
3929 0 0 2 0 1
3930 0 0 2 0 1
3931 0 0 2 0 1
3932 0 0 2 0 1
3933 0 0 2 0 1
3934 0 0 2 0 1
3935 0 0 2 0 1
3936 0 0 2 0 1
3937 0 0 2 0 1
3938 0 0 2 0 1
3939 0 0 2 0 1
3940 0 0 2 0 1
3941 0 0 2 0 1
3942 0 0 2 0 1
3943 0 0 2 0 1
3944 0 0 2 0 1
3945 0 0 2 0 1
3946 0 0 2 0 1
3947 0 0 2 0 1
3948 0 0 2 0 1
3949 0 0 2 0 1
3950 0 0 2 0 1
3951 0 0 2 0 1
3952 0 0 2 0 1
3953 0 0 2 0 1
3954 0 0 2 0 1
3955 0 0 2 0 1
3956 0 0 2 0 1
3957 0 0 2 0 1
3958 0 0 2 0 1
3959 0 0 2 0 1
3960 0 0 2 0 1
3961 0 0 2 0 1
3962 0 0 2 0 1
3963 0 0 2 0 1
3964 0 0 2 0 1
3965 0 0 2 0 1
3966 0 0 2 0 1
3967 0 0 2 0 1
3968 0 0 2 0 1
3969 0 0 2 0 1
3970 0 0 2 0 1
3971 0 0 2 0 1
3972 0 0 2 0 1
3973 0 0 2 0 1
3974 0 0 2 0 1
3975 0 0 2 0 1
3976 0 0 2 0 1
3977 0 0 2 0 1
3978 0 0 2 0 1
3979 0 0 2 0 1
3980 0 0 2 0 1
3981 0 0 2 0 1
3982 0 0 2 0 1
3983 0 0 2 0 1
3984 0 0 2 0 1
3985 0 0 2 0 1
3986 0 0 2 0 1
3987 0 0 2 0 1
3988 0 0 2 0 1
3989 0 0 2 0 1
3990 3 0 2 0 1
3991 3 0 2 0 1
3992 3 0 2 0 1
3993 3 0 2 0 1
3994 3 0 2 0 1
3995 3 0 2 0 1
3996 3 0 2 0 1
3997 3 0 2 0 1
3998 3 0 2 0 1
3999 3 0 2 0 1
4000 3 0 2 0 1
4001 3 0 2 0 1
4002 3 0 2 0 1
4003 3 0 2 0 1
4004 3 0 2 0 1
4005 3 0 2 0 1
4006 3 0 2 0 1
4007 3 0 2 0 1
4008 3 0 2 0 1
4009 3 0 2 0 1
4010 3 0 2 0 1
4011 3 0 2 0 1
4012 0 0 2 0 1
4013 0 0 2 0 1
4014 0 0 2 0 1
4015 0 0 2 0 1
4016 0 0 2 0 1
4017 0 0 2 0 1
4018 0 0 2 0 1
4019 0 0 2 0 1
4020 0 0 2 0 1
4021 0 0 2 0 1
4022 0 0 2 0 1
4023 0 0 2 0 1
4024 0 0 2 0 1
4025 0 0 2 0 1
4026 0 0 2 0 1
4027 0 0 2 0 1
4028 0 0 2 0 1
4029 0 0 2 0 1
4030 0 0 2 0 1
4031 0 0 2 0 1
4032 0 0 2 0 1
4033 0 0 2 0 1
4034 0 0 2 0 1
4035 0 0 2 0 1
4036 0 0 2 0 1
4037 0 0 2 0 1
4038 0 0 2 0 1
4039 0 0 2 0 1
4040 0 0 2 0 1
4041 0 0 2 0 1
4042 0 0 2 0 1
4043 0 0 2 0 1
4044 0 0 2 0 1
4045 0 0 2 0 1
4046 0 0 2 0 1
4047 0 0 2 0 1
4048 0 0 2 0 1
4049 0 0 2 0 1
4050 0 0 2 0 1
4051 0 0 2 0 1
4052 0 0 2 0 1
4053 0 0 2 0 1
4054 0 0 2 0 1
4055 0 0 2 0 1
4056 0 0 2 0 1
4057 3 0 2 0 2
4058 3 0 2 0 2
4059 3 0 2 0 2
4060 3 0 2 0 2
4061 3 0 2 0 2
4062 3 0 2 0 2
4063 3 0 2 0 2
4064 3 0 2 0 2
4065 3 0 2 0 2
4066 3 0 2 0 2
4067 3 0 2 0 2
4068 3 0 2 0 2
4069 3 0 2 0 2
4070 3 0 2 0 2
4071 3 0 2 0 2
4072 3 0 2 0 2
4073 3 0 2 0 2
4074 3 0 2 0 2
4075 3 0 2 0 2
4076 3 0 2 0 2
4077 3 0 2 0 2
4078 3 0 2 0 2
4079 3 0 2 0 2
4080 3 0 2 0 2
4081 3 0 2 0 2
4082 3 0 2 0 2
4083 3 0 2 0 2
4084 3 0 2 0 2
4085 3 0 2 0 2
4086 3 0 2 0 2
4087 3 0 2 0 2
4088 3 0 2 0 2
4089 3 0 2 0 2
4090 3 0 2 0 2
4091 3 0 2 0 2
4092 3 0 2 0 2
4093 3 0 2 0 2
4094 3 0 2 0 2
4095 3 0 2 0 2
4096 3 0 2 0 2
4097 3 0 2 0 2
4098 3 0 2 0 2
4099 3 0 2 0 2
4100 3 0 2 0 2
4101 3 0 2 0 2
4102 2 0 2 0 2
4103 2 0 2 0 2
4104 2 0 2 0 2
4105 2 0 2 0 2
4106 2 0 2 0 2
4107 2 0 2 0 2
4108 2 0 2 0 2
4109 2 0 2 0 2
4110 2 0 2 0 2
4111 2 0 2 0 2
4112 2 0 2 0 2
4113 2 0 2 0 2
4114 2 0 2 0 2
4115 2 0 2 0 2
4116 2 0 2 0 2
4117 2 0 2 0 2
4118 2 0 2 0 2
4119 2 0 2 0 2
4120 2 0 2 0 2
4121 2 0 2 0 2
4122 2 0 2 0 2
4123 2 0 2 0 2
4124 2 0 2 0 2
4125 2 0 2 0 2
4126 2 0 2 0 2
4127 2 0 2 0 2
4128 2 0 2 0 2
4129 2 0 2 0 2
4130 2 0 2 0 2
4131 2 0 2 0 2
4132 3 0 2 0 2
4133 3 0 2 0 2
4134 3 0 2 0 2
4135 3 0 2 0 2
4136 3 0 2 0 2
4137 3 0 2 0 2
4138 3 0 2 0 2
4139 3 0 2 0 2
4140 3 0 2 0 2
4141 3 0 2 0 2
4142 3 0 2 0 2
4143 3 0 2 0 2
4144 3 0 2 0 2
4145 3 0 2 0 2
4146 3 0 2 0 2
4147 2 0 2 0 2
4148 2 0 2 0 2
4149 2 0 2 0 2
4150 2 0 2 0 2
4151 2 0 2 0 2
4152 2 0 2 0 2
4153 2 0 2 0 2
4154 2 0 2 0 2
4155 2 0 2 0 2
4156 2 0 2 0 2
4157 2 0 2 0 2
4158 2 0 2 0 2
4159 2 0 2 0 2
4160 2 0 2 0 2
4161 2 0 2 0 2
4162 2 0 2 0 2
4163 2 0 2 0 2
4164 2 0 2 0 2
4165 2 0 2 0 2
4166 2 0 2 0 2
4167 2 0 2 0 2
4168 2 0 2 0 2
4169 2 0 2 0 2
4170 2 0 2 0 2
4171 2 0 2 0 2
4172 2 0 2 0 2
4173 2 0 2 0 2
4174 2 0 2 0 2
4175 2 0 2 0 2
4176 2 0 2 0 2
4177 3 0 2 0 2
4178 3 0 2 0 2
4179 3 0 2 0 2
4180 3 0 2 0 2
4181 3 0 2 0 2
4182 3 0 2 0 2
4183 3 0 2 0 2
4184 3 0 2 0 2
4185 3 0 2 0 2
4186 3 0 2 0 2
4187 3 0 2 0 2
4188 3 0 2 0 2
4189 3 0 2 0 2
4190 3 0 2 0 2
4191 3 0 2 0 2
4192 2 0 2 0 2
4193 2 0 2 0 2
4194 2 0 2 0 2
4195 2 0 2 0 2
4196 2 0 2 0 2
4197 2 0 2 0 2
4198 2 0 2 0 2
4199 2 0 2 0 2
4200 2 0 2 0 2
4201 2 0 2 0 2
4202 2 0 2 0 2
4203 2 0 2 0 2
4204 2 0 2 0 2
4205 2 0 2 0 2
4206 2 0 2 0 2
4207 2 0 2 0 2
4208 2 0 2 0 2
4209 2 0 2 0 2
4210 2 0 2 0 2
4211 2 0 2 0 2
4212 2 0 2 0 2
4213 2 0 2 0 2
4214 2 0 2 0 2
4215 2 0 2 0 2
4216 2 0 2 0 2
4217 2 0 2 0 2
4218 2 0 2 0 2
4219 2 0 2 0 2
4220 2 0 2 0 2
4221 2 0 2 0 2
4222 2 0 0 0 2
4223 2 0 0 0 2
4224 2 0 0 0 2
4225 2 0 0 0 2
4226 2 0 0 0 2
4227 2 0 0 0 2
4228 2 0 0 0 2
4229 2 0 0 0 2
4230 2 0 0 0 2
4231 2 0 0 0 2
4232 2 0 0 0 2
4233 2 0 0 0 2
4234 2 0 0 0 2
4235 2 0 0 0 2
4236 2 0 0 0 2
4237 2 0 2 0 2
4238 2 0 2 0 2
4239 2 0 2 0 2
4240 2 0 2 0 2
4241 2 0 2 0 2
4242 2 0 2 0 2
4243 2 0 2 0 2
4244 2 0 2 0 2
4245 2 0 2 0 2
4246 2 0 2 0 2
4247 2 0 2 0 2
4248 2 0 2 0 2
4249 2 0 2 0 2
4250 2 0 2 0 2
4251 2 0 2 0 2
4252 2 0 2 0 2
4253 2 0 2 0 2
4254 2 0 2 0 2
4255 2 0 2 0 2
4256 2 0 2 0 2
4257 2 0 2 0 2
4258 2 0 2 0 2
4259 2 0 2 0 2
4260 2 0 2 0 2
4261 2 0 2 0 2
4262 2 0 2 0 2
4263 2 0 2 0 2
4264 2 0 2 0 2
4265 2 0 2 0 2
4266 2 0 2 0 2
4267 2 0 2 0 2
4268 2 0 2 0 2
4269 2 0 2 0 2
4270 2 0 2 0 2
4271 2 0 2 0 2
4272 2 0 2 0 2
4273 2 0 2 0 2
4274 2 0 2 0 2
4275 2 0 2 0 2
4276 2 0 2 0 2
4277 2 0 2 0 2
4278 2 0 2 0 2
4279 2 0 2 0 2
4280 2 0 2 0 2
4281 2 0 2 0 2
4282 2 0 2 0 2
4283 2 0 2 0 2
4284 2 0 2 0 2
4285 2 0 2 0 2
4286 2 0 2 0 2
4287 2 0 2 0 2
4288 2 0 2 0 2
4289 2 0 2 0 2
4290 2 0 2 0 2
4291 2 0 2 0 2
4292 2 0 2 0 2
4293 2 0 2 0 2
4294 2 0 2 0 2
4295 2 0 2 0 2
4296 2 0 2 0 2
4297 2 0 2 0 2
4298 2 0 2 0 2
4299 2 0 2 0 2
4300 2 0 2 0 2
4301 2 0 2 0 2
4302 2 0 2 0 2
4303 2 0 2 0 2
4304 2 0 2 0 2
4305 2 0 2 0 2
4306 2 0 2 0 2
4307 2 0 2 0 2
4308 2 0 2 0 2
4309 2 0 2 0 2
4310 2 0 2 0 2
4311 2 0 2 0 2
4312 2 0 2 0 2
4313 2 0 2 0 2
4314 2 0 2 0 2
4315 2 0 2 0 2
4316 2 0 2 0 2
4317 2 0 2 0 2
4318 2 0 2 0 2
4319 0 3 2 0 2
4320 0 3 2 0 2
4321 0 3 2 0 2
4322 0 3 2 0 2
4323 0 3 2 0 2
4324 0 3 2 0 2
4325 0 3 2 0 2
4326 0 3 2 0 2
4327 0 3 2 0 2
4328 0 3 2 0 2
4329 0 3 2 0 2
4330 0 3 2 0 2
4331 0 3 2 0 2
4332 0 3 2 0 2
4333 0 3 2 0 2
4334 0 3 2 0 2
4335 0 3 2 0 2
4336 0 3 2 0 2
4337 0 0 2 0 2
4338 0 0 2 0 2
4339 0 0 2 0 2
4340 0 0 2 0 2
4341 0 0 2 0 2
4342 0 0 2 0 2
4343 0 0 2 0 2
4344 0 0 2 0 2
4345 0 0 2 0 2
4346 0 0 2 0 2
4347 0 0 2 0 2
4348 0 0 2 0 2
4349 0 0 2 0 2
4350 0 0 2 0 2
4351 0 0 2 0 2
4352 0 0 3 0 2
4353 0 0 3 0 2
4354 0 0 3 0 2
4355 0 0 3 0 2
4356 0 0 3 0 2
4357 0 0 3 0 2
4358 0 0 3 0 2
4359 0 0 3 0 2
4360 0 0 3 0 2
4361 0 0 3 0 2
4362 0 0 3 0 2
4363 0 0 3 0 2
4364 0 0 3 0 2
4365 0 0 3 0 2
4366 0 0 3 0 2
4367 0 0 0 0 2
4368 0 0 0 0 2
4369 0 0 0 0 2
4370 0 0 0 0 2
4371 0 0 0 0 2
4372 0 0 0 0 0
4373 0 0 0 0 0
4374 0 0 0 0 0
4375 0 0 0 0 0
4376 0 0 0 0 0
4377 0 0 0 0 0
4378 0 0 0 0 0
4379 0 0 0 0 0
4380 0 0 0 0 0
4381 0 0 0 0 0
4382 0 0 0 0 0
4383 0 0 0 0 0
4384 0 0 0 0 0
4385 0 0 0 0 0
4386 0 0 0 0 0
4387 0 0 0 0 0
4388 0 0 0 0 0
4389 0 0 0 0 0
4390 0 0 0 0 1
4391 0 0 0 0 1
4392 0 0 0 0 1
4393 0 0 0 0 1
4394 0 0 0 0 1
4395 0 0 0 0 1
4396 0 0 0 0 1
4397 0 0 0 0 1
4398 0 0 0 0 1
4399 0 0 0 0 1
4400 0 0 0 0 1
4401 0 0 0 0 1
4402 0 0 0 0 1
4403 0 0 0 0 1
4404 0 0 0 0 1
4405 0 0 0 0 2
4406 0 0 0 0 2
4407 0 0 0 0 2
4408 0 0 0 0 2
4409 0 0 0 0 2
4410 0 0 0 0 2
4411 0 0 0 0 2
4412 0 0 0 0 2
4413 0 0 0 0 2
4414 0 0 0 0 2
4415 0 0 0 0 2
4416 0 0 0 0 2
4417 0 0 0 0 2
4418 0 0 0 0 2
4419 0 0 0 0 2
4420 0 0 2 0 2
4421 0 0 2 0 2
4422 0 0 2 0 2
4423 0 0 2 0 2
4424 0 0 2 0 2
4425 0 0 2 0 2
4426 0 0 2 0 2
4427 0 0 2 0 2
4428 0 0 2 0 2
4429 0 0 2 0 2
4430 0 0 2 0 2
4431 0 0 2 0 2
4432 0 0 2 0 2
4433 0 0 2 0 2
4434 0 0 2 0 2
4435 0 0 2 0 2
4436 0 0 2 0 2
4437 0 0 2 0 2
4438 0 0 2 0 2
4439 0 0 2 0 2
4440 0 0 2 0 2
4441 0 0 2 0 2
4442 0 0 2 0 2
4443 0 0 2 0 2
4444 0 0 2 0 2
4445 0 0 2 0 2
4446 0 0 2 0 2
4447 0 0 2 0 2
4448 0 0 2 0 2
4449 0 0 2 0 2
4450 0 0 2 0 2
4451 0 0 2 0 2
4452 0 0 2 0 2
4453 0 0 2 0 2
4454 0 0 2 0 2
4455 0 0 2 0 2
4456 0 0 2 0 2
4457 0 0 2 0 2
4458 0 0 2 0 2
4459 0 0 2 0 2
4460 0 0 2 0 2
4461 0 0 2 0 2
4462 0 0 2 0 2
4463 0 0 2 0 2
4464 0 0 2 0 2
4465 0 0 2 0 2
4466 0 0 2 0 2
4467 0 0 2 0 2
4468 0 0 2 0 2
4469 0 0 2 0 2
4470 0 0 2 0 2
4471 0 0 2 0 2
4472 0 0 2 0 2
4473 0 0 2 0 2
4474 0 0 2 0 2
4475 0 0 2 0 2
4476 0 0 2 0 2
4477 0 0 2 0 2
4478 0 0 2 0 2
4479 0 0 2 0 2
4480 0 0 2 0 2
4481 0 0 2 0 2
4482 0 0 2 0 2
4483 0 0 2 0 2
4484 0 0 2 0 2
4485 0 0 2 0 2
4486 0 0 2 0 2
4487 0 0 2 0 2
4488 0 0 2 0 2
4489 0 0 2 0 2
4490 0 0 2 0 2
4491 0 0 2 0 2
4492 0 0 2 0 2
4493 0 0 2 0 2
4494 0 0 2 0 2
4495 0 0 2 0 2
4496 0 0 2 0 2
4497 0 0 2 0 2
4498 0 0 2 0 2
4499 0 0 2 0 2
4500 0 0 2 0 2
4501 0 0 2 0 2
4502 0 0 2 0 2
4503 0 0 2 0 2
4504 0 0 2 0 2
4505 0 0 2 0 2
4506 0 0 2 0 2
4507 0 0 2 0 2
4508 0 0 2 0 2
4509 0 0 2 0 2
4510 0 0 2 0 2
4511 0 0 2 0 2
4512 0 0 2 0 2
4513 0 0 2 0 2
4514 0 0 2 0 2
4515 0 0 2 0 2
4516 0 0 2 0 2
4517 0 0 2 0 2
4518 0 0 2 0 2
4519 0 0 2 0 2
4520 0 0 2 0 2
4521 0 0 2 0 2
4522 0 0 2 0 2
4523 0 0 2 0 2
4524 0 0 2 0 2
4525 0 0 2 0 2
4526 0 0 2 0 2
4527 0 0 2 0 2
4528 0 0 2 0 2
4529 0 0 2 0 2
4530 0 0 2 0 2
4531 0 0 2 0 2
4532 0 0 2 0 2
4533 0 0 2 0 2
4534 0 0 2 0 2
4535 0 0 2 0 2
4536 0 0 2 0 2
4537 0 0 2 0 2
4538 0 0 2 0 2
4539 0 0 2 0 2
4540 0 0 2 0 2
4541 0 0 2 0 2
4542 0 0 2 0 2
4543 0 0 2 0 2
4544 0 0 2 0 2
4545 0 0 2 0 2
4546 0 0 2 0 2
4547 0 0 2 0 2
4548 0 0 2 0 2
4549 0 0 2 0 2
4550 0 0 2 0 2
4551 0 0 2 0 2
4552 0 0 2 0 2
4553 0 0 2 0 2
4554 0 0 2 0 2
4555 0 0 2 0 2
4556 0 0 2 0 2
4557 0 0 2 0 2
4558 0 0 2 0 2
4559 0 0 2 0 2
4560 0 0 2 0 2
4561 0 0 2 0 2
4562 0 0 2 0 2
4563 0 0 2 0 2
4564 0 0 2 0 2
4565 0 0 2 0 2
4566 0 0 2 0 2
4567 0 0 2 0 2
4568 0 0 2 0 2
4569 0 0 2 0 2
4570 0 0 2 0 2
4571 0 0 2 0 2
4572 0 0 2 0 2
4573 0 0 2 0 2
4574 0 0 2 0 2
4575 0 0 2 0 2
4576 0 0 2 0 2
4577 0 0 2 0 2
4578 0 0 2 0 2
4579 0 0 2 0 2
4580 0 0 2 0 2
4581 0 0 2 0 2
4582 0 0 2 0 2
4583 0 0 2 0 2
4584 0 0 2 0 2
4585 0 0 2 0 2
4586 0 0 2 0 2
4587 0 0 2 0 2
4588 0 0 2 0 2
4589 0 0 2 0 2
4590 0 0 2 0 2
4591 0 0 2 0 2
4592 0 0 2 0 2
4593 0 0 2 0 2
4594 0 0 2 0 2
4595 0 0 2 0 2
4596 0 0 2 0 2
4597 0 0 2 0 2
4598 0 0 2 0 2
4599 0 0 2 0 2
4600 0 0 2 0 2
4601 0 0 2 0 2
4602 0 0 2 0 2
4603 0 0 2 0 2
4604 0 0 2 0 2
4605 0 0 2 0 2
4606 0 0 2 0 2
4607 0 0 2 0 2
4608 0 0 2 0 2
4609 0 0 2 0 2
4610 0 0 2 0 2
4611 0 0 2 0 2
4612 0 0 2 0 2
4613 0 0 2 0 2
4614 0 0 2 0 2
4615 0 0 2 0 2
4616 0 0 2 0 2
4617 0 0 2 0 2
4618 0 0 2 0 2
4619 0 0 2 0 2
4620 0 0 2 0 2
4621 0 0 2 0 2
4622 0 0 2 0 2
4623 0 0 2 0 2
4624 0 0 2 0 2
4625 0 0 2 0 2
4626 0 0 2 0 2
4627 0 0 2 0 2
4628 0 0 2 0 2
4629 0 0 2 0 2
4630 0 0 2 0 2
4631 0 0 2 0 2
4632 0 0 2 0 2
4633 0 0 2 0 2
4634 0 0 2 0 2
4635 0 0 2 0 2
4636 0 0 2 0 2
4637 0 0 2 0 2
4638 0 0 2 0 2
4639 0 0 2 0 2
4640 0 0 2 0 2
4641 0 0 2 0 2
4642 0 0 2 0 2
4643 0 0 2 0 2
4644 0 0 2 0 2
4645 2 0 2 0 2
4646 2 0 2 0 2
4647 2 0 2 0 2
4648 2 0 2 0 2
4649 2 0 2 0 2
4650 2 0 2 0 2
4651 2 0 2 0 2
4652 2 0 2 0 2
4653 2 0 2 0 2
4654 2 0 2 0 2
4655 2 0 2 0 2
4656 2 0 2 0 2
4657 2 0 2 0 2
4658 2 0 2 0 2
4659 2 0 2 0 2
4660 0 2 2 0 2
4661 0 2 2 0 2
4662 0 2 2 0 2
4663 0 2 2 0 2
4664 0 2 2 0 2
4665 0 2 2 0 2
4666 0 2 2 0 2
4667 0 2 2 0 2
4668 0 2 2 0 2
4669 0 2 2 0 2
4670 0 2 2 0 2
4671 0 2 2 0 2
4672 0 2 2 0 2
4673 0 2 2 0 2
4674 0 2 2 0 2
4675 2 0 2 0 2
4676 2 0 2 0 2
4677 2 0 2 0 2
4678 2 0 2 0 2
4679 2 0 2 0 2
4680 2 0 2 0 2
4681 2 0 2 0 2
4682 2 0 2 0 2
4683 2 0 2 0 2
4684 2 0 2 0 2
4685 2 0 2 0 2
4686 2 0 2 0 2
4687 2 0 2 0 2
4688 2 0 2 0 2
4689 2 0 2 0 2
4690 2 0 2 0 2
4691 2 0 2 0 2
4692 2 0 2 0 2
4693 2 0 2 0 2
4694 2 0 2 0 2
4695 2 0 2 0 2
4696 2 0 2 0 2
4697 2 0 2 0 2
4698 2 0 2 0 2
4699 2 0 2 0 2
4700 2 0 2 0 2
4701 2 0 2 0 2
4702 2 0 2 0 2
4703 2 0 2 0 2
4704 2 0 2 0 2
4705 2 0 2 0 2
4706 2 0 2 0 2
4707 2 0 2 0 2
4708 2 0 2 0 2
4709 2 0 2 0 2
4710 2 0 2 0 2
4711 2 0 2 0 2
4712 2 0 2 0 2
4713 2 0 2 0 2
4714 2 0 2 0 2
4715 2 0 2 0 2
4716 2 0 2 0 2
4717 2 0 2 0 2
4718 2 0 2 0 2
4719 2 0 2 0 2
4720 2 0 3 0 2
4721 2 0 3 0 2
4722 2 0 3 0 2
4723 2 0 3 0 2
4724 2 0 3 0 2
4725 2 0 3 0 2
4726 2 0 3 0 2
4727 2 0 3 0 2
4728 2 0 3 0 2
4729 2 0 3 0 2
4730 2 0 3 0 2
4731 2 0 3 0 2
4732 2 0 3 0 2
4733 2 0 3 0 2
4734 2 0 3 0 2
4735 3 0 0 0 0
4736 3 0 0 0 0
4737 3 0 0 0 0
4738 3 0 0 0 0
4739 3 0 0 0 0
4740 3 0 0 0 0
4741 3 0 0 0 0
4742 3 0 0 0 0
4743 3 0 0 0 0
4744 3 0 0 0 0
4745 3 0 0 0 0
4746 3 0 0 0 0
4747 3 0 0 0 0
4748 3 0 0 0 0
4749 3 0 0 0 0
4750 3 0 0 0 0
4751 3 0 0 0 0
4752 3 0 0 0 0
4753 3 0 0 0 0
4754 3 0 0 0 0
4755 3 0 0 0 0
4756 3 0 0 0 0
4757 3 0 0 0 0
4758 3 0 0 0 0
4759 3 0 0 0 0
4760 3 0 0 0 0
4761 3 0 0 0 0
4762 3 0 0 0 0
4763 3 0 0 0 0
4764 3 0 0 0 0
4765 0 0 0 0 0
4766 0 0 0 0 0
4767 0 0 0 0 0
4768 0 0 0 0 0
4769 0 0 0 0 0
4770 0 0 0 0 0
4771 0 0 0 0 0
4772 0 0 0 0 0
4773 0 0 0 0 0
4774 0 0 0 0 0
4775 0 0 0 0 0
4776 0 0 0 0 0
4777 0 0 0 0 0
4778 0 0 0 0 0
4779 0 0 0 0 0
4780 0 0 0 0 0
4781 0 0 0 0 0
4782 0 0 0 0 0
4783 0 0 0 0 0
4784 0 0 0 0 0
4785 0 0 0 0 0
4786 0 0 0 0 0
4787 0 0 0 0 0
4788 0 0 0 0 0
4789 0 0 0 0 0
4790 0 0 0 0 0
4791 0 0 0 0 0
4792 0 0 0 0 0
4793 0 0 0 0 0
4794 0 0 0 0 0
4795 0 0 0 0 0
4796 0 0 0 0 0
4797 0 0 0 0 0
4798 0 0 0 0 0
4799 0 0 0 0 0
4800 0 0 0 0 0
4801 0 0 0 0 0
4802 0 0 0 0 0
4803 0 0 0 0 0
4804 0 0 0 0 0
4805 0 0 0 0 0
4806 0 0 0 0 0
4807 0 0 0 0 0
4808 0 0 0 0 0
4809 0 0 0 0 0
4810 0 0 0 0 0
4811 0 0 0 0 0
4812 0 0 0 0 0
4813 0 0 0 0 0
4814 0 0 0 0 0
4815 0 0 0 0 0
4816 0 0 0 0 0
4817 0 0 0 0 0
4818 0 0 0 0 0
4819 0 0 0 0 0
4820 0 0 0 0 0
4821 0 0 0 0 0
4822 0 0 0 0 0
4823 0 0 0 0 0
4824 0 0 0 0 0
4825 0 0 0 0 0
4826 0 0 0 0 0
4827 0 0 0 0 0
4828 0 0 0 0 0
4829 0 0 0 0 0
4830 0 0 0 0 0
4831 0 0 0 0 0
4832 0 0 0 0 0
4833 0 0 0 0 0
4834 0 0 0 0 0
4835 0 0 0 0 0
4836 0 0 0 0 0
4837 0 0 0 0 0
4838 0 0 0 0 0
4839 0 0 0 0 0
4840 0 0 0 0 0
4841 0 0 0 0 0
4842 0 0 0 0 0
4843 0 0 0 0 0
4844 0 0 0 0 0
4845 0 0 0 0 0
4846 0 0 0 0 0
4847 0 0 0 0 0
4848 0 0 0 0 0
4849 0 0 0 0 0
4850 0 0 0 0 0
4851 0 0 0 0 0
4852 0 0 0 0 0
4853 0 0 0 0 0
4854 0 0 0 0 0
4855 0 0 0 0 0
4856 0 0 0 0 0
4857 0 0 0 0 0
4858 0 0 0 0 0
4859 0 0 0 0 0
4860 0 0 0 0 0
4861 0 0 0 0 0
4862 2 0 0 0 0
4863 2 0 0 0 0
4864 2 0 0 0 0
4865 2 0 0 0 0
4866 2 0 0 0 0
4867 2 0 0 0 0
4868 2 0 0 0 0
4869 2 0 0 0 0
4870 2 0 0 0 0
4871 2 0 0 0 0
4872 2 0 0 0 0
4873 2 0 0 0 0
4874 2 0 0 0 0
4875 2 0 0 0 0
4876 2 0 0 0 0
4877 2 0 0 0 0
4878 2 0 0 0 0
4879 2 0 0 0 0
4880 2 0 0 0 0
4881 2 0 0 0 0
4882 2 0 0 0 0
4883 2 0 0 0 0
4884 2 0 0 0 0
4885 2 0 0 0 0
4886 2 0 0 0 0
4887 2 0 0 0 0
4888 2 0 0 0 0
4889 2 0 0 0 0
4890 2 0 0 0 0
4891 2 0 0 0 0
4892 2 0 3 0 1
4893 2 0 3 0 1
4894 2 0 3 0 1
4895 2 0 3 0 1
4896 2 0 3 0 1
4897 2 0 3 0 1
4898 2 0 3 0 1
4899 2 0 3 0 1
4900 2 0 3 0 1
4901 2 0 3 0 1
4902 2 0 3 0 1
4903 2 0 3 0 1
4904 2 0 3 0 1
4905 2 0 3 0 1
4906 2 0 3 0 1
4907 2 0 0 0 0
4908 2 0 0 0 0
4909 2 0 0 0 0
4910 2 0 0 0 0
4911 2 0 0 0 0
4912 2 0 0 0 0
4913 2 0 0 0 0
4914 2 0 0 0 0
4915 2 0 0 0 0
4916 2 0 0 0 0
4917 2 0 0 0 0
4918 2 0 0 0 0
4919 2 0 0 0 0
4920 2 0 0 0 0
4921 2 0 0 0 0
4922 2 0 3 0 0
4923 2 0 3 0 0
4924 2 0 3 0 0
4925 2 0 3 0 0
4926 2 0 3 0 0
4927 2 0 3 0 0
4928 2 0 3 0 0
4929 2 0 3 0 0
4930 2 0 3 0 0
4931 2 0 3 0 0
4932 2 0 3 0 0
4933 2 0 3 0 0
4934 2 0 3 0 0
4935 2 0 3 0 0
4936 2 0 3 0 0
4937 2 0 3 0 0
4938 2 0 3 0 0
4939 2 0 3 0 0
4940 2 0 3 0 0
4941 2 0 3 0 0
4942 2 0 3 0 0
4943 2 0 3 0 0
4944 2 0 3 0 0
4945 2 0 3 0 0
4946 2 0 3 0 0
4947 2 0 3 0 0
4948 2 0 3 0 0
4949 2 0 3 0 0
4950 2 0 3 0 0
4951 2 0 3 0 0
4952 3 0 2 0 1
4953 3 0 2 0 1
4954 3 0 2 0 1
4955 3 0 2 0 1
4956 3 0 2 0 1
4957 3 0 2 0 1
4958 3 0 2 0 1
4959 3 0 2 0 1
4960 3 0 2 0 1
4961 3 0 2 0 1
4962 3 0 2 0 1
4963 3 0 2 0 1
4964 3 0 2 0 1
4965 3 0 2 0 1
4966 3 0 2 0 1
4967 3 0 3 0 2
4968 3 0 3 0 2
4969 3 0 3 0 2
4970 3 0 3 0 2
4971 3 0 3 0 2
4972 3 0 3 0 2
4973 3 0 3 0 2
4974 3 0 3 0 2
4975 3 0 3 0 2
4976 3 0 3 0 2
4977 3 0 3 0 2
4978 3 0 3 0 2
4979 3 0 3 0 2
4980 3 0 3 0 2
4981 2 0 2 0 2
4982 2 0 2 0 2
4983 2 0 2 0 2
4984 2 0 2 0 2
4985 2 0 2 0 2
4986 2 0 2 0 2
4987 2 0 2 0 2
4988 2 0 2 0 2
4989 2 0 2 0 2
4990 2 0 2 0 2
4991 2 0 2 0 2
4992 2 0 2 0 2
4993 2 0 2 0 2
4994 2 0 2 0 2
4995 2 0 2 0 2
4996 2 0 2 0 2
4997 2 0 2 0 2
4998 2 0 2 0 2
4999 2 0 3 0 2
5000 2 0 3 0 2
5001 2 0 3 0 2
5002 2 0 3 0 2
5003 2 0 3 0 2
5004 2 0 3 0 2
5005 2 0 3 0 2
5006 2 0 3 0 2
5007 2 0 3 0 2
5008 2 0 3 0 2
5009 2 0 3 0 2
5010 2 0 3 0 2
5011 2 0 3 0 2
5012 2 0 3 0 2
5013 2 0 3 0 2
5014 2 0 2 0 2
5015 2 0 2 0 2
5016 2 0 2 0 2
5017 2 0 2 0 2
5018 2 0 2 0 2
5019 2 0 2 0 2
5020 2 0 2 0 2
5021 2 0 2 0 2
5022 2 0 2 0 2
5023 2 0 2 0 2
5024 2 0 2 0 2
5025 2 0 2 0 2
5026 2 0 2 0 2
5027 2 0 2 0 2
5028 2 0 2 0 2
5029 2 0 2 0 2
5030 2 0 2 0 2
5031 2 0 2 0 2
5032 2 0 2 0 2
5033 2 0 2 0 2
5034 2 0 2 0 2
5035 2 0 2 0 2
5036 2 0 2 0 2
5037 2 0 2 0 2
5038 2 0 2 0 2
5039 2 0 2 0 2
5040 2 0 2 0 2
5041 2 0 2 0 2
5042 2 0 2 0 2
5043 2 0 2 0 2
5044 2 0 2 0 2
5045 2 0 2 0 2
5046 2 0 2 0 2
5047 2 0 2 0 2
5048 2 0 2 0 2
5049 2 0 2 0 2
5050 2 0 2 0 2
5051 2 0 2 0 2
5052 2 0 2 0 2
5053 2 0 2 0 2
5054 2 0 2 0 2
5055 2 0 2 0 2
5056 2 0 2 0 2
5057 2 0 2 0 2
5058 2 0 2 0 2
5059 2 0 2 0 2
5060 0 0 0 0 2
5061 0 0 0 0 2
5062 0 0 0 0 2
5063 0 0 0 0 2
5064 0 0 0 0 2
5065 0 0 0 0 2
5066 0 0 0 0 2
5067 0 0 0 0 2
5068 0 0 0 0 2
5069 0 0 0 0 2
5070 0 0 0 0 2
5071 0 0 0 0 2
5072 0 0 0 0 2
5073 0 0 0 0 2
5074 0 0 0 0 2
5075 0 0 2 0 2
5076 0 0 2 0 2
5077 0 0 2 0 2
5078 0 0 2 0 2
5079 0 0 2 0 2
5080 0 0 2 0 2
5081 0 0 2 0 2
5082 0 0 2 0 2
5083 0 0 2 0 2
5084 0 0 2 0 2
5085 0 0 2 0 2
5086 0 0 2 0 2
5087 0 0 2 0 2
5088 0 0 2 0 2
5089 0 0 2 0 2
5090 0 0 2 0 2
5091 0 0 2 0 2
5092 0 0 2 0 2
5093 0 0 2 0 2
5094 0 0 2 0 2
5095 0 0 2 0 2
5096 0 0 2 0 2
5097 0 0 2 0 2
5098 0 0 2 0 2
5099 0 0 2 0 2
5100 0 0 2 0 2
5101 0 0 2 0 2
5102 0 0 2 0 2
5103 0 0 2 0 2
5104 0 0 2 0 2
5105 2 0 2 0 2
5106 2 0 2 0 2
5107 2 0 2 0 2
5108 2 0 2 0 2
5109 2 0 2 0 2
5110 2 0 2 0 2
5111 2 0 2 0 2
5112 2 0 2 0 2
5113 2 0 2 0 2
5114 2 0 2 0 2
5115 2 0 2 0 2
5116 2 0 2 0 2
5117 2 0 2 0 2
5118 2 0 2 0 2
5119 2 0 2 0 2
5120 0 0 0 0 2
5121 0 0 0 0 2
5122 0 0 0 0 2
5123 0 0 0 0 2
5124 0 0 0 0 2
5125 0 0 0 0 2
5126 0 0 0 0 2
5127 0 0 0 0 2
5128 0 0 0 0 2
5129 0 0 0 0 2
5130 0 0 0 0 2
5131 0 0 0 0 2
5132 0 0 0 0 2
5133 0 0 0 0 2
5134 0 0 0 0 2
5135 0 0 3 0 2
5136 0 0 3 0 2
5137 0 0 3 0 2
5138 0 0 3 0 2
5139 0 0 3 0 2
5140 0 0 3 0 2
5141 0 0 3 0 2
5142 0 0 3 0 2
5143 0 0 3 0 2
5144 0 0 3 0 2
5145 0 0 3 0 2
5146 0 0 3 0 2
5147 0 0 3 0 2
5148 0 0 3 0 2
5149 0 0 3 0 2
5150 0 0 2 0 2
5151 0 0 2 0 2
5152 0 0 2 0 2
5153 0 0 2 0 2
5154 0 0 2 0 2
5155 0 0 2 0 2
5156 0 0 2 0 2
5157 0 0 2 0 2
5158 0 0 2 0 2
5159 0 0 2 0 2
5160 0 0 2 0 2
5161 0 0 2 0 2
5162 0 0 2 0 2
5163 0 0 2 0 2
5164 0 0 2 0 2
5165 0 0 2 0 2
5166 0 0 2 0 2
5167 0 0 2 0 2
5168 0 0 2 0 2
5169 0 0 2 0 2
5170 0 0 2 0 2
5171 0 0 2 0 2
5172 0 0 2 0 2
5173 0 0 2 0 2
5174 0 0 2 0 2
5175 0 0 2 0 2
5176 0 0 2 0 2
5177 0 0 2 0 2
5178 0 0 2 0 2
5179 0 0 2 0 2
5180 0 0 0 0 2
5181 0 0 0 0 2
5182 0 0 0 0 2
5183 0 0 0 0 2
5184 0 0 0 0 2
5185 0 0 0 0 2
5186 0 0 0 0 2
5187 0 0 0 0 2
5188 0 0 0 0 2
5189 0 0 0 0 2
5190 0 0 0 0 2
5191 0 0 0 0 2
5192 0 0 0 0 2
5193 0 0 0 0 2
5194 0 0 0 0 2
5195 2 0 2 0 2
5196 2 0 2 0 2
5197 2 0 2 0 2
5198 2 0 2 0 2
5199 2 0 2 0 2
5200 2 0 2 0 2
5201 2 0 2 0 2
5202 2 0 2 0 2
5203 2 0 2 0 2
5204 2 0 2 0 2
5205 2 0 2 0 2
5206 2 0 2 0 2
5207 2 0 2 0 2
5208 2 0 2 0 2
5209 2 0 2 0 2
5210 2 0 0 0 2
5211 2 0 0 0 2
5212 2 0 0 0 2
5213 2 0 0 0 2
5214 2 0 0 0 2
5215 2 0 0 0 2
5216 2 0 0 0 2
5217 2 0 0 0 2
5218 2 0 0 0 2
5219 2 0 0 0 2
5220 2 0 0 0 2
5221 2 0 0 0 2
5222 2 0 0 0 2
5223 2 0 0 0 2
5224 2 0 0 0 2
5225 2 0 0 0 0
5226 2 0 0 0 0
5227 2 0 0 0 0
5228 2 0 0 0 0
5229 2 0 0 0 0
5230 2 0 0 0 0
5231 2 0 0 0 0
5232 2 0 0 0 0
5233 2 0 0 0 0
5234 2 0 0 0 0
5235 2 0 0 0 0
5236 2 0 0 0 0
5237 2 0 0 0 0
5238 2 0 0 0 0
5239 2 0 0 0 0
5240 2 0 0 0 0
5241 2 0 0 0 0
5242 2 0 0 0 0
5243 2 0 0 0 0
5244 2 0 0 0 0
5245 2 0 0 0 0
5246 2 0 0 0 0
5247 2 0 0 0 0
5248 2 0 0 0 0
5249 2 0 0 0 0
5250 2 0 0 0 0
5251 2 0 0 0 0
5252 2 0 0 0 0
5253 2 0 0 0 0
5254 2 0 0 0 0
5255 0 0 2 0 1
5256 0 0 2 0 1
5257 0 0 2 0 1
5258 0 0 2 0 1
5259 0 0 2 0 1
5260 0 0 2 0 1
5261 0 0 2 0 1
5262 0 0 2 0 1
5263 0 0 2 0 1
5264 0 0 2 0 1
5265 0 0 2 0 1
5266 0 0 2 0 1
5267 0 0 2 0 1
5268 0 0 2 0 1
5269 0 0 2 0 1
5270 2 0 3 0 0
5271 2 0 3 0 0
5272 2 0 3 0 0
5273 2 0 3 0 0
5274 2 0 3 0 0
5275 2 0 3 0 0
5276 2 0 3 0 0
5277 2 0 3 0 0
5278 2 0 3 0 0
5279 2 0 3 0 0
5280 2 0 3 0 0
5281 2 0 3 0 0
5282 2 0 3 0 0
5283 2 0 3 0 0
5284 2 0 3 0 0
5285 0 0 3 0 0
5286 0 0 3 0 0
5287 0 0 3 0 0
5288 0 0 3 0 0
5289 0 0 3 0 0
5290 0 0 3 0 0
5291 0 0 3 0 0
5292 0 0 3 0 0
5293 0 0 3 0 0
5294 0 0 3 0 0
5295 0 0 3 0 0
5296 0 0 3 0 0
5297 0 0 3 0 0
5298 0 0 3 0 0
5299 0 0 3 0 0
5300 2 0 3 0 0
5301 2 0 3 0 0
5302 2 0 3 0 0
5303 2 0 3 0 0
5304 2 0 3 0 0
5305 2 0 3 0 0
5306 2 0 3 0 0
5307 2 0 3 0 0
5308 2 0 3 0 0
5309 2 0 3 0 0
5310 2 0 3 0 0
5311 2 0 3 0 0
5312 2 0 3 0 0
5313 2 0 3 0 0
5314 2 0 3 0 0
5315 2 0 2 0 0
5316 2 0 2 0 0
5317 2 0 2 0 0
5318 2 0 2 0 0
5319 2 0 2 0 0
5320 2 0 2 0 0
5321 2 0 2 0 0
5322 2 0 2 0 0
5323 2 0 2 0 0
5324 2 0 2 0 0
5325 2 0 2 0 0
5326 2 0 2 0 0
5327 2 0 2 0 0
5328 2 0 2 0 0
5329 2 0 2 0 0
5330 2 0 2 0 0
5331 2 0 2 0 0
5332 2 0 2 0 0
5333 2 0 2 0 0
5334 2 0 2 0 0
5335 2 0 2 0 0
5336 2 0 2 0 0
5337 2 0 2 0 0
5338 2 0 2 0 0
5339 2 0 2 0 0
5340 2 0 2 0 0
5341 2 0 2 0 0
5342 2 0 2 0 0
5343 2 0 2 0 0
5344 2 0 2 0 0
5345 2 0 2 0 0
5346 2 0 2 0 0
5347 2 0 2 0 0
5348 2 0 2 0 0
5349 2 0 2 0 0
5350 2 0 2 0 0
5351 2 0 2 0 0
5352 2 0 3 0 0
5353 2 0 3 0 0
5354 2 0 3 0 0
5355 2 0 0 0 0
5356 2 0 0 0 0
5357 2 0 0 0 0
5358 2 0 0 0 0
5359 2 0 0 0 0
5360 2 0 0 0 0
5361 2 0 0 0 0
5362 2 0 0 0 0
5363 2 0 0 0 0
5364 2 0 0 0 0
5365 2 0 0 0 0
5366 2 0 0 0 0
5367 2 0 0 0 0
5368 2 0 0 0 0
5369 2 0 0 0 0
5370 2 0 0 0 0
5371 2 0 0 0 0
5372 2 0 0 0 0
5373 2 0 0 0 0
5374 2 0 0 0 0
5375 2 0 0 0 0
5376 2 0 0 0 0
5377 2 0 0 0 0
5378 2 0 0 0 0
5379 2 0 0 0 0
5380 2 0 0 0 0
5381 2 0 0 0 0
5382 2 0 0 0 0
5383 2 0 0 0 0
5384 2 0 0 0 0
5385 0 0 0 0 1
5386 0 0 0 0 1
5387 0 0 0 0 1
5388 0 0 0 0 1
5389 0 0 0 0 1
5390 0 0 0 0 1
5391 0 0 0 0 1
5392 0 0 0 0 1
5393 0 0 0 0 1
5394 0 0 0 0 1
5395 0 0 0 0 1
5396 0 0 0 0 1
5397 0 0 0 0 1
5398 0 0 0 0 1
5399 0 0 0 0 1
5400 3 0 0 0 1
5401 3 0 0 0 1
5402 3 0 0 0 1
5403 3 0 0 0 1
5404 3 0 0 0 1
5405 3 0 0 0 1
5406 3 0 0 0 1
5407 3 0 0 0 1
5408 3 0 0 0 1
5409 3 0 0 0 1
5410 3 0 0 0 1
5411 3 0 0 0 1
5412 3 0 0 0 1
5413 3 0 0 0 1
5414 3 0 0 0 1
5415 2 0 0 0 1
5416 2 0 0 0 1
5417 2 0 0 0 1
5418 2 0 0 0 1
5419 2 0 0 0 1
5420 2 0 0 0 1
5421 2 0 0 0 1
5422 2 0 0 0 1
5423 2 0 0 0 1
5424 2 0 0 0 1
5425 2 0 0 0 1
5426 2 0 0 0 1
5427 2 0 0 0 1
5428 2 0 0 0 1
5429 2 0 0 0 1
5430 2 0 0 0 0
5431 2 0 0 0 0
5432 2 0 0 0 0
5433 2 0 0 0 0
5434 2 0 0 0 0
5435 2 0 0 0 0
5436 2 0 0 0 0
5437 2 0 0 0 0
5438 2 0 0 0 0
5439 2 0 0 0 0
5440 2 0 0 0 0
5441 2 0 0 0 0
5442 2 0 0 0 0
5443 2 0 0 0 0
5444 2 0 0 0 0
5445 0 0 0 0 0
5446 0 0 0 0 0
5447 0 0 0 0 0
5448 0 0 0 0 0
5449 0 0 0 0 0
5450 0 0 0 0 0
5451 0 0 0 0 0
5452 0 0 0 0 0
5453 0 0 0 0 0
5454 0 0 0 0 0
5455 0 0 0 0 0
5456 0 0 0 0 0
5457 0 0 0 0 0
5458 0 0 0 0 0
5459 0 0 0 0 0
5460 0 0 0 0 0
5461 0 0 0 0 0
5462 0 0 0 0 0
5463 0 0 0 0 0
5464 0 0 0 0 0
5465 0 0 0 0 0
5466 0 0 0 0 0
5467 0 0 0 0 0
5468 0 0 0 0 0
5469 0 0 0 0 0
5470 0 0 0 0 0
5471 0 0 0 0 0
5472 0 0 0 0 0
5473 0 0 0 0 0
5474 0 0 0 0 0
5475 0 0 0 0 0
5476 0 0 0 0 0
5477 0 0 0 0 0
5478 0 0 0 0 0
5479 0 0 0 0 0
5480 0 0 0 0 0
5481 0 0 0 0 0
5482 0 0 0 0 0
5483 0 0 0 0 0
5484 0 0 0 0 0
5485 0 0 0 0 0
5486 0 0 0 0 0
5487 0 0 0 0 0
5488 0 0 0 0 0
5489 0 0 0 0 0
5490 0 0 0 0 0
5491 0 0 0 0 0
5492 0 0 0 0 0
5493 0 3 0 0 0
5494 0 3 0 0 0
5495 0 3 0 0 0
5496 0 3 0 0 0
5497 0 3 0 0 0
5498 0 3 0 0 0
5499 0 3 0 0 0
5500 0 3 0 0 0
5501 0 3 0 0 0
5502 0 3 0 0 0
5503 0 3 0 0 0
5504 0 3 0 0 0
5505 0 3 0 0 0
5506 0 3 0 0 0
5507 0 3 0 0 0
5508 2 0 0 0 0
5509 2 0 0 0 0
5510 2 0 0 0 0
5511 2 0 0 0 0
5512 2 0 0 0 0
5513 2 0 0 0 0
5514 2 0 0 0 0
5515 2 0 0 0 0
5516 2 0 0 0 0
5517 2 0 0 0 0
5518 2 0 0 0 0
5519 2 0 0 0 0
5520 2 0 0 0 0
5521 2 0 0 0 0
5522 2 0 0 0 0
5523 0 0 0 0 0
5524 0 0 0 0 0
5525 0 0 0 0 0
5526 0 0 0 0 0
5527 0 0 0 0 0
5528 0 0 0 0 0
5529 0 0 0 0 0
5530 0 0 0 0 0
5531 0 0 0 0 0
5532 0 0 0 0 0
5533 0 0 0 0 0
5534 0 0 0 0 0
5535 0 0 0 0 0
5536 0 0 0 0 0
5537 0 0 0 0 0
5538 0 0 0 0 0
5539 0 0 0 0 0
5540 0 0 0 0 0
5541 0 0 0 0 0
5542 0 0 0 0 0
5543 0 0 0 0 0
5544 0 0 0 0 0
5545 0 0 0 0 0
5546 0 0 0 0 0
5547 0 0 0 0 0
5548 0 0 0 0 0
5549 0 0 0 0 0
5550 0 0 0 0 0
5551 0 0 0 0 0
5552 0 0 0 0 0
5553 3 0 0 0 0
5554 3 0 0 0 0
5555 3 0 0 0 0
5556 3 0 0 0 0
5557 3 0 0 0 0
5558 3 0 0 0 0
5559 3 0 0 0 0
5560 3 0 0 0 0
5561 3 0 0 0 0
5562 3 0 0 0 0
5563 3 0 0 0 0
5564 3 0 0 0 0
5565 3 0 0 0 0
5566 3 0 0 0 0
5567 3 0 0 0 0
5568 2 0 0 0 0
5569 2 0 0 0 0
5570 2 0 0 0 0
5571 2 0 0 0 0
5572 2 0 0 0 0
5573 2 0 0 0 0
5574 2 0 0 0 0
5575 2 0 0 0 0
5576 2 0 0 0 0
5577 2 0 0 0 0
5578 2 0 0 0 0
5579 2 0 0 0 0
5580 2 0 0 0 0
5581 2 0 0 0 0
5582 2 0 0 0 0
5583 3 0 0 0 0
5584 3 0 0 0 0
5585 3 0 0 0 0
5586 3 0 0 0 0
5587 3 0 0 0 0
5588 3 0 0 0 0
5589 3 0 0 0 0
5590 3 0 0 0 0
5591 3 0 0 0 0
5592 3 0 0 0 0
5593 3 0 0 0 0
5594 3 0 0 0 0
5595 3 0 0 0 0
5596 3 0 0 0 0
5597 3 0 0 0 0
5598 3 0 0 0 0
5599 3 0 0 0 0
5600 3 0 0 0 0
5601 3 0 0 0 0
5602 3 0 0 0 0
5603 3 0 0 0 0
5604 3 0 0 0 0
5605 3 0 0 0 0
5606 3 0 0 0 0
5607 3 0 0 0 0
5608 3 0 0 0 0
5609 3 0 0 0 0
5610 3 0 0 0 0
5611 3 0 0 0 0
5612 3 0 0 0 0
5613 3 0 0 0 0
5614 3 0 0 0 0
5615 3 0 0 0 0
5616 3 0 0 0 0
5617 3 0 0 0 0
5618 3 0 0 0 0
5619 3 0 0 0 0
5620 3 0 0 0 0
5621 3 0 0 0 0
5622 3 0 0 0 0
5623 3 0 0 0 0
5624 3 0 0 0 0
5625 3 0 0 0 0
5626 3 0 0 0 0
5627 3 0 0 0 0
5628 2 0 0 0 0
5629 2 0 0 0 0
5630 2 0 0 0 0
5631 2 0 0 0 0
5632 2 0 0 0 0
5633 3 0 0 0 0
