0 0 0 0 0 0
1 0 0 0 0 0
2 0 0 2 0 0
3 0 0 2 0 0
4 0 0 2 0 0
5 0 0 2 0 0
6 0 0 2 0 0
7 0 0 2 0 0
8 0 0 2 0 0
9 0 0 2 0 0
10 0 0 2 0 0
11 0 0 2 0 0
12 0 0 2 0 0
13 0 0 2 0 0
14 0 0 0 2 0
15 0 0 0 2 0
16 0 0 0 2 0
17 0 0 0 2 0
18 0 0 0 2 0
19 0 0 0 2 0
20 0 0 0 2 0
21 0 0 0 2 0
22 0 0 0 2 0
23 0 0 0 2 0
24 0 0 0 2 0
25 0 0 0 2 0
26 0 0 0 2 0
27 0 0 0 2 0
28 0 0 2 0 0
29 0 0 2 0 0
30 0 0 2 0 0
31 0 0 2 0 0
32 0 0 2 0 0
33 0 0 2 0 0
34 0 0 2 0 0
35 0 0 2 0 0
36 0 0 2 0 0
37 0 0 2 0 0
38 0 0 2 0 0
39 0 0 2 0 0
40 0 0 2 0 0
41 0 0 2 0 0
42 0 0 2 0 0
43 0 0 2 0 0
44 0 0 2 0 0
45 0 0 2 0 0
46 0 0 2 0 0
47 0 0 2 0 0
48 0 0 2 0 0
49 0 0 2 0 0
50 0 0 2 0 0
51 0 0 2 0 0
52 0 0 2 0 0
53 0 0 2 0 0
54 0 0 2 0 0
55 0 0 2 0 0
56 0 0 2 0 0
57 0 0 2 0 0
58 0 0 2 0 0
59 0 0 2 0 0
60 0 0 2 0 0
61 0 0 2 0 0
62 0 0 2 0 0
63 0 0 2 0 0
64 0 0 2 0 0
65 0 0 2 0 0
66 0 0 2 0 0
67 0 0 2 0 0
68 0 0 2 0 0
69 0 0 2 0 0
70 0 0 2 0 0
71 0 0 2 0 0
72 0 0 2 0 0
73 0 0 2 0 0
74 0 0 2 0 0
75 0 0 2 0 0
76 0 0 2 0 0
77 0 0 2 0 0
78 0 0 2 0 0
79 0 0 2 0 0
80 0 0 2 0 0
81 0 0 2 0 0
82 0 0 2 0 0
83 0 0 2 0 0
84 0 0 2 0 0
85 0 0 2 0 0
86 0 0 2 0 0
87 0 0 2 0 0
88 0 0 2 0 0
89 0 0 2 0 0
90 0 0 2 0 0
91 0 2 2 0 1
92 0 2 2 0 1
93 0 2 2 0 1
94 0 2 2 0 1
95 0 2 2 0 1
96 0 2 2 0 1
97 0 2 2 0 1
98 0 2 2 0 1
99 0 2 2 0 1
100 0 2 2 0 1
101 0 2 2 0 1
102 0 2 2 0 1
103 0 2 2 0 1
104 0 2 2 0 1
105 0 2 2 0 1
106 0 2 2 0 1
107 0 2 2 0 1
108 0 2 2 0 1
109 0 2 2 0 1
110 0 2 2 0 1
111 0 2 2 0 1
112 0 2 2 0 1
113 0 2 2 0 1
114 0 2 2 0 1
115 0 2 2 0 1
116 0 2 2 0 1
117 0 2 2 0 1
118 0 2 2 0 1
119 0 2 2 0 1
120 0 2 2 0 1
121 0 2 2 0 2
122 0 2 2 0 2
123 0 2 2 0 2
124 0 2 2 0 2
125 0 2 2 0 2
126 0 2 2 0 2
127 0 2 2 0 2
128 0 2 2 0 2
129 0 2 2 0 2
130 0 2 2 0 2
131 0 2 2 0 2
132 0 2 2 0 2
133 0 2 2 0 2
134 0 2 2 0 2
135 0 2 2 0 2
136 0 2 2 0 2
137 0 2 2 0 2
138 0 2 2 0 2
139 0 0 2 0 2
140 0 0 2 0 2
141 0 0 2 0 2
142 0 0 3 0 2
143 0 0 3 0 2
144 0 0 3 0 2
145 0 0 3 0 2
146 0 0 3 0 2
147 0 0 3 0 2
148 0 0 3 0 2
149 0 0 3 0 2
150 0 0 3 0 2
151 0 0 3 0 2
152 0 0 3 0 2
153 0 0 3 0 2
154 0 0 3 0 2
155 0 0 3 0 2
156 0 0 3 0 2
157 2 0 2 0 2
158 2 0 2 0 2
159 2 0 2 0 2
160 2 0 2 0 2
161 2 0 2 0 2
162 2 0 2 0 2
163 2 0 2 0 2
164 2 0 2 0 2
165 2 0 2 0 2
166 2 0 2 0 2
167 2 0 2 0 2
168 2 0 2 0 2
169 2 0 2 0 2
170 2 0 2 0 2
171 2 0 2 0 2
172 2 0 0 0 0
173 2 0 0 0 0
174 2 0 0 0 0
175 2 0 0 0 0
176 2 0 0 0 0
177 2 0 0 0 0
178 2 0 0 0 0
179 2 0 0 0 0
180 2 0 0 0 0
181 2 0 0 0 0
182 2 0 0 0 0
183 2 0 0 0 0
184 2 0 0 0 0
185 2 0 0 0 0
186 2 0 0 0 0
187 2 0 3 0 0
188 2 0 3 0 0
189 2 0 3 0 0
190 2 0 3 0 0
191 2 0 3 0 0
192 2 0 3 0 0
193 2 0 3 0 0
194 2 0 3 0 0
195 2 0 3 0 0
196 2 0 3 0 0
197 2 0 3 0 0
198 2 0 3 0 0
199 2 0 3 0 0
200 2 0 3 0 0
201 2 0 3 0 0
202 2 0 2 0 0
203 2 0 2 0 0
204 2 0 2 0 0
205 2 0 2 0 0
206 2 0 2 0 0
207 2 0 2 0 0
208 2 0 2 0 0
209 2 0 2 0 0
210 2 0 2 0 0
211 2 0 2 0 0
212 2 0 2 0 0
213 2 0 2 0 0
214 2 0 2 0 0
215 2 0 2 0 0
216 2 0 2 0 0
217 2 0 0 2 0
218 2 0 0 2 0
219 2 0 0 2 0
220 2 0 0 2 0
221 2 0 0 2 0
222 2 0 0 2 0
223 2 0 0 2 0
224 2 0 0 2 0
225 2 0 0 2 0
226 2 0 0 2 0
227 2 0 0 2 0
228 2 0 0 2 0
229 2 0 0 2 0
230 2 0 0 2 0
231 2 0 0 2 0
232 2 0 2 0 0
233 2 0 2 0 0
234 2 0 2 0 0
235 2 0 2 0 0
236 2 0 2 0 0
237 2 0 2 0 0
238 2 0 2 0 0
239 2 0 2 0 0
240 2 0 2 0 0
241 2 0 2 0 0
242 2 0 2 0 0
243 2 0 2 0 0
244 2 0 2 0 0
245 2 0 2 0 0
246 2 0 2 0 0
247 2 0 2 0 0
248 2 0 2 0 0
249 2 0 2 0 0
250 2 0 2 0 0
251 2 0 2 0 0
252 2 0 2 0 0
253 2 0 2 0 0
254 2 0 2 0 0
255 2 0 2 0 0
256 2 0 2 0 0
257 2 0 2 0 0
258 2 0 2 0 1
259 2 0 2 0 1
260 2 0 2 0 1
261 2 0 2 0 1
262 2 0 2 0 1
263 2 0 2 0 1
264 2 0 2 0 1
265 2 0 2 0 1
266 2 0 2 0 1
267 2 0 2 0 1
268 2 0 2 0 1
269 2 0 2 0 1
270 2 0 2 0 1
271 2 0 2 0 1
272 2 0 2 0 1
273 3 0 2 0 2
274 3 0 2 0 2
275 3 0 2 0 2
276 3 0 2 0 2
277 3 0 2 0 2
278 3 0 2 0 2
279 3 0 2 0 2
280 3 0 2 0 2
281 3 0 2 0 2
282 3 0 2 0 2
283 3 0 2 0 2
284 3 0 2 0 2
285 3 0 2 0 2
286 3 0 2 0 2
287 3 0 2 0 2
288 0 0 2 0 2
289 0 0 2 0 2
290 0 0 2 0 2
291 0 0 2 0 2
292 0 0 2 0 2
293 0 0 2 0 2
294 0 0 2 0 2
295 0 0 2 0 2
296 0 0 2 0 2
297 0 0 2 0 2
298 0 0 2 0 2
299 0 0 2 0 2
300 0 0 2 0 2
301 0 0 2 0 2
302 0 0 2 0 2
303 0 0 3 0 2
304 0 0 3 0 2
305 0 0 3 0 2
306 0 0 3 0 2
307 0 0 3 0 2
308 0 0 3 0 2
309 0 0 3 0 2
310 0 0 3 0 2
311 0 0 2 0 2
312 0 0 2 0 2
313 0 0 2 0 2
314 0 0 2 0 2
315 0 0 2 0 2
316 0 0 2 0 2
317 0 0 2 0 2
318 0 0 2 0 2
319 0 0 2 0 2
320 0 0 2 0 2
321 0 0 2 0 2
322 0 0 2 0 2
323 0 0 2 0 2
324 0 0 2 0 2
325 0 0 2 0 2
326 0 0 2 0 2
327 0 0 2 0 2
328 0 0 2 0 2
329 0 0 2 0 2
330 0 0 2 0 2
331 0 0 2 0 2
332 0 0 2 0 2
333 0 0 2 0 2
334 0 0 2 0 2
335 0 0 2 0 2
336 0 0 2 0 2
337 0 0 2 0 2
338 0 0 2 0 2
339 0 0 2 0 2
340 0 0 2 0 2
341 0 0 2 0 2
342 0 0 2 0 2
343 0 0 2 0 2
344 0 0 2 0 2
345 0 0 2 0 2
346 0 0 2 0 2
347 0 0 2 0 2
348 0 0 2 0 2
349 0 0 2 0 2
350 0 0 2 0 2
351 0 0 2 0 2
352 0 0 2 0 2
353 0 0 2 0 2
354 0 0 2 0 2
355 0 0 2 0 2
356 0 0 2 0 2
357 0 0 2 0 2
358 0 0 2 0 2
359 0 0 2 0 0
360 0 0 2 0 0
361 0 0 2 0 0
362 0 0 2 0 0
363 0 0 2 0 0
364 0 0 2 0 0
365 0 0 2 0 0
366 0 0 2 0 0
367 0 0 2 0 0
368 0 0 2 0 0
369 0 0 2 0 0
370 0 0 2 0 0
371 0 0 2 0 0
372 0 0 2 0 0
373 0 0 2 0 0
374 0 0 2 0 1
375 0 0 2 0 1
376 0 0 2 0 1
377 0 0 2 0 1
378 0 0 2 0 1
379 0 0 2 0 1
380 0 0 2 0 1
381 0 0 2 0 1
382 0 0 2 0 1
383 0 0 2 0 1
384 0 0 2 0 1
385 0 0 2 0 1
386 0 0 2 0 1
387 0 0 2 0 1
388 0 0 2 0 1
389 0 0 2 0 1
390 0 0 2 0 1
391 0 0 2 0 1
392 0 0 2 0 1
393 0 0 2 0 1
394 0 0 2 0 1
395 0 0 2 0 1
396 0 0 2 0 1
397 0 0 2 0 1
398 0 0 2 0 1
399 0 0 2 0 1
400 0 0 2 0 1
401 0 0 2 0 1
402 0 0 2 0 1
403 0 0 2 0 1
404 0 2 2 0 1
405 0 2 2 0 1
406 0 2 2 0 1
407 0 2 2 0 1
408 0 2 2 0 1
409 0 2 2 0 1
410 0 2 2 0 1
411 0 2 2 0 1
412 0 2 2 0 1
413 0 2 2 0 1
414 0 2 2 0 1
415 0 2 2 0 1
416 0 2 2 0 1
417 0 2 2 0 1
418 0 2 2 0 1
419 0 2 2 0 1
420 0 2 2 0 1
421 0 2 2 0 1
422 0 2 2 0 1
423 0 2 2 0 1
424 0 2 2 0 1
425 0 2 2 0 1
426 0 2 2 0 1
427 0 2 2 0 1
428 0 2 2 0 1
429 0 2 2 0 1
430 0 2 2 0 1
431 0 2 2 0 1
432 0 2 2 0 1
433 0 2 2 0 1
434 0 2 2 0 1
435 0 2 2 0 1
436 0 2 2 0 1
437 0 2 2 0 1
438 0 2 2 0 1
439 0 2 2 0 1
440 0 2 2 0 1
441 0 2 2 0 1
442 0 2 2 0 1
443 0 2 2 0 1
444 0 2 2 0 1
445 0 2 2 0 1
446 0 2 2 0 1
447 0 2 2 0 1
448 0 2 2 0 1
449 0 2 2 0 1
450 0 2 2 0 1
451 0 2 2 0 1
452 0 2 2 0 1
453 0 2 2 0 1
454 0 2 2 0 1
455 0 2 2 0 1
456 2 0 2 0 1
457 2 0 2 0 1
458 2 0 2 0 1
459 2 0 2 0 1
460 2 0 2 0 1
461 2 0 2 0 1
462 2 0 2 0 1
463 2 0 2 0 1
464 2 0 2 0 1
465 2 0 2 0 1
466 2 0 2 0 1
467 2 0 2 0 1
468 2 0 2 0 1
469 2 0 2 0 1
470 2 0 2 0 1
471 2 0 2 0 1
472 2 0 2 0 1
473 2 0 2 0 1
474 2 0 2 0 1
475 2 0 2 0 1
476 2 0 2 0 1
477 2 0 2 0 1
478 2 0 2 0 1
479 2 0 2 0 1
480 2 0 2 0 1
481 2 0 2 0 1
482 2 0 2 0 1
483 2 0 2 0 1
484 2 0 2 0 1
485 2 0 2 0 1
486 2 0 2 0 1
487 2 0 2 0 1
488 2 0 2 0 1
489 2 0 3 0 1
490 2 0 3 0 1
491 2 0 3 0 1
492 2 0 3 0 1
493 2 0 3 0 1
494 2 0 3 0 1
495 2 0 3 0 1
496 2 0 3 0 1
497 2 0 3 0 1
498 2 0 3 0 1
499 2 0 3 0 1
500 2 0 3 0 1
501 2 0 3 0 1
502 2 0 3 0 1
503 2 0 3 0 1
504 0 0 0 0 0
505 0 0 0 0 0
506 0 0 0 0 0
507 0 0 0 0 0
508 0 0 0 0 0
509 0 0 0 0 0
510 0 0 0 0 0
511 0 0 0 0 0
512 0 0 0 0 0
513 0 0 0 0 0
514 0 0 0 0 0
515 0 0 0 0 0
516 0 0 0 0 0
517 0 0 0 0 0
518 0 0 0 0 0
519 0 0 0 0 0
520 0 0 0 0 0
521 0 0 0 0 0
522 0 0 0 0 0
523 0 0 0 0 0
524 0 0 0 0 0
525 0 0 0 0 0
526 0 0 0 0 0
527 0 0 0 0 0
528 0 0 0 0 0
529 0 0 0 0 0
530 0 0 0 0 0
531 0 0 0 0 0
532 0 0 0 0 0
533 0 0 0 0 0
534 0 0 0 0 0
535 0 0 0 0 0
536 0 0 0 0 0
537 0 0 0 0 0
538 0 0 0 0 0
539 0 0 0 0 0
540 0 0 0 0 0
541 0 0 0 0 0
542 0 0 0 0 0
543 0 0 0 0 0
544 0 0 0 0 0
545 0 0 0 0 0
546 0 0 0 0 0
547 0 0 0 0 0
548 0 0 0 0 0
549 0 0 0 0 0
550 0 0 0 0 0
551 0 0 0 0 0
552 0 0 0 0 0
553 0 0 0 0 0
554 0 0 0 0 0
555 0 0 0 0 0
556 0 0 0 0 0
557 0 0 0 0 0
558 0 0 0 0 0
559 0 0 0 0 0
560 0 0 0 0 0
561 0 0 0 0 0
562 0 0 0 0 0
563 0 0 0 0 0
564 0 0 0 0 0
565 0 0 0 0 0
566 0 0 0 0 0
567 0 0 0 0 0
568 0 0 0 0 0
569 0 0 0 0 0
570 0 0 0 0 0
571 0 0 0 0 0
572 0 0 0 0 0
573 0 0 0 0 0
574 0 0 0 0 0
575 0 0 0 0 0
576 0 0 0 0 0
577 0 0 0 0 0
578 0 0 0 0 0
579 0 0 0 0 0
580 0 0 0 0 0
581 0 0 0 0 0
582 0 0 0 0 0
583 0 0 0 0 0
584 0 0 0 0 0
585 0 0 0 0 0
586 0 0 0 0 0
587 0 0 0 0 0
588 0 0 0 0 0
589 0 0 0 0 0
590 0 0 0 0 0
591 0 0 0 0 0
592 0 0 0 0 0
593 0 0 0 0 0
594 0 0 0 0 0
595 0 0 0 0 0
596 0 0 0 0 0
597 0 0 0 0 0
598 0 0 0 0 0
599 0 0 0 0 0
600 0 0 0 0 0
601 0 0 0 0 0
602 0 0 0 0 0
603 0 0 0 0 0
604 0 0 0 0 0
605 0 0 0 0 0
606 0 0 0 0 0
607 0 0 0 0 0
608 0 0 0 0 0
609 0 0 0 0 0
610 0 0 0 0 0
611 0 0 0 0 0
612 0 0 0 0 0
613 0 0 0 0 0
614 2 0 3 0 0
615 2 0 3 0 0
616 2 0 3 0 0
617 2 0 3 0 0
618 2 0 3 0 0
619 2 0 3 0 0
620 2 0 3 0 0
621 2 0 3 0 0
622 2 0 3 0 0
623 2 0 3 0 0
624 2 0 3 0 0
625 2 0 3 0 0
626 2 0 3 0 0
627 2 0 3 0 0
628 2 0 3 0 0
629 2 0 0 3 0
630 2 0 0 3 0
631 2 0 0 3 0
632 2 0 0 3 0
633 2 0 0 3 0
634 2 0 0 3 0
635 2 0 0 3 0
636 2 0 0 3 0
637 2 0 0 3 0
638 2 0 0 3 0
639 2 0 0 3 0
640 2 0 0 3 0
641 2 0 0 3 0
642 2 0 0 3 0
643 2 0 0 3 0
644 3 0 0 2 1
645 3 0 0 2 1
646 3 0 0 2 1
647 3 0 0 2 1
648 3 0 0 2 1
649 3 0 0 2 1
650 3 0 0 2 1
651 3 0 0 2 1
652 3 0 0 2 1
653 3 0 0 2 1
654 3 0 0 2 1
655 3 0 0 2 1
656 3 0 0 2 1
657 3 0 0 2 1
658 3 0 0 2 1
659 2 0 0 2 2
660 2 0 0 2 2
661 2 0 0 2 2
662 2 0 0 2 2
663 2 0 0 2 2
664 2 0 0 2 2
665 2 0 0 2 2
666 2 0 0 2 2
667 2 0 0 2 2
668 2 0 0 2 2
669 2 0 0 2 2
670 2 0 0 2 2
671 2 0 0 2 2
672 2 0 0 2 2
673 2 0 0 2 2
674 2 0 0 3 0
675 2 0 0 3 0
676 2 0 0 3 0
677 2 0 0 3 0
678 2 0 0 3 0
679 2 0 0 3 0
680 2 0 0 3 0
681 2 0 0 3 0
682 2 0 0 3 0
683 2 0 0 3 0
684 2 0 0 3 0
685 2 0 0 3 0
686 2 0 0 3 0
687 2 0 0 3 0
688 2 0 0 3 0
689 2 0 0 3 1
690 2 0 0 3 1
691 2 0 0 3 1
692 2 0 0 3 1
693 2 0 0 3 1
694 2 0 0 3 1
695 2 0 0 3 1
696 2 0 0 3 1
697 2 0 0 3 1
698 2 0 0 3 1
699 2 0 0 3 1
700 2 0 0 3 1
701 2 0 0 3 1
702 2 0 0 3 1
703 2 0 0 3 1
704 2 0 0 3 1
705 2 0 0 3 1
706 2 0 0 3 1
707 2 0 0 3 1
708 2 0 0 0 1
709 2 0 0 0 1
710 2 0 0 0 1
711 3 0 2 0 1
712 3 0 2 0 1
713 3 0 2 0 1
714 3 0 2 0 1
715 3 0 2 0 1
716 3 0 2 0 1
717 3 0 2 0 1
718 3 0 2 0 1
719 3 0 2 0 1
720 3 0 2 0 1
721 3 0 2 0 1
722 3 0 2 0 1
723 3 0 2 0 1
724 3 0 2 0 1
725 3 0 2 0 1
726 3 0 2 0 1
727 3 0 2 0 1
728 3 0 2 0 1
729 3 0 2 0 1
730 3 0 2 0 1
731 3 0 2 0 1
732 3 0 2 0 1
733 3 0 2 0 1
734 3 0 2 0 1
735 3 0 2 0 1
736 3 0 2 0 1
737 3 0 2 0 1
738 3 0 2 0 1
739 3 0 2 0 1
740 3 0 2 0 1
741 3 0 2 0 1
742 3 0 2 0 1
743 3 0 2 0 1
744 3 0 2 0 1
745 3 0 2 0 1
746 3 0 2 0 1
747 3 0 2 0 1
748 3 0 2 0 1
749 3 0 2 0 1
750 3 0 2 0 1
751 3 0 2 0 1
752 3 0 2 0 1
753 3 0 2 0 1
754 3 0 2 0 1
755 3 0 2 0 1
756 0 0 2 0 2
757 0 0 2 0 2
758 0 0 2 0 2
759 0 0 2 0 2
760 0 0 2 0 2
761 0 0 2 0 2
762 0 0 2 0 2
763 0 0 2 0 2
764 0 0 2 0 2
765 0 0 2 0 2
766 0 0 2 0 2
767 0 0 2 0 2
768 0 0 2 0 2
769 0 0 2 0 2
770 0 0 2 0 2
771 3 0 2 0 2
772 3 0 2 0 2
773 3 0 2 0 2
774 3 0 2 0 2
775 3 0 2 0 2
776 3 0 2 0 2
777 3 0 2 0 2
778 3 0 2 0 2
779 3 0 2 0 2
780 3 0 2 0 2
781 3 0 2 0 2
782 3 0 2 0 2
783 3 0 2 0 2
784 3 0 2 0 2
785 3 0 2 0 2
786 3 0 2 0 2
787 3 0 2 0 2
788 3 0 2 0 2
789 3 0 2 0 2
790 3 0 2 0 2
791 3 0 2 0 2
792 3 0 2 0 2
793 3 0 2 0 2
794 3 0 2 0 2
795 3 0 2 0 2
796 3 0 2 0 2
797 3 0 2 0 2
798 3 0 2 0 2
799 3 0 2 0 2
800 3 0 2 0 2
801 3 0 2 0 2
802 3 0 2 0 2
803 3 0 2 0 2
804 3 0 2 0 2
805 3 0 2 0 2
806 3 0 2 0 2
807 3 0 2 0 2
808 3 0 2 0 2
809 3 0 2 0 2
810 3 0 2 0 2
811 3 0 2 0 2
812 3 0 2 0 2
813 3 0 2 0 2
814 3 0 2 0 2
815 3 0 2 0 2
816 3 0 2 0 2
817 3 0 2 0 2
818 3 0 2 0 2
819 3 0 2 0 2
820 3 0 2 0 2
821 3 0 2 0 2
822 3 0 2 0 2
823 3 0 2 0 2
824 3 0 2 0 2
825 3 0 2 0 2
826 3 0 2 0 2
827 3 0 2 0 2
828 3 0 2 0 2
829 3 0 2 0 2
830 3 0 2 0 2
831 3 0 2 0 2
832 3 0 2 0 2
833 3 0 2 0 2
834 3 0 2 0 2
835 3 0 2 0 2
836 3 0 2 0 2
837 3 0 2 0 2
838 3 0 2 0 2
839 3 0 2 0 2
840 3 0 2 0 2
841 3 0 2 0 2
842 3 0 2 0 2
843 3 0 2 0 2
844 3 0 2 0 2
845 3 0 2 0 2
846 3 0 2 0 2
847 3 0 2 0 2
848 3 0 2 0 2
849 3 0 2 0 2
850 3 0 2 0 2
851 3 0 2 0 2
852 3 0 2 0 2
853 3 0 2 0 2
854 3 0 2 0 2
855 3 0 2 0 2
856 3 0 2 0 2
857 3 0 2 0 2
858 3 0 2 0 2
859 3 0 2 0 2
860 3 0 2 0 2
861 3 0 2 0 2
862 3 0 2 0 2
863 3 0 2 0 2
864 3 0 2 0 2
865 3 0 2 0 2
866 3 0 2 0 2
867 3 0 2 0 2
868 3 0 2 0 2
869 3 0 2 0 2
870 3 0 2 0 2
871 3 0 2 0 2
872 3 0 2 0 2
873 3 0 2 0 2
874 3 0 2 0 2
875 3 0 2 0 2
876 3 0 2 0 2
877 3 0 2 0 2
878 3 0 2 0 2
879 3 0 2 0 2
880 3 0 2 0 2
881 3 0 2 0 2
882 3 0 2 0 2
883 3 0 2 0 2
884 3 0 2 0 2
885 3 0 2 0 2
886 3 0 2 0 2
887 3 0 2 0 2
888 3 0 2 0 2
889 3 0 0 0 2
890 3 0 0 0 2
891 3 0 0 0 2
892 3 0 0 0 2
893 3 0 0 0 2
894 3 0 0 0 2
895 3 0 0 0 2
896 3 0 0 0 2
897 3 0 0 0 2
898 3 0 0 0 2
899 3 0 0 0 2
900 3 0 0 0 2
901 3 0 0 0 2
902 3 0 0 0 2
903 3 0 0 0 2
904 3 0 2 0 2
905 3 0 2 0 2
906 3 0 2 0 2
907 3 0 2 0 2
908 3 0 2 0 2
909 3 0 2 0 2
910 3 0 2 0 2
911 3 0 2 0 2
912 3 0 2 0 2
913 3 0 2 0 2
914 3 0 2 0 2
915 3 0 2 0 2
916 3 0 2 0 2
917 3 0 2 0 2
918 3 0 2 0 2
919 3 0 2 0 2
920 3 0 2 0 2
921 3 0 2 0 2
922 3 0 2 0 2
923 3 0 2 0 2
924 3 0 2 0 2
925 3 0 2 0 2
926 3 0 2 0 2
927 3 0 2 0 2
928 3 0 2 0 2
929 3 0 2 0 2
930 3 0 2 0 2
931 3 0 2 0 2
932 3 0 2 0 2
933 3 0 2 0 2
934 3 0 2 0 2
935 3 0 2 0 2
936 3 0 2 0 2
937 3 0 2 0 2
938 3 0 2 0 2
939 3 0 2 0 2
940 3 0 2 0 2
941 3 0 2 0 2
942 3 0 2 0 2
943 3 0 2 0 2
944 3 0 2 0 2
945 3 0 2 0 2
946 3 0 2 0 2
947 3 0 2 0 2
948 3 0 2 0 2
949 3 0 2 0 2
950 3 0 2 0 2
951 3 0 2 0 2
952 3 0 2 0 2
953 3 0 2 0 2
954 3 0 2 0 2
955 3 0 2 0 2
956 3 0 2 0 2
957 3 0 2 0 2
958 3 0 2 0 2
959 3 0 2 0 2
960 3 0 2 0 2
961 3 0 2 0 2
962 3 0 2 0 2
963 3 0 2 0 2
964 3 0 2 0 2
965 3 0 2 0 2
966 3 0 2 0 2
967 3 0 2 0 2
968 3 0 2 0 2
969 3 0 2 0 2
970 3 0 2 0 2
971 3 0 2 0 2
972 3 0 2 0 2
973 3 0 2 0 2
974 3 0 2 0 2
975 3 0 2 0 2
976 3 0 2 0 2
977 3 0 2 0 2
978 3 0 2 0 2
979 3 0 2 0 2
980 3 0 2 0 2
981 3 0 2 0 2
982 3 0 2 0 2
983 3 0 2 0 2
984 3 0 2 0 2
985 3 0 2 0 2
986 3 0 2 0 2
987 3 0 2 0 2
988 3 0 2 0 2
989 3 0 2 0 2
990 3 0 2 0 2
991 3 0 2 0 2
992 3 0 2 0 2
993 3 0 2 0 2
994 3 0 2 0 2
995 3 0 2 0 2
996 3 0 2 0 2
997 3 0 2 0 2
998 3 0 2 0 2
999 3 0 2 0 2
1000 3 0 2 0 2
1001 3 0 2 0 2
1002 3 0 2 0 2
1003 3 0 2 0 2
1004 3 0 2 0 2
1005 3 0 2 0 2
1006 3 0 2 0 2
1007 3 0 2 0 2
1008 3 0 2 0 2
1009 0 0 2 0 2
1010 0 0 2 0 2
1011 0 0 2 0 2
1012 0 0 2 0 2
1013 0 0 2 0 2
1014 0 0 2 0 2
1015 0 0 2 0 2
1016 0 0 2 0 2
1017 0 0 2 0 2
1018 0 0 2 0 2
1019 0 0 2 0 2
1020 0 0 2 0 2
1021 0 0 2 0 2
1022 0 0 2 0 2
1023 0 0 2 0 2
1024 0 0 2 0 0
1025 0 0 2 0 0
1026 0 0 2 0 0
1027 0 0 2 0 0
1028 0 0 2 0 0
1029 0 0 2 0 0
1030 0 0 2 0 0
1031 0 0 2 0 0
1032 0 0 2 0 0
1033 0 0 2 0 0
1034 0 0 2 0 0
1035 0 0 2 0 0
1036 0 0 2 0 0
1037 0 0 2 0 0
1038 0 0 2 0 0
1039 0 2 2 0 0
1040 0 2 2 0 0
1041 0 2 2 0 0
1042 0 2 2 0 0
1043 0 2 2 0 0
1044 0 2 2 0 0
1045 0 2 2 0 0
1046 0 2 2 0 0
1047 0 2 2 0 0
1048 0 2 2 0 0
1049 0 2 2 0 0
1050 0 2 2 0 0
1051 0 2 2 0 0
1052 0 2 2 0 0
1053 0 2 2 0 0
1054 0 2 2 0 1
1055 0 2 2 0 1
1056 0 2 2 0 1
1057 0 2 2 0 1
1058 0 2 2 0 1
1059 0 2 2 0 1
1060 0 2 2 0 1
1061 0 2 2 0 1
1062 0 2 2 0 1
1063 0 2 2 0 1
1064 0 2 2 0 1
1065 0 2 2 0 1
1066 0 2 2 0 1
1067 0 2 2 0 1
1068 0 2 2 0 1
1069 0 2 2 0 1
1070 0 2 2 0 1
1071 0 0 2 0 1
1072 0 0 2 0 1
1073 0 0 2 0 1
1074 0 0 2 0 1
1075 0 0 2 0 1
1076 0 0 2 0 1
1077 0 0 2 0 1
1078 0 0 2 0 1
1079 0 0 2 0 1
1080 0 0 2 0 1
1081 0 0 2 0 1
1082 0 0 2 0 1
1083 0 0 2 0 1
1084 0 0 2 0 1
1085 0 0 2 0 1
1086 0 0 2 0 1
1087 0 0 2 0 1
1088 0 0 2 0 1
1089 2 0 2 0 1
1090 2 0 2 0 1
1091 2 0 2 0 1
1092 2 0 2 0 1
1093 2 0 2 0 1
1094 2 0 2 0 1
1095 2 0 2 0 1
1096 2 0 2 0 1
1097 2 0 2 0 1
1098 2 0 2 0 1
1099 2 0 2 0 1
1100 2 0 2 0 1
1101 2 0 2 0 1
1102 2 0 2 0 1
1103 2 0 2 0 1
1104 2 0 3 0 1
1105 2 0 3 0 1
1106 2 0 3 0 1
1107 2 0 3 0 1
1108 2 0 3 0 1
1109 2 0 3 0 1
1110 2 0 3 0 1
1111 2 0 3 0 1
1112 2 0 3 0 1
1113 2 0 3 0 1
1114 2 0 3 0 1
1115 2 0 3 0 1
1116 2 0 3 0 1
1117 2 0 3 0 1
1118 2 0 3 0 1
1119 2 0 3 0 0
1120 2 0 3 0 0
1121 2 0 3 0 0
1122 2 0 3 0 0
1123 2 0 3 0 0
1124 2 0 3 0 0
1125 2 0 3 0 0
1126 2 0 3 0 0
1127 2 0 3 0 0
1128 2 0 3 0 0
1129 2 0 3 0 0
1130 2 0 3 0 0
1131 2 0 3 0 0
1132 2 0 3 0 0
1133 2 0 3 0 0
1134 2 0 3 0 0
1135 2 0 3 0 0
1136 2 0 3 0 0
1137 2 0 3 0 0
1138 2 0 3 0 0
1139 2 0 3 0 0
1140 2 0 3 0 0
1141 2 0 3 0 0
1142 2 0 3 0 0
1143 2 0 3 0 0
1144 2 0 3 0 0
1145 2 0 3 0 0
1146 2 0 3 0 0
1147 2 0 3 0 0
1148 2 0 3 0 0
1149 2 0 3 0 0
1150 2 0 3 0 0
1151 2 0 3 0 0
1152 2 0 3 0 0
1153 2 0 3 0 0
1154 2 0 3 0 0
1155 2 0 3 0 0
1156 2 0 3 0 0
1157 2 0 3 0 0
1158 2 0 3 0 0
1159 2 0 3 0 0
1160 2 0 3 0 0
1161 2 0 3 0 0
1162 2 0 3 0 0
1163 2 0 3 0 0
1164 2 0 3 0 0
1165 2 0 3 0 0
1166 2 0 3 0 0
1167 2 0 3 0 0
1168 2 0 3 0 0
1169 2 0 3 0 0
1170 2 0 3 0 0
1171 2 0 3 0 0
1172 2 0 3 0 0
1173 2 0 3 0 0
1174 2 0 3 0 0
1175 2 0 3 0 0
1176 2 0 3 0 0
1177 2 0 3 0 0
1178 2 0 3 0 0
1179 2 0 3 0 0
1180 2 0 3 0 0
1181 2 0 3 0 0
1182 2 0 3 0 0
1183 2 0 3 0 0
1184 2 0 3 0 0
1185 2 0 3 0 0
1186 2 0 3 0 0
1187 2 0 3 0 0
1188 2 0 3 0 0
1189 2 0 3 0 0
1190 2 0 3 0 0
1191 2 0 3 0 0
1192 2 0 3 0 0
1193 2 0 3 0 0
1194 2 0 3 0 0
1195 2 0 3 0 0
1196 2 0 3 0 0
1197 2 0 3 0 0
1198 2 0 3 0 0
1199 2 0 3 0 0
1200 2 0 3 0 0
1201 2 0 3 0 0
1202 2 0 3 0 0
1203 2 0 3 0 0
1204 2 0 3 0 0
1205 2 0 3 0 0
1206 2 0 3 0 0
1207 2 0 3 0 0
1208 2 0 3 0 0
1209 2 0 3 0 0
1210 2 0 3 0 0
1211 2 0 3 0 0
1212 2 0 3 0 0
1213 2 0 3 0 0
1214 2 0 3 0 0
1215 2 0 3 0 0
1216 2 0 3 0 0
1217 2 0 3 0 0
1218 2 0 3 0 0
1219 2 0 3 0 0
1220 2 0 3 0 0
1221 2 0 3 0 0
1222 2 0 3 0 0
1223 2 0 3 0 0
1224 2 0 3 0 0
1225 2 0 3 0 0
1226 2 0 3 0 0
1227 2 0 3 0 0
1228 2 0 3 0 0
1229 2 0 3 0 0
1230 2 0 3 0 0
1231 2 0 3 0 0
1232 2 0 3 0 0
1233 2 0 3 0 0
1234 2 0 3 0 0
1235 2 0 3 0 0
1236 2 0 3 0 0
1237 2 0 3 0 0
1238 2 0 3 0 0
1239 2 0 3 0 0
1240 2 0 3 0 0
1241 2 0 3 0 0
1242 2 0 3 0 0
1243 2 0 3 0 0
1244 2 0 3 0 0
1245 2 0 0 0 0
1246 2 0 0 0 0
1247 2 0 0 0 0
1248 2 0 0 0 0
1249 2 0 0 0 0
1250 2 0 0 0 0
1251 2 0 0 0 0
1252 2 0 0 0 0
1253 2 0 0 0 0
1254 2 0 0 0 0
1255 2 0 0 0 0
1256 2 0 0 0 0
1257 2 0 0 0 0
1258 2 0 0 0 0
1259 2 0 0 0 0
1260 2 0 0 0 0
1261 2 0 0 0 0
1262 2 0 0 0 0
1263 2 0 0 0 0
1264 2 0 0 0 0
1265 2 0 0 0 0
1266 2 0 0 0 0
1267 2 0 0 0 0
1268 2 0 0 0 0
1269 2 0 0 0 0
1270 2 0 0 0 0
1271 2 0 0 0 0
1272 2 0 0 0 0
1273 2 0 0 0 0
1274 2 0 0 0 0
1275 2 0 0 2 0
1276 2 0 0 2 0
1277 2 0 0 2 0
1278 2 0 0 2 0
1279 2 0 0 2 0
1280 2 0 0 2 0
1281 2 0 0 2 0
1282 2 0 0 2 0
1283 2 0 0 2 0
1284 2 0 0 2 0
1285 2 0 0 2 0
1286 2 0 0 2 0
1287 2 0 0 2 0
1288 2 0 0 2 0
1289 2 0 0 2 0
1290 2 0 0 2 0
1291 2 0 0 2 0
1292 2 0 0 2 0
1293 2 0 0 2 0
1294 2 0 0 2 0
1295 2 0 0 2 0
1296 2 0 0 2 0
1297 2 0 0 2 0
1298 2 0 0 2 0
1299 2 0 0 2 0
1300 2 0 0 2 0
1301 2 0 0 2 0
1302 2 0 0 2 0
1303 2 0 0 2 0
1304 2 0 0 2 0
1305 2 0 0 2 0
1306 2 0 0 2 0
1307 2 0 0 2 0
1308 2 0 0 2 0
1309 2 0 0 2 0
1310 2 0 0 2 0
1311 2 0 0 2 0
1312 2 0 0 2 0
1313 2 0 0 2 0
1314 2 0 0 2 0
1315 2 0 0 2 0
1316 2 0 0 2 0
1317 2 0 0 2 0
1318 2 0 0 2 0
1319 2 0 0 2 0
1320 2 0 2 0 0
1321 2 0 2 0 0
1322 2 0 2 0 0
1323 2 0 2 0 0
1324 2 0 2 0 0
1325 2 0 2 0 0
1326 2 0 2 0 0
1327 2 0 2 0 0
1328 2 0 2 0 0
1329 2 0 2 0 0
1330 2 0 2 0 0
1331 2 0 2 0 0
1332 2 0 2 0 0
1333 2 0 2 0 0
1334 2 0 2 0 0
1335 2 0 2 0 0
1336 2 0 2 0 0
1337 2 0 2 0 0
1338 3 0 2 0 1
1339 3 0 2 0 1
1340 3 0 2 0 1
1341 3 0 2 0 1
1342 3 0 2 0 1
1343 3 0 2 0 1
1344 3 0 2 0 1
1345 3 0 2 0 1
1346 3 0 2 0 1
1347 3 0 2 0 1
1348 3 0 2 0 1
1349 3 0 2 0 1
1350 3 0 2 0 1
1351 3 0 2 0 1
1352 3 0 2 0 1
1353 3 0 2 0 2
1354 3 0 2 0 2
1355 3 0 2 0 2
1356 3 0 2 0 2
1357 3 0 2 0 2
1358 3 0 2 0 2
1359 3 0 2 0 2
1360 3 0 2 0 2
1361 3 0 2 0 2
1362 3 0 2 0 2
1363 3 0 2 0 2
1364 3 0 2 0 2
1365 3 0 2 0 2
1366 3 0 2 0 2
1367 3 0 2 0 2
1368 3 0 2 0 2
1369 3 0 2 0 2
1370 3 0 2 0 2
1371 3 0 2 0 2
1372 3 0 2 0 2
1373 3 0 2 0 2
1374 3 0 2 0 2
1375 3 0 2 0 2
1376 3 0 2 0 2
1377 3 0 2 0 2
1378 3 0 2 0 2
1379 3 0 2 0 2
1380 3 0 2 0 2
1381 3 0 2 0 2
1382 3 0 2 0 2
1383 3 0 2 0 2
1384 3 0 2 0 2
1385 3 0 2 0 2
1386 3 0 2 0 2
1387 3 0 2 0 2
1388 3 0 2 0 2
1389 3 0 2 0 2
1390 3 0 2 0 2
1391 3 0 2 0 2
1392 3 0 2 0 2
1393 3 0 2 0 2
1394 3 0 2 0 2
1395 3 0 2 0 2
1396 3 0 2 0 2
1397 3 0 2 0 2
1398 0 0 2 0 2
1399 0 0 2 0 2
1400 0 0 2 0 2
1401 0 0 2 0 2
1402 0 0 2 0 2
1403 0 0 2 0 2
1404 0 0 2 0 2
1405 0 0 2 0 2
1406 0 0 2 0 2
1407 0 0 2 0 2
1408 0 0 2 0 2
1409 3 0 2 0 2
1410 3 0 2 0 2
1411 3 0 2 0 2
1412 3 0 2 0 2
1413 3 0 2 0 2
1414 3 0 2 0 2
1415 3 0 2 0 2
1416 3 0 2 0 2
1417 3 0 2 0 2
1418 3 0 2 0 2
1419 3 0 2 0 2
1420 3 0 2 0 2
1421 3 0 2 0 2
1422 3 0 2 0 2
1423 3 0 2 0 2
1424 3 0 2 0 2
1425 3 0 2 0 2
1426 3 0 2 0 2
1427 3 0 2 0 2
1428 3 0 2 0 2
1429 3 0 2 0 2
1430 3 0 2 0 2
1431 3 0 2 0 2
1432 3 0 2 0 2
1433 3 0 2 0 2
1434 3 0 2 0 2
1435 3 0 2 0 2
1436 3 0 2 0 2
1437 3 0 2 0 2
1438 3 0 2 0 2
1439 3 0 2 0 2
1440 3 0 2 0 2
1441 3 0 2 0 2
1442 3 0 2 0 2
1443 3 0 2 0 2
1444 3 0 2 0 2
1445 3 0 2 0 2
1446 3 0 2 0 2
1447 3 0 2 0 2
1448 3 0 2 0 2
1449 3 0 2 0 2
1450 3 0 2 0 2
1451 3 0 2 0 2
1452 3 0 2 0 2
1453 3 0 2 0 2
1454 3 0 2 0 2
1455 3 0 2 0 2
1456 3 0 2 0 2
1457 3 0 2 0 2
1458 3 0 2 0 2
1459 3 0 2 0 2
1460 3 0 2 0 2
1461 3 0 2 0 2
1462 3 0 2 0 2
1463 3 0 2 0 2
1464 3 0 2 0 2
1465 3 0 2 0 2
1466 3 0 2 0 2
1467 3 0 2 0 2
1468 3 0 2 0 2
1469 3 0 2 0 2
1470 3 0 2 0 2
1471 3 0 2 0 2
1472 3 0 2 0 2
1473 3 0 2 0 2
1474 3 0 2 0 2
1475 3 0 2 0 2
1476 3 0 2 0 2
1477 3 0 2 0 2
1478 3 0 2 0 2
1479 3 0 2 0 2
1480 3 0 2 0 2
1481 3 0 2 0 2
1482 3 0 2 0 2
1483 3 0 2 0 2
1484 3 0 2 0 2
1485 3 0 2 0 2
1486 3 0 2 0 2
1487 3 0 2 0 2
1488 3 0 2 0 2
1489 3 0 2 0 2
1490 3 0 2 0 2
1491 3 0 2 0 2
1492 3 0 2 0 2
1493 3 0 2 0 2
1494 3 0 2 0 2
1495 3 0 2 0 2
1496 3 0 2 0 2
1497 3 0 2 0 2
1498 3 0 2 0 2
1499 3 0 2 0 2
1500 3 0 2 0 2
1501 3 0 2 0 2
1502 3 0 2 0 2
1503 3 0 2 0 2
1504 3 0 2 0 2
1505 3 0 2 0 2
1506 3 0 2 0 2
1507 3 0 2 0 2
1508 3 0 2 0 2
1509 3 0 2 0 2
1510 3 0 2 0 2
1511 3 0 2 0 2
1512 3 0 2 0 2
1513 3 0 2 0 2
1514 3 0 2 0 2
1515 3 0 2 0 2
1516 3 0 2 0 2
1517 3 0 2 0 2
1518 3 0 2 0 2
1519 3 0 2 0 2
1520 3 0 2 0 2
1521 3 0 2 0 2
1522 3 0 2 0 2
1523 3 0 2 0 2
1524 3 0 2 0 2
1525 3 0 2 0 2
1526 3 0 2 0 2
1527 3 0 2 0 2
1528 3 0 2 0 2
1529 3 0 2 0 2
1530 3 0 2 0 2
1531 3 0 2 0 2
1532 0 0 2 0 2
1533 0 0 2 0 2
1534 0 0 2 0 2
1535 0 0 2 0 2
1536 0 0 2 0 2
1537 0 0 2 0 2
1538 0 0 2 0 2
1539 0 0 2 0 2
1540 0 0 2 0 2
1541 0 0 2 0 2
1542 0 0 2 0 2
1543 0 0 2 0 2
1544 0 0 2 0 2
1545 0 0 2 0 2
1546 0 0 2 0 2
1547 2 0 2 0 2
1548 2 0 2 0 2
1549 2 0 2 0 2
1550 2 0 2 0 2
1551 2 0 2 0 2
1552 2 0 2 0 2
1553 2 0 2 0 2
1554 2 0 2 0 2
1555 2 0 2 0 2
1556 2 0 2 0 2
1557 2 0 2 0 2
1558 2 0 2 0 2
1559 2 0 2 0 2
1560 2 0 2 0 2
1561 2 0 2 0 2
1562 0 2 2 0 2
1563 0 2 2 0 2
1564 0 2 2 0 2
1565 0 2 2 0 2
1566 0 2 2 0 2
1567 0 2 2 0 2
1568 0 2 2 0 2
1569 0 2 2 0 2
1570 0 2 2 0 2
1571 0 2 2 0 2
1572 0 2 2 0 2
1573 0 2 2 0 2
1574 0 2 2 0 2
1575 0 2 2 0 2
1576 0 2 2 0 2
1577 2 0 2 0 2
1578 2 0 2 0 2
1579 2 0 2 0 2
1580 2 0 2 0 2
1581 2 0 2 0 2
1582 2 0 2 0 2
1583 2 0 2 0 2
1584 2 0 2 0 2
1585 2 0 2 0 2
1586 2 0 2 0 2
1587 2 0 2 0 2
1588 2 0 2 0 2
1589 2 0 2 0 2
1590 2 0 2 0 2
1591 2 0 2 0 2
1592 2 0 2 0 2
1593 2 0 2 0 2
1594 2 0 2 0 2
1595 2 0 2 0 2
1596 2 0 2 0 2
1597 2 0 2 0 2
1598 2 0 2 0 2
1599 2 0 2 0 2
1600 2 0 2 0 2
1601 2 0 2 0 2
1602 2 0 2 0 2
1603 2 0 2 0 2
1604 2 0 2 0 2
1605 2 0 2 0 2
1606 2 0 2 0 2
1607 2 0 2 0 2
1608 2 0 2 0 2
1609 2 0 2 0 2
1610 2 0 2 0 2
1611 2 0 2 0 2
1612 2 0 2 0 2
1613 2 0 2 0 2
1614 2 0 2 0 2
1615 2 0 2 0 2
1616 2 0 2 0 2
1617 2 0 2 0 2
1618 3 0 2 0 2
1619 3 0 2 0 2
1620 3 0 2 0 2
1621 3 0 2 0 2
1622 3 0 2 0 2
1623 3 0 2 0 2
1624 3 0 2 0 2
1625 3 0 2 0 2
1626 3 0 2 0 2
1627 3 0 2 0 2
1628 3 0 2 0 2
1629 3 0 2 0 2
1630 3 0 2 0 2
1631 3 0 2 0 2
1632 3 0 2 0 2
1633 0 0 3 0 2
1634 0 0 3 0 2
1635 0 0 3 0 2
1636 0 0 3 0 2
1637 0 0 3 0 2
1638 0 0 3 0 2
1639 0 0 3 0 2
1640 0 0 3 0 2
1641 0 0 3 0 2
1642 0 0 3 0 2
1643 0 0 3 0 2
1644 0 0 3 0 2
1645 0 0 3 0 2
1646 0 0 3 0 2
1647 0 0 3 0 2
1648 0 0 3 0 0
1649 0 0 3 0 0
1650 0 0 3 0 0
1651 0 0 3 0 0
1652 0 0 3 0 0
1653 0 0 3 0 0
1654 0 0 3 0 0
1655 0 0 3 0 0
1656 0 0 3 0 0
1657 0 0 3 0 0
1658 0 0 3 0 0
1659 0 0 3 0 0
1660 0 0 3 0 0
1661 0 0 3 0 0
1662 0 0 3 0 0
1663 0 0 3 0 0
1664 0 0 3 0 0
1665 0 0 3 0 0
1666 0 0 3 0 0
1667 0 0 3 0 0
1668 0 0 3 0 0
1669 0 0 3 0 0
1670 0 0 3 0 0
1671 0 0 3 0 0
1672 0 0 3 0 0
1673 0 0 3 0 0
1674 0 0 3 0 0
1675 0 0 3 0 0
1676 0 0 3 0 0
1677 0 0 3 0 0
1678 0 0 3 0 0
1679 0 0 3 0 0
1680 0 0 3 0 0
1681 0 0 3 0 0
1682 0 0 3 0 0
1683 0 0 3 0 0
1684 0 0 3 0 0
1685 0 0 3 0 0
1686 0 0 3 0 0
1687 0 0 3 0 0
1688 0 0 3 0 0
1689 0 0 3 0 0
1690 0 0 3 0 0
1691 0 0 3 0 0
1692 0 0 3 0 0
1693 0 0 3 0 0
1694 0 0 3 0 0
1695 0 0 3 0 0
1696 0 0 3 0 0
1697 0 0 3 0 0
1698 0 0 3 0 0
1699 0 0 3 0 0
1700 0 0 3 0 0
1701 0 0 3 0 0
1702 0 0 3 0 0
1703 0 0 3 0 0
1704 0 0 3 0 0
1705 0 0 3 0 0
1706 0 0 3 0 0
1707 0 0 3 0 0
1708 0 0 3 0 0
1709 0 0 3 0 0
1710 0 0 3 0 0
1711 0 0 3 0 0
1712 0 0 3 0 0
1713 0 0 3 0 0
1714 0 0 3 0 0
1715 0 0 3 0 0
1716 0 0 3 0 0
1717 0 0 3 0 0
1718 0 0 3 0 0
1719 0 0 3 0 0
1720 0 0 3 0 0
1721 0 0 3 0 0
1722 0 0 3 0 0
1723 0 0 3 0 0
1724 0 0 3 0 0
1725 0 0 3 0 0
1726 0 0 3 0 0
1727 0 0 3 0 0
1728 0 0 3 0 0
1729 0 0 3 0 0
1730 0 0 3 0 0
1731 0 0 3 0 0
1732 0 0 3 0 0
1733 2 0 3 0 0
1734 2 0 3 0 0
1735 2 0 3 0 0
1736 2 0 3 0 0
1737 2 0 3 0 0
1738 2 0 3 0 0
1739 2 0 3 0 0
1740 2 0 3 0 0
1741 2 0 3 0 0
1742 2 0 3 0 0
1743 2 0 3 0 0
1744 2 0 3 0 0
1745 2 0 3 0 0
1746 2 0 3 0 0
1747 2 0 3 0 0
1748 2 0 0 2 0
1749 2 0 0 2 0
1750 2 0 0 2 0
1751 2 0 0 2 0
1752 2 0 0 2 0
1753 2 0 0 2 0
1754 2 0 0 2 0
1755 2 0 0 2 0
1756 2 0 0 2 0
1757 2 0 0 2 0
1758 2 0 0 2 0
1759 2 0 0 2 0
1760 2 0 0 2 0
1761 2 0 0 2 0
1762 2 0 0 2 0
1763 2 0 0 2 0
1764 2 0 0 2 0
1765 2 0 0 2 0
1766 2 0 0 2 0
1767 2 0 0 2 0
1768 2 0 0 2 0
1769 2 0 0 2 0
1770 2 0 0 2 0
1771 2 0 0 2 0
1772 2 0 0 2 0
1773 2 0 2 0 0
1774 2 0 2 0 0
1775 2 0 2 0 0
1776 2 0 2 0 0
1777 2 0 2 0 0
1778 2 0 2 0 0
1779 2 0 2 0 0
1780 2 0 2 0 0
1781 2 0 2 0 0
1782 2 0 2 0 0
1783 2 0 2 0 0
1784 2 0 2 0 0
1785 2 0 2 0 0
1786 2 0 2 0 0
1787 2 0 2 0 0
1788 2 0 2 0 0
1789 2 0 2 0 0
1790 2 0 2 0 0
1791 2 0 2 0 1
1792 2 0 2 0 1
1793 2 0 2 0 1
1794 2 0 2 0 1
1795 2 0 2 0 1
1796 2 0 2 0 1
1797 2 0 2 0 1
1798 2 0 2 0 1
1799 2 0 2 0 1
1800 2 0 2 0 1
1801 2 0 2 0 1
1802 2 0 2 0 1
1803 2 0 2 0 1
1804 2 0 2 0 1
1805 2 0 2 0 1
1806 3 0 2 0 2
1807 3 0 2 0 2
1808 3 0 2 0 2
1809 3 0 2 0 2
1810 3 0 2 0 2
1811 3 0 2 0 2
1812 3 0 2 0 2
1813 3 0 2 0 2
1814 3 0 2 0 2
1815 3 0 2 0 2
1816 3 0 2 0 2
1817 3 0 2 0 2
1818 3 0 2 0 2
1819 3 0 2 0 2
1820 3 0 2 0 2
1821 3 0 2 0 2
1822 3 0 2 0 2
1823 3 0 2 0 2
1824 3 0 2 0 2
1825 3 0 2 0 2
1826 3 0 2 0 2
1827 3 0 2 0 2
1828 3 0 2 0 2
1829 3 0 2 0 2
1830 3 0 2 0 2
1831 3 0 2 0 2
1832 3 0 2 0 2
1833 3 0 2 0 2
1834 3 0 2 0 2
1835 3 0 2 0 2
1836 3 0 2 0 2
1837 3 0 2 0 2
1838 3 0 2 0 2
1839 3 0 2 0 2
1840 3 0 2 0 2
1841 3 0 2 0 2
1842 3 0 2 0 2
1843 3 0 2 0 2
1844 3 0 2 0 2
1845 3 0 2 0 2
1846 3 0 2 0 2
1847 3 0 2 0 2
1848 3 0 2 0 2
1849 3 0 2 0 2
1850 3 0 2 0 2
1851 3 0 2 0 2
1852 3 0 2 0 2
1853 3 0 2 0 2
1854 3 0 2 0 2
1855 3 0 2 0 2
1856 3 0 2 0 2
1857 3 0 2 0 2
1858 3 0 2 0 2
1859 3 0 2 0 2
1860 3 0 2 0 2
1861 3 0 2 0 2
1862 3 0 2 0 2
1863 3 0 2 0 2
1864 3 0 2 0 2
1865 3 0 2 0 2
1866 3 0 2 0 2
1867 3 0 2 0 2
1868 3 0 2 0 2
1869 3 0 2 0 2
1870 3 0 2 0 2
1871 3 0 2 0 2
1872 3 0 2 0 2
1873 3 0 2 0 2
1874 3 0 2 0 2
1875 3 0 2 0 2
1876 3 0 2 0 2
1877 3 0 2 0 2
1878 3 0 2 0 2
1879 3 0 2 0 2
1880 3 0 2 0 2
1881 3 0 2 0 2
1882 3 0 2 0 2
1883 3 0 2 0 2
1884 3 0 2 0 2
1885 3 0 2 0 2
1886 3 0 2 0 2
1887 3 0 2 0 2
1888 3 0 2 0 2
1889 3 0 2 0 2
1890 3 0 2 0 2
1891 3 0 2 0 2
1892 3 0 2 0 2
1893 3 0 2 0 2
1894 3 0 2 0 2
1895 3 0 2 0 2
1896 3 0 2 0 2
1897 3 0 2 0 2
1898 3 0 2 0 2
1899 3 0 2 0 2
1900 3 0 2 0 2
1901 3 0 2 0 2
1902 3 0 2 0 2
1903 3 0 2 0 2
1904 3 0 2 0 2
1905 3 0 2 0 2
1906 3 0 2 0 2
1907 3 0 2 0 2
1908 3 0 2 0 2
1909 3 0 2 0 2
1910 3 0 2 0 2
1911 3 0 2 0 2
1912 3 0 2 0 2
1913 3 0 2 0 2
1914 3 0 2 0 2
1915 3 0 2 0 2
1916 3 0 2 0 2
1917 3 0 2 0 2
1918 3 0 2 0 2
1919 3 0 2 0 2
1920 3 0 2 0 2
1921 3 0 2 0 2
1922 3 0 2 0 2
1923 3 0 2 0 2
1924 3 0 2 0 2
1925 3 0 2 0 2
1926 3 0 2 0 2
1927 3 0 2 0 2
1928 3 0 2 0 2
1929 3 0 2 0 2
1930 3 0 2 0 2
1931 3 0 2 0 2
1932 3 0 2 0 2
1933 3 0 2 0 2
1934 3 0 2 0 2
1935 3 0 2 0 2
1936 3 0 2 0 2
1937 3 0 2 0 2
1938 3 0 2 0 2
1939 3 0 2 0 2
1940 3 0 2 0 2
1941 3 0 2 0 2
1942 3 0 2 0 2
1943 3 0 2 0 2
1944 3 0 2 0 2
1945 3 0 2 0 2
1946 3 0 2 0 2
1947 3 0 2 0 2
1948 3 0 2 0 2
1949 3 0 2 0 2
1950 3 0 2 0 2
1951 3 0 2 0 2
1952 3 0 2 0 2
1953 3 0 2 0 2
1954 3 0 2 0 2
1955 3 0 2 0 2
1956 3 0 2 0 2
1957 3 0 2 0 2
1958 3 0 2 0 2
1959 3 0 2 0 2
1960 3 0 2 0 2
1961 3 0 2 0 2
1962 3 0 2 0 2
1963 3 0 2 0 2
1964 3 0 2 0 2
1965 3 0 2 0 2
1966 3 0 2 0 2
1967 3 0 2 0 2
1968 3 0 2 0 2
1969 3 0 2 0 2
1970 3 0 2 0 2
1971 3 0 2 0 2
1972 3 0 2 0 2
1973 3 0 2 0 2
1974 3 0 2 0 2
1975 3 0 2 0 2
1976 3 0 2 0 2
1977 3 0 2 0 2
1978 3 0 2 0 2
1979 3 0 2 0 2
1980 3 0 2 0 2
1981 3 0 2 0 2
1982 3 0 2 0 2
1983 3 0 2 0 2
1984 3 0 2 0 2
1985 3 0 2 0 2
1986 3 0 2 0 2
1987 3 0 2 0 2
1988 3 0 2 0 2
1989 3 0 2 0 2
1990 3 0 2 0 2
1991 3 0 2 0 2
1992 3 0 2 0 2
1993 3 0 2 0 2
1994 3 0 2 0 2
1995 3 0 2 0 2
1996 3 0 2 0 2
1997 3 0 2 0 2
1998 3 0 2 0 2
1999 3 0 2 0 2
2000 3 0 2 0 2
2001 3 0 2 0 2
2002 3 0 2 0 2
2003 3 0 2 0 2
2004 3 0 2 0 2
2005 3 0 2 0 2
2006 3 0 2 0 2
2007 3 0 2 0 2
2008 3 0 2 0 2
2009 3 0 2 0 2
2010 3 0 2 0 2
2011 3 0 2 0 2
2012 0 0 2 0 2
2013 0 0 2 0 2
2014 0 0 2 0 2
2015 0 0 2 0 2
2016 0 0 2 0 2
2017 0 0 2 0 2
2018 0 0 2 0 2
2019 0 0 2 0 2
2020 0 0 2 0 2
2021 0 0 2 0 2
2022 0 0 2 0 2
2023 0 0 2 0 2
2024 0 0 2 0 2
2025 0 0 2 0 2
2026 0 0 2 0 2
2027 2 0 2 0 2
2028 2 0 2 0 2
2029 2 0 2 0 2
2030 2 0 2 0 2
2031 2 0 2 0 2
2032 2 0 2 0 2
2033 2 0 2 0 2
2034 2 0 2 0 2
2035 2 0 2 0 2
2036 2 0 2 0 2
2037 2 0 2 0 2
2038 2 0 2 0 2
2039 2 0 2 0 2
2040 2 0 2 0 2
2041 2 0 2 0 2
2042 2 0 2 0 2
2043 2 0 2 0 2
2044 2 0 2 0 2
2045 2 0 2 0 2
2046 2 0 2 0 2
2047 2 0 2 0 2
2048 2 0 2 0 2
2049 2 0 2 0 2
2050 2 0 2 0 2
2051 2 0 2 0 2
2052 2 0 2 0 2
2053 2 0 2 0 2
2054 2 0 2 0 2
2055 2 0 2 0 2
2056 2 0 2 0 2
2057 2 0 2 0 2
2058 2 0 2 0 2
2059 2 0 2 0 2
2060 2 0 2 0 2
2061 2 0 2 0 2
2062 2 0 2 0 2
2063 2 0 2 0 2
2064 2 0 2 0 2
2065 2 0 2 0 2
2066 2 0 3 0 2
2067 2 0 3 0 2
2068 2 0 3 0 2
2069 2 0 3 0 2
2070 2 0 3 0 2
2071 2 0 3 0 2
2072 2 0 3 0 2
2073 2 0 3 0 2
2074 2 0 3 0 2
2075 2 0 3 0 2
2076 2 0 3 0 2
2077 2 0 3 0 2
2078 2 0 3 0 2
2079 2 0 3 0 2
2080 2 0 3 0 2
2081 2 0 3 0 2
2082 2 0 3 0 2
2083 2 0 3 0 2
2084 2 0 3 0 2
2085 2 0 3 0 2
2086 2 0 3 0 2
2087 2 0 3 0 2
2088 2 0 3 0 2
2089 2 0 3 0 2
2090 2 0 3 0 2
2091 2 0 3 0 2
2092 2 0 3 0 2
2093 2 0 3 0 2
2094 2 0 3 0 2
2095 2 0 3 0 2
2096 2 0 3 0 2
2097 2 0 3 0 2
2098 2 0 3 0 2
2099 2 0 3 0 2
2100 2 0 3 0 2
2101 2 0 3 0 2
2102 2 0 3 0 2
2103 2 0 3 0 2
2104 2 0 3 0 2
2105 2 0 3 0 2
2106 2 0 3 0 2
2107 2 0 3 0 2
2108 2 0 3 0 2
2109 2 0 3 0 2
2110 2 0 3 0 2
2111 2 0 0 0 0
2112 2 0 0 0 0
2113 2 0 0 0 0
2114 2 0 0 0 0
2115 2 0 0 0 0
2116 2 0 0 0 0
2117 2 0 0 0 0
2118 2 0 0 0 0
2119 2 0 0 0 0
2120 2 0 0 0 0
2121 2 0 0 0 0
2122 2 0 0 0 0
2123 2 0 0 0 0
2124 2 0 0 0 0
2125 2 0 0 0 0
2126 2 0 0 0 0
2127 2 0 0 0 0
2128 2 0 0 0 0
2129 2 0 0 0 0
2130 2 0 0 0 0
2131 2 0 0 0 0
2132 2 0 0 0 0
2133 2 0 0 0 0
2134 2 0 0 0 0
2135 2 0 0 0 0
2136 2 0 0 0 0
2137 2 0 0 0 0
2138 2 0 0 0 0
2139 2 0 0 0 0
2140 2 0 0 0 0
2141 2 0 0 0 0
2142 2 0 0 0 0
2143 2 0 0 0 0
2144 2 0 0 0 0
2145 2 0 0 0 0
2146 2 0 0 0 0
2147 2 0 0 0 0
2148 2 0 0 0 0
2149 2 0 0 0 0
2150 2 0 0 0 0
2151 2 0 0 0 0
2152 2 0 0 0 0
2153 2 0 0 0 0
2154 2 0 0 0 0
2155 2 0 0 0 0
2156 2 0 0 0 0
2157 2 0 0 0 0
2158 2 0 0 0 0
2159 2 0 0 0 0
2160 2 0 0 0 0
2161 2 0 0 0 0
2162 2 0 0 0 0
2163 2 0 0 0 0
2164 2 0 0 0 0
2165 2 0 0 0 0
2166 2 0 0 0 0
2167 2 0 0 0 0
2168 2 0 0 0 0
2169 2 0 0 0 0
2170 2 0 0 0 0
2171 2 0 0 0 0
2172 2 0 0 0 0
2173 2 0 0 0 0
2174 2 0 0 0 0
2175 2 0 0 0 0
2176 2 0 0 0 0
2177 2 0 0 0 0
2178 2 0 0 0 0
2179 2 0 0 0 0
2180 2 0 0 0 0
2181 2 0 0 0 0
2182 2 0 0 0 0
2183 2 0 0 0 0
2184 2 0 0 0 0
2185 2 0 0 0 0
2186 2 0 0 0 0
2187 2 0 0 0 0
2188 2 0 0 0 0
2189 2 0 0 0 0
2190 2 0 0 0 0
2191 2 0 0 0 0
2192 2 0 0 0 0
2193 2 0 0 0 0
2194 2 0 0 0 0
2195 2 0 0 0 0
2196 2 0 0 0 0
2197 2 0 0 0 0
2198 2 0 0 0 0
2199 2 0 0 0 0
2200 2 0 0 0 0
2201 2 0 3 0 0
2202 2 0 3 0 0
2203 2 0 3 0 0
2204 2 0 3 0 0
2205 2 0 3 0 0
2206 2 0 3 0 0
2207 2 0 3 0 0
2208 2 0 3 0 0
2209 2 0 3 0 0
2210 2 0 3 0 0
2211 2 0 3 0 0
2212 2 0 3 0 0
2213 2 0 3 0 0
2214 2 0 3 0 0
2215 2 0 3 0 0
2216 0 0 0 3 0
2217 0 0 0 3 0
2218 0 0 0 3 0
2219 0 0 0 3 0
2220 0 0 0 3 0
2221 0 0 0 3 0
2222 0 0 0 3 0
2223 0 0 0 3 0
2224 0 0 0 3 0
2225 0 0 0 3 0
2226 0 0 0 3 0
2227 0 0 0 3 0
2228 0 0 0 3 0
2229 0 0 0 3 0
2230 0 0 0 3 0
2231 2 0 0 3 0
2232 2 0 0 3 0
2233 2 0 0 3 0
2234 2 0 0 3 0
2235 2 0 0 3 0
2236 2 0 0 3 0
2237 2 0 0 3 0
2238 2 0 0 3 0
2239 2 0 0 3 0
2240 2 0 0 3 0
2241 2 0 0 3 0
2242 2 0 0 3 0
2243 2 0 0 3 0
2244 2 0 0 3 0
2245 2 0 0 3 0
2246 2 0 0 3 0
2247 2 0 0 3 0
2248 2 0 0 3 0
2249 2 0 0 3 0
2250 2 0 0 3 0
2251 2 0 0 3 0
2252 2 0 0 3 0
2253 2 0 0 3 0
2254 2 0 0 3 0
2255 2 0 0 3 0
2256 2 0 0 3 0
2257 2 0 0 3 0
2258 2 0 0 3 0
2259 2 0 0 3 0
2260 2 0 0 3 0
2261 2 0 0 3 0
2262 2 0 0 3 0
2263 2 0 0 3 0
2264 2 0 0 3 0
2265 2 0 0 3 0
2266 0 0 2 0 0
2267 0 0 2 0 0
2268 0 0 2 0 0
2269 0 0 2 0 0
2270 0 0 2 0 0
2271 0 0 2 0 0
2272 0 0 2 0 0
2273 0 0 2 0 0
2274 0 0 2 0 0
2275 0 0 2 0 0
2276 0 0 2 0 0
2277 0 0 2 0 0
2278 0 0 2 0 0
2279 0 0 2 0 0
2280 0 0 2 0 0
2281 0 0 2 0 0
2282 0 0 2 0 0
2283 0 0 2 0 0
2284 0 0 2 0 0
2285 0 0 2 0 0
2286 0 0 2 0 0
2287 0 0 2 0 0
2288 0 0 2 0 0
2289 0 0 2 0 0
2290 0 0 2 0 0
2291 0 0 2 0 0
2292 0 0 2 0 0
2293 0 0 2 0 0
2294 0 0 2 0 0
2295 0 0 2 0 0
2296 0 0 2 0 0
2297 0 0 2 0 0
2298 0 0 2 0 0
2299 0 0 2 0 0
2300 0 0 2 0 0
2301 0 0 2 0 0
2302 0 0 2 0 0
2303 0 0 2 0 0
2304 0 0 2 0 0
2305 0 0 2 0 0
2306 0 0 2 0 0
2307 0 0 2 0 0
2308 0 0 2 0 0
2309 0 0 2 0 0
2310 0 0 2 0 0
2311 0 0 2 0 0
2312 0 0 2 0 0
2313 0 0 2 0 0
2314 0 0 2 0 0
2315 0 0 2 0 0
2316 0 0 2 0 0
2317 0 0 2 0 0
2318 0 0 2 0 0
2319 0 0 2 0 0
2320 0 0 2 0 0
2321 0 0 2 0 0
2322 0 0 2 0 0
2323 0 0 2 0 0
2324 0 0 2 0 0
2325 0 0 2 0 0
2326 0 0 2 0 0
2327 0 0 2 0 0
2328 0 0 2 0 0
2329 0 0 2 0 0
2330 0 0 2 0 0
2331 0 0 2 0 0
2332 0 0 2 0 0
2333 0 0 2 0 0
2334 0 0 2 0 0
2335 0 0 2 0 0
2336 0 0 2 0 0
2337 0 0 2 0 0
2338 0 0 2 0 0
2339 0 0 2 0 0
2340 0 0 2 0 0
2341 0 0 2 0 0
2342 0 0 2 0 0
2343 0 0 2 0 0
2344 0 0 2 0 0
2345 0 0 2 0 0
2346 0 0 2 0 0
2347 0 0 2 0 0
2348 0 0 2 0 0
2349 0 0 2 0 0
2350 0 0 2 0 0
2351 0 0 2 0 0
2352 0 0 2 0 0
2353 0 0 2 0 0
2354 0 0 2 0 0
2355 0 0 2 0 0
2356 0 0 3 0 0
2357 0 0 3 0 0
2358 0 0 3 0 0
2359 0 0 3 0 0
2360 0 0 3 0 0
2361 0 0 3 0 0
2362 0 0 3 0 0
2363 0 0 3 0 0
2364 0 0 3 0 0
2365 0 0 3 0 0
2366 0 0 3 0 0
2367 0 0 3 0 0
2368 0 0 3 0 0
2369 0 0 3 0 0
2370 0 0 3 0 0
2371 2 0 3 0 0
2372 2 0 3 0 0
2373 2 0 3 0 0
2374 2 0 3 0 0
2375 2 0 3 0 0
2376 2 0 3 0 0
2377 2 0 3 0 0
2378 2 0 3 0 0
2379 2 0 3 0 0
2380 2 0 3 0 0
2381 2 0 3 0 0
2382 2 0 3 0 0
2383 2 0 3 0 0
2384 2 0 3 0 0
2385 2 0 3 0 0
2386 2 0 0 0 0
2387 2 0 0 0 0
2388 2 0 0 0 0
2389 2 0 0 0 0
2390 2 0 0 0 0
2391 2 0 0 0 0
2392 2 0 0 0 0
2393 2 0 0 0 0
2394 2 0 0 0 0
2395 2 0 0 0 0
2396 2 0 0 0 0
2397 2 0 0 0 0
2398 2 0 0 0 0
2399 2 0 0 0 0
2400 2 0 0 0 0
2401 2 0 0 0 0
2402 2 0 0 0 0
2403 2 0 0 0 0
2404 2 0 0 0 0
2405 2 0 0 0 0
2406 2 0 0 0 0
2407 2 0 0 0 0
2408 2 0 0 0 0
2409 2 0 0 0 0
2410 2 0 0 0 0
2411 2 0 0 0 0
2412 2 0 0 0 0
2413 2 0 0 0 0
2414 2 0 0 0 0
2415 2 0 0 0 0
2416 2 0 0 0 0
2417 2 0 0 0 0
2418 2 0 0 0 0
2419 2 0 0 0 0
2420 2 0 0 0 0
2421 2 0 0 0 0
2422 2 0 0 0 0
2423 2 0 0 0 0
2424 2 0 0 0 0
2425 2 0 0 0 0
2426 2 0 0 0 0
2427 2 0 0 0 0
2428 2 0 0 0 0
2429 2 0 0 0 0
2430 2 0 0 0 0
2431 2 0 0 0 0
2432 2 0 0 0 0
2433 2 0 0 0 0
2434 2 0 0 0 0
2435 2 0 0 0 0
2436 2 0 0 0 0
2437 2 0 0 0 0
2438 2 0 0 0 0
2439 2 0 0 0 0
2440 2 0 0 0 0
2441 2 0 0 0 0
2442 2 0 0 0 0
2443 2 0 0 0 0
2444 2 0 0 0 0
2445 2 0 0 0 0
2446 2 0 0 0 0
2447 2 0 0 0 0
2448 2 0 0 0 0
