43 0 0 3 0 0
58 0 0 0 0 1
73 3 0 3 0 1
88 3 0 3 0 1
103 3 0 0 0 1
118 0 0 3 0 1
129 3 0 3 0 1
132 3 0 3 0 1
147 3 0 3 0 1
162 3 0 3 0 1
177 3 0 3 0 1
192 3 0 0 0 1
207 3 0 0 0 1
222 3 0 3 0 1
237 3 0 3 0 1
252 3 0 3 0 1
267 3 0 0 0 1
286 3 0 0 0 1
289 3 0 3 0 1
304 3 0 3 0 1
319 3 0 3 0 1
334 3 0 3 0 1
349 3 0 3 0 1
355 3 0 3 0 1
358 3 0 3 0 1
373 3 0 3 0 1
388 3 0 3 0 1
403 3 0 3 0 1
418 3 0 3 0 1
433 3 0 3 0 1
439 3 0 3 0 1
442 3 0 3 0 1
457 3 0 3 0 1
472 3 0 3 0 1
487 3 0 3 0 1
502 3 0 3 0 1
517 3 0 3 0 1
532 0 0 3 0 1
547 0 0 3 0 1
562 0 0 0 0 1
577 0 0 3 0 1
592 0 0 3 0 1
600 0 0 3 0 1
603 0 0 3 0 1
618 0 0 3 0 1
633 0 0 3 0 1
648 0 0 3 0 1
663 0 0 0 0 1
671 0 0 0 0 1
674 0 0 0 0 1
689 3 0 3 0 1
704 3 0 3 0 1
719 3 0 3 0 1
734 3 0 3 0 1
749 3 0 3 0 1
764 3 0 3 0 1
777 3 0 0 0 1
780 3 0 0 0 1
795 3 0 3 0 1
810 3 0 3 0 1
825 3 0 3 0 1
836 3 0 3 0 1
839 3 0 3 0 1
854 3 0 3 0 1
869 3 0 3 0 1
884 3 0 3 0 1
894 3 0 3 0 1
897 3 0 3 0 1
912 3 0 3 0 1
927 3 0 3 0 1
942 3 0 0 0 1
957 0 0 3 0 1
972 3 0 3 0 1
987 0 0 3 0 1
1002 0 0 3 0 1
1017 0 0 3 0 1
1032 0 0 3 0 1
1047 0 0 3 0 1
1062 0 0 3 0 1
1077 0 0 3 0 1
1083 0 0 3 0 1
1086 0 0 0 0 1
1101 0 0 0 0 1
1116 3 0 0 0 1
1131 0 0 0 0 1
1146 0 0 3 0 1
1161 0 0 0 0 1
1168 0 0 0 0 1
