163 0 0 0 0 0
178 0 0 0 0 1
193 3 0 0 0 1
208 3 0 0 0 1
223 3 0 3 0 1
240 3 0 0 0 1
243 3 0 0 0 1
258 3 0 3 0 1
273 3 0 3 0 1
288 3 0 3 0 1
303 3 0 3 0 1
318 0 0 3 0 1
333 3 0 3 0 1
348 3 0 3 0 1
363 3 0 3 0 1
378 3 0 3 0 1
397 3 0 0 0 1
400 3 0 3 0 1
415 3 0 3 0 1
430 0 0 3 0 1
445 3 0 3 0 1
460 0 0 3 0 1
475 3 0 3 0 1
490 3 0 3 0 1
501 3 0 3 0 1
504 3 0 3 0 1
519 3 0 3 0 1
534 3 0 3 0 1
549 3 0 3 0 1
564 3 0 3 0 1
569 3 0 3 0 1
572 3 0 3 0 1
587 3 0 3 0 1
602 3 0 3 0 1
617 3 0 3 0 1
632 3 0 3 0 1
647 3 0 3 0 1
662 3 0 3 0 1
677 3 0 3 0 1
692 3 0 3 0 1
707 3 0 0 0 1
722 0 0 3 0 1
737 0 0 3 0 1
749 0 0 3 0 1
752 0 0 0 0 1
767 0 0 0 0 1
782 3 0 0 0 1
797 0 0 3 0 1
812 0 0 3 0 1
827 0 0 3 0 1
842 0 0 3 0 1
857 3 0 3 0 1
872 0 0 3 0 1
881 0 0 3 0 1
884 0 0 3 0 1
899 3 0 3 0 1
914 3 0 3 0 1
929 3 0 3 0 1
944 3 0 3 0 1
959 3 0 3 0 1
973 3 0 0 0 1
976 3 0 0 0 1
991 3 0 3 0 1
1006 3 0 3 0 1
1021 3 0 3 0 1
1036 3 0 3 0 1
1052 3 0 3 0 1
1055 0 0 3 0 1
1070 3 0 3 0 1
1085 3 0 0 0 1
1099 3 0 0 0 1
1102 3 0 0 0 1
1117 3 0 3 0 1
1132 0 0 3 0 1
1147 3 0 3 0 1
1162 3 0 3 0 1
1177 0 0 3 0 1
1192 0 0 3 0 1
1207 0 0 3 0 1
1222 0 0 3 0 1
1237 0 0 3 0 1
1247 3 0 3 0 1
1250 0 0 3 0 1
1265 0 0 3 0 1
1280 0 0 0 0 1
1295 0 0 0 0 1
1310 0 0 0 0 1
1325 0 0 0 0 1
1340 0 0 0 0 1
1358 0 0 0 0 1
