20 0 0 0 0 0
35 0 0 0 0 1
50 0 0 0 0 1
65 0 0 3 0 1
80 0 0 3 0 1
90 3 0 3 0 1
93 0 0 3 0 1
108 3 0 3 0 1
123 3 0 3 0 1
138 3 0 3 0 1
153 3 0 3 0 1
168 3 0 3 0 1
183 3 0 3 0 1
199 3 0 0 0 1
202 3 0 3 0 1
217 0 0 3 0 1
232 3 0 3 0 1
242 3 0 3 0 1
245 3 0 3 0 1
260 3 0 3 0 1
275 3 0 3 0 1
290 3 0 3 0 1
305 3 0 3 0 1
320 3 0 0 0 1
335 3 0 3 0 1
350 3 0 3 0 1
365 3 0 3 0 1
380 3 0 3 0 1
395 3 0 3 0 1
410 3 0 3 0 1
425 3 0 3 0 1
437 3 0 3 0 1
440 0 0 3 0 1
455 3 0 3 0 1
470 0 0 3 0 1
485 3 0 3 0 1
500 0 0 0 0 1
515 0 0 3 0 1
530 0 0 3 0 1
545 0 0 3 0 1
560 0 0 3 0 1
575 0 0 3 0 1
590 3 0 0 0 1
599 0 0 0 0 1
602 0 0 0 0 1
614 3 0 3 0 1
626 3 0 3 0 1
636 0 0 3 0 1
639 0 0 0 0 1
654 3 0 3 0 1
669 3 0 3 0 1
684 3 0 3 0 1
699 3 0 3 0 1
714 3 0 3 0 1
729 3 0 3 0 1
744 3 0 3 0 1
759 0 0 3 0 1
774 3 0 0 0 1
783 3 0 3 0 1
786 3 0 3 0 1
801 3 0 3 0 1
816 3 0 3 0 1
825 3 0 3 0 1
828 3 0 3 0 1
843 3 0 3 0 1
858 3 0 3 0 1
868 3 0 3 0 1
871 3 0 3 0 1
886 0 0 3 0 1
901 3 0 3 0 1
916 0 0 3 0 1
931 0 0 3 0 1
946 0 0 3 0 1
961 0 0 3 0 1
980 0 0 3 0 1
983 0 0 3 0 1
998 0 0 0 0 1
1013 0 0 0 0 1
1028 3 0 0 0 1
1035 3 0 0 0 1
