1 3 0 3 0 0
16 0 0 0 0 1
31 3 0 3 0 1
46 0 0 3 0 1
61 0 0 3 0 1
76 0 0 3 0 1
89 0 0 3 0 1
92 0 0 3 0 1
107 3 0 3 0 1
122 3 0 3 0 1
137 3 0 3 0 1
152 3 0 3 0 1
167 3 0 3 0 1
182 3 0 3 0 1
197 3 0 3 0 1
212 0 0 3 0 1
227 3 0 3 0 1
242 3 0 0 0 1
252 3 0 0 0 1
255 3 0 0 0 1
270 3 0 0 0 1
285 3 0 3 0 1
300 3 0 3 0 1
315 3 0 3 0 1
330 0 0 3 0 1
345 3 0 3 0 1
360 3 0 3 0 1
375 3 0 3 0 1
390 3 0 3 0 1
405 3 0 3 0 1
414 3 0 3 0 1
417 3 0 3 0 1
432 3 0 3 0 1
447 3 0 3 0 1
462 3 0 3 0 1
477 3 0 3 0 1
483 3 0 3 0 1
486 3 0 3 0 1
501 3 0 3 0 1
516 3 0 3 0 1
531 3 0 3 0 1
546 0 0 3 0 1
561 3 0 3 0 1
576 3 0 3 0 1
591 3 0 3 0 1
606 3 0 3 0 1
621 3 0 3 0 1
636 3 0 3 0 1
651 3 0 3 0 1
666 3 0 3 0 1
681 3 0 3 0 1
696 0 0 3 0 1
711 0 0 3 0 1
726 0 0 3 0 1
741 0 0 3 0 1
756 0 0 3 0 1
771 3 0 3 0 1
786 0 0 3 0 1
801 3 0 3 0 1
816 0 0 3 0 1
831 3 0 3 0 1
846 3 0 3 0 1
861 3 0 3 0 1
876 3 0 3 0 1
891 0 0 3 0 1
906 0 0 3 0 1
921 3 0 3 0 1
936 3 0 3 0 1
951 3 0 3 0 1
966 3 0 3 0 1
981 3 0 3 0 1
996 3 0 3 0 1
1011 3 0 3 0 1
1026 3 0 3 0 1
1041 3 0 3 0 1
1048 3 0 3 0 1
1051 3 0 3 0 1
1066 0 0 3 0 1
1081 0 0 0 0 1
1096 0 0 0 0 1
1111 0 0 3 0 1
1126 0 0 3 0 1
1141 0 0 3 0 1
1156 0 0 3 0 1
1171 0 0 3 0 1
1187 3 0 3 0 1
1190 3 0 3 0 1
1205 0 0 3 0 1
1220 0 0 3 0 1
1235 3 0 3 0 1
1250 0 0 3 0 1
1265 3 0 3 0 1
1280 3 0 3 0 1
1295 3 0 3 0 1
1310 0 0 3 0 1
1325 0 0 0 0 1
1340 0 0 3 0 1
1355 3 0 3 0 1
1370 3 0 3 0 1
1385 0 0 3 0 1
1400 3 0 3 0 1
1415 3 0 3 0 1
1430 3 0 3 0 1
1445 3 0 3 0 1
1460 3 0 0 0 1
1475 0 0 0 0 1
1490 3 0 3 0 1
1505 3 0 3 0 1
1520 3 0 3 0 1
1535 0 0 0 0 1
1550 3 0 3 0 1
1565 3 0 3 0 1
1580 3 0 3 0 1
1595 3 0 3 0 1
1610 3 0 3 0 1
1625 3 0 3 0 1
1640 3 0 3 0 1
1655 3 0 3 0 1
1670 3 0 0 0 1
1685 3 0 3 0 1
1700 3 0 3 0 1
1715 3 0 3 0 1
1730 3 0 3 0 1
1745 3 0 0 0 1
1760 3 0 3 0 1
1775 3 0 0 0 1
1790 0 0 0 0 1
1805 0 0 0 0 1
1820 3 0 3 0 1
1835 3 0 3 0 1
1850 3 0 0 0 1
1865 3 0 0 0 1
1868 3 0 0 0 1
1883 3 0 3 0 1
1898 0 0 3 0 1
1913 0 0 3 0 1
1928 3 0 3 0 1
1943 3 0 3 0 1
1958 0 0 3 0 1
1973 3 0 3 0 1
1988 3 0 3 0 1
2003 0 0 3 0 1
2018 3 0 3 0 1
2033 0 0 0 0 1
2048 3 0 3 0 1
2063 3 0 3 0 1
2078 3 0 3 0 1
2093 3 0 3 0 1
2108 3 0 3 0 1
2120 3 0 3 0 1
2123 3 0 3 0 1
2138 3 0 3 0 1
2153 3 0 3 0 1
2168 3 0 3 0 1
2183 3 0 3 0 1
2198 3 0 3 0 1
2213 3 0 3 0 1
2228 3 0 3 0 1
2243 3 0 3 0 1
2252 3 0 3 0 1
2255 3 0 3 0 1
2270 3 0 3 0 1
2285 3 0 3 0 1
2300 3 0 3 0 1
2315 3 0 3 0 1
2330 3 0 3 0 1
2345 0 0 3 0 1
2360 0 0 3 0 1
2375 3 0 3 0 1
2390 0 0 3 0 1
2405 0 0 3 0 1
2420 0 0 3 0 1
2435 0 0 3 0 1
2450 0 0 3 0 1
2465 0 0 3 0 1
2480 0 0 3 0 1
2496 0 0 3 0 1
2499 0 0 3 0 1
2514 0 0 0 0 1
2529 0 0 3 0 1
2544 0 0 3 0 1
2559 0 0 0 0 1
2574 0 0 0 0 1
2589 0 0 0 0 1
2604 0 0 0 0 1
2610 0 0 0 0 1
