0 0 0 0 0 0
10 0 0 0 0 0
20 0 0 0 0 0
30 0 0 0 0 0
40 0 0 0 0 0
50 0 0 3 0 0
60 0 0 0 0 0
70 0 0 0 0 0
80 0 0 0 0 0
90 0 0 0 0 0
100 0 3 0 3 0
110 0 3 0 3 0
120 0 0 3 0 0
130 0 3 3 0 0
140 0 3 3 0 0
150 0 3 3 0 0
160 3 0 3 0 1
170 3 0 3 0 1
180 3 0 0 3 1
190 3 0 0 0 1
200 3 0 3 0 1
210 3 0 3 0 1
220 3 0 3 0 1
230 3 0 0 3 1
240 3 0 0 3 1
250 3 0 0 3 1
260 3 0 0 0 1
270 3 0 0 0 1
280 3 0 3 0 1
290 3 0 3 0 2
300 3 0 3 0 2
310 0 0 3 0 3
320 0 0 3 0 3
330 0 0 3 0 3
340 0 0 3 0 3
350 0 0 3 0 3
360 0 0 3 0 3
370 0 0 3 0 3
380 0 0 3 0 3
390 0 0 0 3 0
400 0 0 0 3 0
410 0 0 0 0 0
420 0 0 0 0 1
430 0 0 0 0 1
440 0 0 0 0 1
450 0 3 0 0 1
460 0 3 0 0 2
470 3 0 0 0 2
480 3 0 0 0 2
490 3 0 0 0 2
500 3 0 0 0 2
510 3 0 0 0 2
520 3 0 0 0 2
530 3 0 0 0 2
540 3 0 0 0 2
550 3 0 0 0 2
560 0 3 0 3 2
570 0 3 3 0 2
580 0 3 3 0 2
590 0 0 3 0 2
600 0 3 3 0 2
610 0 3 3 0 2
620 3 0 0 3 2
630 0 0 0 0 2
640 3 0 0 0 2
650 3 0 0 3 2
660 3 0 0 3 2
670 3 0 3 0 2
680 3 0 0 3 2
690 3 0 0 3 2
700 3 0 0 3 2
710 3 0 0 3 2
720 3 0 0 3 2
730 3 0 0 3 2
740 3 0 3 0 2
750 3 0 3 0 2
760 3 0 3 0 2
770 3 0 3 0 2
780 3 0 3 0 2
790 0 0 3 0 3
800 0 0 3 0 3
810 0 0 3 0 3
820 0 0 3 0 3
830 0 0 3 0 3
840 0 0 3 0 3
850 0 0 3 0 3
860 0 0 3 0 3
870 3 0 0 0 3
880 3 0 0 0 3
890 0 3 0 0 0
900 0 0 0 0 0
910 0 0 0 0 0
920 0 0 0 0 0
930 3 0 0 0 0
940 3 0 0 0 0
950 0 0 0 0 0
960 0 0 0 0 0
970 0 0 0 0 0
980 0 0 0 0 0
990 0 0 0 0 0
