0 0 0 0 0 0
1 0 0 0 0 0
2 0 0 0 0 0
3 0 0 0 0 0
4 0 0 0 0 0
5 0 0 0 0 0
6 0 0 0 0 0
7 0 0 0 0 0
8 0 0 0 0 0
9 0 0 0 0 0
10 0 0 0 0 0
11 0 0 0 0 0
12 0 0 0 0 0
13 0 0 0 0 0
14 0 0 0 0 0
15 0 0 0 0 0
16 0 0 0 0 0
17 0 0 0 0 0
18 0 0 0 0 0
19 0 0 0 0 0
20 0 0 0 0 0
21 0 0 0 0 0
22 0 0 0 0 0
23 0 0 0 0 0
24 0 0 0 0 0
25 0 0 0 0 0
26 0 0 0 0 0
27 0 0 0 0 0
28 0 0 0 0 0
29 0 0 0 0 0
30 0 0 0 0 0
31 0 0 0 0 0
32 0 0 3 0 0
33 0 0 3 0 0
34 0 0 3 0 0
35 0 0 3 0 0
36 0 0 3 0 0
37 0 0 3 0 0
38 0 0 3 0 0
39 0 0 3 0 0
40 0 0 0 0 0
41 0 0 0 0 0
42 0 0 3 0 0
43 0 0 3 0 0
44 0 0 3 0 0
45 0 0 0 0 0
46 0 0 3 0 0
47 0 0 0 0 0
48 0 0 0 0 0
49 0 0 0 0 0
50 0 0 0 0 0
51 0 0 0 0 0
52 0 0 0 0 0
53 0 0 3 0 0
54 3 0 0 0 0
55 3 0 0 0 0
56 3 0 0 0 0
57 3 0 3 0 0
58 0 0 0 3 0
59 0 0 0 3 0
60 0 0 0 3 0
61 0 3 0 3 0
62 0 3 0 3 0
63 0 3 0 3 0
64 0 3 0 3 0
65 0 3 0 3 0
66 0 3 0 3 0
67 0 3 0 3 0
68 0 3 0 3 0
69 0 3 0 0 0
70 0 3 0 0 0
71 0 3 0 0 0
72 0 3 0 0 0
73 0 3 0 0 0
74 0 3 0 0 0
75 0 3 0 0 0
76 0 3 0 0 0
77 0 3 0 0 0
78 0 3 0 0 0
79 0 3 0 0 0
80 0 3 0 0 0
81 0 3 0 0 0
82 0 3 0 0 0
83 0 3 0 0 0
84 0 3 0 0 0
85 0 3 0 0 0
86 0 3 0 0 0
87 0 3 0 0 0
88 0 3 0 0 0
89 0 3 0 0 0
90 0 3 0 0 0
91 0 3 0 0 0
92 0 3 0 0 0
93 0 3 0 0 0
94 0 3 0 0 0
95 0 3 0 0 0
96 0 3 0 0 0
97 0 3 0 3 0
98 0 3 0 0 0
99 0 3 0 0 0
100 0 3 0 0 0
101 0 3 0 3 0
102 0 3 0 3 0
103 0 3 0 3 0
104 0 3 0 0 0
105 0 3 0 0 0
106 0 3 0 3 0
107 0 3 0 3 0
108 0 3 0 3 0
109 0 3 0 0 0
110 0 3 0 3 0
111 0 3 0 3 0
112 0 3 0 3 0
113 0 3 3 0 0
114 0 3 0 0 0
115 0 3 3 0 0
116 0 3 3 0 0
117 0 3 3 0 0
118 0 3 0 0 0
119 0 3 3 0 0
120 0 3 3 0 0
121 0 3 3 0 0
122 0 3 3 0 0
123 0 3 3 0 0
124 0 3 3 0 0
125 0 3 3 0 0
126 0 3 3 0 0
127 0 3 3 0 0
128 0 3 3 0 0
129 0 3 3 0 0
130 0 3 3 0 0
131 0 3 3 0 0
132 0 3 3 0 0
133 0 3 3 0 0
134 0 3 3 0 0
135 0 3 3 0 0
136 0 3 3 0 0
137 0 3 3 0 0
138 0 3 3 0 0
139 0 3 3 0 0
140 0 3 3 0 0
141 0 3 3 0 0
142 0 3 3 0 0
143 0 3 3 0 0
144 0 3 3 0 0
145 0 3 3 0 0
146 0 3 3 0 0
147 0 3 3 0 0
148 0 3 3 0 0
149 0 3 3 0 0
150 0 3 3 0 0
151 0 3 3 0 0
152 0 3 3 0 0
153 0 3 3 0 0
154 0 3 3 0 0
155 0 3 3 0 0
156 0 3 3 0 0
157 0 3 3 0 0
158 3 0 3 0 1
159 3 0 3 0 1
160 3 0 3 0 1
161 3 0 3 0 1
162 3 0 3 0 1
163 3 0 3 0 1
164 3 0 3 0 1
165 3 0 3 0 1
166 3 0 3 0 1
167 0 0 3 0 1
168 3 0 3 0 1
169 0 0 3 0 1
170 0 0 3 0 1
171 0 0 3 0 1
172 0 0 3 0 1
173 0 0 0 3 1
174 3 0 0 3 1
175 3 0 0 3 1
176 3 0 0 0 1
177 3 0 0 0 1
178 3 0 0 0 1
179 0 0 0 0 1
180 3 0 0 3 1
181 0 3 0 0 1
182 0 3 0 0 1
183 0 3 3 0 1
184 3 0 3 0 1
185 3 0 3 0 1
186 3 0 3 0 1
187 3 0 3 0 1
188 3 0 3 0 1
189 3 0 3 0 1
190 3 0 3 0 1
191 0 0 3 0 1
192 0 0 3 0 1
193 0 0 3 0 1
194 0 0 3 0 1
195 0 0 3 0 1
196 3 0 0 3 1
197 3 0 0 3 1
198 3 0 0 3 1
199 3 0 0 3 1
200 3 0 0 3 1
201 3 0 0 3 1
202 3 0 0 3 1
203 3 0 0 3 1
204 3 0 0 3 1
205 3 0 0 3 1
206 3 0 0 3 1
207 3 0 0 3 1
208 3 0 0 3 1
209 3 0 3 0 1
210 3 0 3 0 1
211 3 0 3 0 1
212 3 0 3 0 1
213 0 0 3 0 1
214 0 0 3 0 1
215 0 0 3 0 1
216 3 0 3 0 1
217 3 0 3 0 1
218 3 0 3 0 1
219 3 0 3 0 1
220 3 0 3 0 1
221 3 0 3 0 1
222 3 0 3 0 1
223 3 0 3 0 1
224 3 0 3 0 1
225 3 0 3 0 1
226 3 0 3 0 1
227 3 0 0 3 1
228 3 0 0 3 1
229 3 0 0 3 1
230 3 0 0 3 1
231 3 0 0 3 1
232 3 0 0 3 1
233 3 0 0 3 1
234 3 0 0 3 1
235 3 0 0 3 1
236 3 0 0 3 1
237 3 0 0 3 1
238 3 0 0 3 1
239 3 0 0 3 1
240 3 0 0 3 1
241 3 0 0 3 1
242 3 0 0 3 1
243 0 0 0 3 1
244 0 0 0 3 1
245 0 0 0 3 1
246 0 0 0 3 1
247 0 0 0 3 1
248 0 0 0 3 1
249 0 0 0 3 1
250 0 0 0 3 1
251 0 0 0 3 1
252 0 0 0 3 1
253 0 0 0 3 1
254 0 0 0 3 1
255 0 0 0 3 1
256 0 0 0 3 1
257 0 0 0 3 1
258 0 0 0 3 1
259 3 0 0 3 1
260 0 0 0 3 1
261 0 0 0 3 1
262 0 0 0 0 1
263 0 0 0 3 1
264 3 0 0 3 1
265 0 0 0 3 1
266 3 0 0 3 1
267 0 0 0 3 1
268 3 0 0 3 1
269 0 0 0 3 1
270 0 0 0 3 1
271 0 0 0 3 1
272 0 0 0 3 1
273 0 0 0 3 1
274 3 0 0 3 1
275 0 0 3 0 1
276 0 0 3 0 1
277 0 0 3 0 1
278 3 0 3 0 1
279 3 0 3 0 1
280 3 0 3 0 1
281 3 0 3 0 1
282 3 0 3 0 1
283 3 0 3 0 1
284 3 0 3 0 1
285 0 0 3 0 1
286 3 0 3 0 1
287 0 0 3 0 1
288 3 0 3 0 1
289 0 0 3 0 1
290 0 0 3 0 2
291 0 0 3 0 2
292 0 0 3 0 2
293 0 0 3 0 2
294 0 0 3 0 2
295 0 0 3 0 2
296 0 0 3 0 2
297 0 0 3 0 2
298 0 0 3 0 2
299 0 0 3 0 2
300 0 0 3 0 2
301 0 0 3 0 2
302 0 0 3 0 2
303 0 0 3 0 2
304 0 0 3 0 2
305 0 0 3 0 3
306 0 0 3 0 3
307 0 0 3 0 3
308 0 0 3 0 3
309 0 0 3 0 3
310 0 0 3 0 3
311 0 0 3 0 3
312 0 0 3 0 3
313 0 0 3 0 3
314 0 0 3 0 3
315 0 0 3 0 3
316 0 0 3 0 3
317 0 0 3 0 3
318 0 0 3 0 3
319 0 0 3 0 3
320 0 0 3 0 3
321 0 0 3 0 3
322 0 0 3 0 3
323 0 0 3 0 3
324 0 0 3 0 3
325 0 0 3 0 3
326 0 0 3 0 3
327 0 0 3 0 3
328 0 0 3 0 3
329 0 0 3 0 3
330 0 0 3 0 3
331 0 0 3 0 3
332 0 0 3 0 3
333 0 0 3 0 3
334 0 0 3 0 3
335 0 0 3 0 3
336 0 0 3 0 3
337 0 0 3 0 3
338 0 0 3 0 3
339 0 0 3 0 3
340 0 0 3 0 3
341 0 0 3 0 3
342 0 0 3 0 3
343 0 0 3 0 3
344 0 0 3 0 3
345 0 0 3 0 3
346 0 0 3 0 3
347 0 0 3 0 3
348 0 0 3 0 3
349 0 0 3 0 3
350 0 0 3 0 3
351 0 0 3 0 3
352 0 0 3 0 3
353 0 0 3 0 3
354 0 0 3 0 3
355 0 0 3 0 3
356 0 0 3 0 3
357 0 0 3 0 3
358 0 0 3 0 3
359 0 0 3 0 3
360 0 0 3 0 3
361 0 0 3 0 3
362 0 0 3 0 3
363 0 0 3 0 3
364 0 0 3 0 3
365 0 0 3 0 3
366 0 0 3 0 3
367 0 0 3 0 3
368 0 0 3 0 3
369 0 0 3 0 3
370 0 0 3 0 3
371 0 0 3 0 3
372 0 0 3 0 3
373 0 0 3 0 3
374 0 0 3 0 3
375 0 0 3 0 3
376 0 0 3 0 3
377 0 0 3 0 3
378 0 0 3 0 3
379 0 0 3 0 3
380 0 0 3 0 3
381 0 0 3 0 3
382 0 0 0 3 0
383 0 0 0 3 0
384 0 0 0 3 0
385 0 0 0 3 0
386 0 0 0 3 0
387 0 0 0 3 0
388 0 0 0 3 0
389 0 0 0 0 0
390 0 0 0 3 0
391 0 0 0 0 0
392 0 0 0 0 0
393 0 0 0 0 0
394 0 0 0 0 0
395 0 0 0 0 0
396 3 0 0 0 0
397 0 0 0 3 0
398 3 0 0 0 0
399 3 0 0 0 0
400 0 0 0 0 0
401 0 0 0 0 0
402 0 3 0 0 0
403 0 0 0 0 0
404 0 3 0 0 0
405 0 3 0 0 0
406 0 3 0 0 0
407 0 3 0 3 0
408 0 0 0 0 0
409 0 3 0 0 0
410 0 0 0 0 0
411 0 3 0 0 0
412 0 0 0 0 0
413 0 0 0 0 0
414 0 0 0 0 0
415 0 0 0 0 1
416 0 0 0 3 1
417 0 0 0 3 1
418 0 0 0 3 1
419 0 0 0 3 1
420 0 0 0 0 1
421 0 0 0 0 1
422 0 0 0 0 1
423 0 3 0 0 1
424 0 3 0 0 1
425 0 0 0 0 1
426 0 3 0 0 1
427 0 3 0 0 1
428 0 3 0 0 1
429 0 3 0 3 1
430 0 3 0 0 1
431 0 3 0 0 1
432 0 3 0 0 1
433 0 0 0 0 1
434 0 0 0 0 1
435 0 3 0 0 1
436 0 3 0 0 1
437 0 3 0 0 1
438 0 3 0 0 1
439 0 3 0 0 1
440 0 3 0 0 1
441 0 3 0 0 1
442 0 3 0 0 1
443 0 3 0 0 1
444 0 3 0 0 1
445 0 3 0 0 1
446 0 3 0 0 1
447 0 0 0 0 1
448 0 3 0 3 1
449 0 3 0 0 1
450 0 3 0 0 1
451 0 0 0 0 1
452 0 0 0 0 1
453 0 0 0 0 1
454 0 3 0 0 1
455 0 3 0 0 1
456 0 0 0 0 1
457 0 3 0 0 1
458 0 0 0 0 1
459 0 0 0 0 1
460 3 0 0 0 2
461 3 0 0 0 2
462 3 0 0 0 2
463 3 0 0 0 2
464 3 0 0 0 2
465 3 0 0 0 2
466 3 0 0 0 2
467 3 0 0 0 2
468 3 0 0 0 2
469 3 0 0 0 2
470 3 0 0 0 2
471 0 0 0 0 2
472 0 0 0 0 2
473 3 0 0 0 2
474 3 0 0 0 2
475 3 0 0 0 2
476 3 0 0 0 2
477 3 0 0 0 2
478 3 0 0 0 2
479 3 0 0 0 2
480 3 0 0 0 2
481 3 0 0 0 2
482 3 0 0 0 2
483 3 0 0 0 2
484 3 0 0 0 2
485 3 0 0 0 2
486 3 0 0 0 2
487 3 0 0 0 2
488 3 0 0 0 2
489 3 0 0 0 2
490 3 0 0 0 2
491 3 0 0 0 2
492 3 0 0 0 2
493 3 0 0 0 2
494 3 0 0 0 2
495 3 0 0 0 2
496 3 0 0 0 2
497 3 0 0 0 2
498 3 0 0 0 2
499 3 0 0 0 2
500 3 0 0 0 2
501 3 0 0 0 2
502 3 0 0 0 2
503 3 0 0 0 2
504 3 0 0 0 2
505 3 0 0 0 2
506 3 0 0 0 2
507 3 0 0 0 2
508 3 0 0 0 2
509 3 0 0 0 2
510 3 0 0 0 2
511 3 0 0 0 2
512 3 0 0 0 2
513 3 0 0 0 2
514 0 0 0 0 2
515 3 0 0 0 2
516 3 0 0 0 2
517 3 0 0 0 2
518 3 0 0 0 2
519 3 0 0 0 2
520 3 0 0 0 2
521 3 0 0 0 2
522 3 0 0 0 2
523 3 0 0 0 2
524 3 0 0 0 2
525 3 0 0 0 2
526 3 0 0 0 2
527 3 0 0 0 2
528 3 0 0 0 2
529 3 0 0 0 2
530 3 0 0 0 2
531 3 0 0 0 2
532 3 0 0 0 2
533 3 0 0 0 2
534 3 0 0 0 2
535 0 0 0 0 2
536 0 0 0 0 2
537 3 0 0 0 2
538 3 0 0 0 2
539 3 0 0 0 2
540 3 0 0 0 2
541 3 0 0 0 2
542 3 0 0 0 2
543 3 0 0 0 2
544 3 0 0 0 2
545 0 0 0 0 2
546 3 0 0 0 2
547 3 0 0 0 2
548 3 0 0 0 2
549 3 0 0 0 2
550 0 3 0 0 2
551 0 3 0 0 2
552 0 3 0 3 2
553 0 3 0 0 2
554 0 3 0 0 2
555 0 3 0 3 2
556 0 3 0 0 2
557 0 3 0 0 2
558 0 3 0 0 2
559 0 3 0 0 2
560 0 3 0 0 2
561 0 3 0 0 2
562 0 3 0 0 2
563 0 3 0 3 2
564 0 0 0 3 2
565 0 3 0 3 2
566 0 3 0 0 2
567 0 3 0 3 2
568 0 3 0 0 2
569 0 3 0 0 2
570 0 3 0 0 2
571 0 3 0 0 2
572 0 3 0 3 2
573 0 3 0 0 2
574 0 3 0 3 2
575 0 3 0 0 2
576 0 0 0 3 2
577 0 3 0 3 2
578 0 3 0 3 2
579 0 3 0 3 2
580 0 3 3 0 2
581 0 3 3 0 2
582 0 3 0 0 2
583 0 3 3 0 2
584 0 3 3 0 2
585 0 3 3 0 2
586 0 3 3 0 2
587 0 3 3 0 2
588 0 3 3 0 2
589 0 3 3 0 2
590 0 3 3 0 2
591 0 3 3 0 2
592 0 3 3 0 2
593 0 3 3 0 2
594 0 3 3 0 2
595 0 3 3 0 2
596 0 3 3 0 2
597 0 3 0 0 2
598 0 3 3 0 2
599 0 3 0 0 2
600 0 3 3 0 2
601 0 3 3 0 2
602 0 3 3 0 2
603 0 3 3 0 2
604 0 3 3 0 2
605 0 3 3 0 2
606 0 3 3 0 2
607 0 3 0 0 2
608 0 3 3 0 2
609 0 3 3 0 2
610 3 0 0 3 2
611 3 0 0 3 2
612 3 0 0 3 2
613 3 0 0 3 2
614 3 0 0 0 2
615 0 0 0 0 2
616 0 0 0 0 2
617 0 0 0 0 2
618 0 0 0 0 2
619 0 0 0 0 2
620 0 0 0 0 2
621 0 0 0 0 2
622 0 0 0 0 2
623 0 0 0 0 2
624 3 0 0 0 2
625 0 0 0 3 2
626 0 0 0 3 2
627 0 0 0 3 2
628 0 0 0 3 2
629 0 0 0 3 2
630 0 0 0 3 2
631 0 0 0 0 2
632 0 0 0 3 2
633 0 0 0 3 2
634 0 0 0 3 2
635 3 0 0 3 2
636 0 0 0 3 2
637 3 0 0 3 2
638 3 0 0 0 2
639 3 0 0 3 2
640 0 0 0 3 2
641 0 0 0 3 2
642 0 0 0 3 2
643 0 0 0 3 2
644 3 0 0 3 2
645 3 0 0 3 2
646 3 0 0 3 2
647 3 0 0 3 2
648 3 0 0 3 2
649 3 0 0 3 2
650 3 0 0 3 2
651 3 0 0 3 2
652 3 0 0 3 2
653 3 0 0 3 2
654 3 0 0 3 2
655 3 0 0 3 2
656 3 0 0 3 2
657 3 0 0 3 2
658 3 0 0 3 2
659 3 0 0 3 2
660 3 0 0 3 2
661 3 0 0 3 2
662 3 0 0 3 2
663 3 0 0 3 2
664 3 0 3 0 2
665 3 0 3 0 2
666 3 0 3 0 2
667 3 0 3 0 2
668 3 0 3 0 2
669 3 0 0 0 2
670 3 0 3 0 2
671 3 0 3 0 2
672 3 0 3 0 2
673 3 0 3 0 2
674 3 0 0 0 2
675 3 0 0 3 2
676 3 0 0 0 2
677 3 0 0 3 2
678 3 0 0 3 2
679 3 0 0 3 2
680 3 0 0 3 2
681 3 0 0 3 2
682 3 0 0 3 2
683 3 0 0 3 2
684 3 0 0 3 2
685 3 0 0 3 2
686 3 0 0 3 2
687 3 0 0 3 2
688 3 0 0 3 2
689 3 0 0 3 2
690 3 0 0 3 2
691 3 0 0 3 2
692 3 0 0 3 2
693 3 0 0 3 2
694 3 0 0 3 2
695 3 0 0 3 2
696 3 0 0 3 2
697 3 0 0 3 2
698 3 0 0 3 2
699 3 0 0 3 2
700 3 0 0 3 2
701 3 0 0 3 2
702 3 0 0 3 2
703 3 0 0 3 2
704 3 0 0 3 2
705 3 0 0 0 2
706 3 0 0 3 2
707 3 0 0 3 2
708 3 0 0 3 2
709 3 0 0 0 2
710 3 0 0 3 2
711 3 0 0 0 2
712 3 0 0 3 2
713 3 0 0 3 2
714 3 0 0 3 2
715 3 0 0 3 2
716 3 0 0 3 2
717 3 0 0 3 2
718 3 0 0 3 2
719 3 0 0 3 2
720 3 0 0 3 2
721 3 0 0 3 2
722 3 0 0 3 2
723 3 0 0 3 2
724 3 0 0 3 2
725 3 0 0 3 2
726 3 0 0 3 2
727 3 0 0 3 2
728 3 0 0 3 2
729 3 0 0 3 2
730 3 0 0 3 2
731 3 0 0 3 2
732 3 0 0 3 2
733 3 0 0 3 2
734 3 0 0 3 2
735 3 0 0 3 2
736 3 0 0 3 2
737 3 0 3 0 2
738 3 0 3 0 2
739 3 0 0 0 2
740 3 0 0 0 2
741 3 0 3 0 2
742 3 0 3 0 2
743 3 0 3 0 2
744 3 0 3 0 2
745 3 0 3 0 2
746 0 0 0 0 2
747 0 0 0 0 2
748 0 0 3 0 2
749 3 0 3 0 2
750 0 0 3 0 2
751 3 0 3 0 2
752 3 0 3 0 2
753 3 0 3 0 2
754 3 0 3 0 2
755 0 0 3 0 2
756 0 0 3 0 2
757 0 0 3 0 2
758 3 0 3 0 2
759 3 0 3 0 2
760 0 0 3 0 2
761 0 0 3 0 2
762 0 0 3 0 2
763 0 0 3 0 2
764 0 0 3 0 2
765 0 0 3 0 2
766 0 0 3 0 2
767 0 0 3 0 2
768 0 0 3 0 2
769 0 0 3 0 2
770 3 0 3 0 2
771 3 0 3 0 2
772 3 0 3 0 2
773 3 0 3 0 2
774 0 0 3 0 2
775 0 0 3 0 2
776 0 0 3 0 2
777 0 0 3 0 2
778 0 0 0 0 2
779 0 0 0 0 2
780 0 0 3 0 2
781 0 0 3 0 2
782 0 0 3 0 3
783 0 0 3 0 0
784 0 0 3 0 0
785 0 0 3 0 0
786 0 0 3 0 0
787 0 0 3 0 0
788 0 0 3 0 0
789 0 0 3 0 0
790 0 0 3 0 0
791 0 0 3 0 0
792 0 0 3 0 0
793 0 0 3 0 0
794 0 0 3 0 0
795 0 0 3 0 0
796 0 0 3 0 0
797 0 0 3 0 0
798 0 0 3 0 0
799 0 0 3 0 0
800 0 0 3 0 0
801 0 0 3 0 0
802 0 0 3 0 0
803 0 0 3 0 0
804 0 0 3 0 0
805 0 0 3 0 0
806 0 0 3 0 0
807 0 0 3 0 0
808 0 0 3 0 0
809 0 0 3 0 0
810 0 0 3 0 0
811 0 0 3 0 0
812 0 0 3 0 0
813 0 0 3 0 0
814 0 0 3 0 0
815 0 0 3 0 0
816 0 0 3 0 0
817 0 0 3 0 0
818 0 0 3 0 0
819 0 0 3 0 0
820 0 0 3 0 0
821 0 0 3 0 0
822 0 0 3 0 0
823 0 0 3 0 0
824 0 0 3 0 0
825 0 0 3 0 0
826 0 0 3 0 0
827 0 0 3 0 0
828 0 0 3 0 0
829 0 0 3 0 0
830 0 0 3 0 0
831 0 0 3 0 0
832 0 0 3 0 0
833 0 0 3 0 0
834 0 0 3 0 0
835 0 0 3 0 0
836 0 0 3 0 0
837 0 0 3 0 0
838 0 0 3 0 0
839 0 0 3 0 0
840 0 0 3 0 0
841 0 0 3 0 0
842 0 0 3 0 0
843 0 0 3 0 0
844 0 0 3 0 0
845 0 0 3 0 0
846 0 0 3 0 0
847 0 0 3 0 0
848 0 0 3 0 0
849 0 0 3 0 0
850 0 0 3 0 0
851 0 0 3 0 0
852 0 0 3 0 0
853 0 0 3 0 0
854 0 0 3 0 0
855 0 0 3 0 0
856 0 0 3 0 0
857 0 0 0 0 0
858 0 0 0 0 0
859 0 0 0 0 0
860 0 0 0 0 0
861 0 0 0 0 0
862 0 0 0 0 0
863 0 0 0 0 0
864 0 0 0 0 0
865 0 0 3 0 0
866 3 0 3 0 0
867 0 0 0 0 0
868 0 0 0 0 0
869 0 0 0 0 0
870 0 0 0 0 0
871 3 0 0 0 0
872 3 0 0 0 0
873 3 0 0 0 0
874 3 0 0 0 0
875 3 0 0 0 0
876 0 0 0 0 0
877 3 0 0 0 0
878 3 0 0 0 0
879 3 0 0 0 0
880 0 0 0 0 0
881 0 0 0 0 0
882 0 0 0 0 0
883 0 0 0 0 0
884 0 3 0 0 0
885 0 3 0 0 0
886 0 0 0 0 0
887 0 0 0 0 0
888 0 3 0 0 0
889 0 3 0 0 0
890 0 3 0 0 0
891 0 3 0 0 0
892 0 3 0 0 0
893 0 3 0 0 0
894 0 3 0 0 0
895 3 0 0 0 0
896 3 0 0 0 0
897 3 0 0 0 0
898 3 0 0 0 0
899 0 0 0 0 0
900 0 0 0 0 0
901 0 0 0 0 0
902 0 0 0 0 0
903 3 0 0 0 0
904 3 0 0 0 0
905 3 0 0 0 0
906 3 0 0 0 0
907 3 0 0 0 0
908 3 0 0 0 0
909 0 0 0 0 0
910 0 0 0 0 0
911 0 0 0 0 0
912 0 0 0 0 0
913 0 0 0 0 0
914 0 0 0 0 0
915 0 3 0 0 0
916 0 0 0 0 0
917 0 0 0 0 0
918 0 0 0 0 0
919 0 0 0 0 0
920 0 0 0 0 0
921 0 0 0 0 0
922 0 0 0 0 0
923 0 0 0 0 0
924 0 0 0 0 0
925 3 0 0 0 0
926 0 0 0 0 0
927 0 0 0 0 0
928 3 0 0 0 0
929 3 0 0 0 0
930 3 0 0 0 0
931 3 0 0 0 0
932 3 0 0 0 0
933 3 0 0 0 0
934 3 0 0 0 0
935 3 0 3 0 0
936 3 0 0 0 0
937 3 0 0 0 0
938 3 0 3 0 0
939 3 0 0 0 0
940 3 0 0 0 0
941 3 0 0 0 0
942 3 0 0 0 0
943 3 0 0 0 0
944 3 0 0 0 0
945 3 0 0 0 0
946 3 0 0 0 0
947 3 0 0 0 0
948 3 0 0 0 0
949 0 0 0 0 0
950 3 0 0 0 0
951 3 0 0 0 0
952 3 0 0 0 0
953 3 0 0 0 0
954 0 0 0 0 0
955 3 0 0 0 0
956 0 0 0 0 0
957 0 0 0 0 0
958 0 0 0 0 0
959 0 0 0 0 0
960 3 0 0 0 0
961 3 0 0 0 0
962 0 0 0 0 0
963 0 0 0 0 0
964 0 0 0 0 0
965 0 0 0 0 0
966 0 0 0 0 0
967 0 0 0 0 0
968 0 0 0 0 0
969 3 0 0 0 0
970 0 0 0 0 0
971 0 0 0 0 0
972 0 0 0 0 0
973 0 0 0 0 0
974 3 0 0 0 0
975 0 0 0 0 0
976 3 0 0 0 0
977 3 0 0 0 0
978 3 0 0 0 0
979 3 0 0 0 0
980 3 0 0 0 0
981 3 0 0 0 0
982 3 0 0 0 0
983 3 0 0 0 0
984 3 0 3 0 0
985 3 0 0 0 0
986 3 0 3 0 0
987 3 0 0 0 0
988 3 0 3 0 0
989 3 0 0 0 0
990 3 0 0 0 0
991 3 0 3 0 0
992 3 0 3 0 0
993 3 0 3 0 0
994 3 0 3 0 0
995 3 0 0 0 0
996 3 0 0 0 0
997 3 0 0 0 0
998 3 0 0 0 0
999 3 0 0 0 0
1000 3 0 0 0 0
1001 3 0 0 0 0
1002 3 0 0 0 0
1003 3 0 0 0 0
1004 3 0 0 0 0
1005 3 0 0 0 0
1006 3 0 0 0 0
1007 3 0 0 0 0
1008 3 0 0 0 0
1009 3 0 0 0 0
1010 3 0 0 0 0
1011 3 0 0 0 0
1012 3 0 0 0 0
1013 3 0 0 0 0
1014 3 0 0 0 0
1015 3 0 0 0 0
1016 3 0 0 0 0
1017 3 0 0 0 0
1018 3 0 0 0 0
1019 3 0 0 0 0
1020 3 0 0 0 0
1021 3 0 0 0 0
1022 3 0 0 0 0
1023 3 0 0 0 0
1024 3 0 0 0 0
1025 3 0 0 0 0
1026 3 0 0 0 0
1027 3 0 0 0 0
1028 3 0 0 0 0
1029 3 0 0 0 0
1030 3 0 0 0 0
1031 3 0 0 0 0
1032 3 0 0 0 0
1033 3 0 0 0 0
1034 3 0 0 0 0
1035 3 0 0 0 0
1036 3 0 0 0 0
1037 3 0 0 0 0
1038 3 0 0 0 0
1039 3 0 0 0 0
1040 3 0 0 0 0
1041 3 0 0 0 0
1042 3 0 0 0 0
1043 3 0 0 0 0
1044 3 0 0 0 0
1045 3 0 0 0 0
1046 3 0 0 0 0
1047 3 0 0 0 0
1048 3 0 0 0 0
1049 3 0 0 0 0
1050 3 0 0 0 0
1051 3 0 0 0 0
1052 3 0 0 0 0
1053 3 0 0 0 0
1054 3 0 0 0 0
1055 3 0 0 0 0
1056 3 0 0 0 0
1057 3 0 0 0 0
1058 3 0 0 0 0
1059 3 0 0 0 0
1060 3 0 0 0 0
1061 3 0 0 0 0
1062 3 0 0 0 0
1063 3 0 0 0 0
1064 3 0 0 0 0
1065 3 0 0 0 0
1066 0 0 0 0 0
1067 3 0 0 0 0
1068 3 0 0 0 0
1069 3 0 0 0 0
1070 0 0 0 0 0
1071 0 0 0 0 0
1072 0 0 0 0 0
