0 0 0 0 0 0
1 0 0 0 0 0
2 0 0 0 0 0
3 0 0 0 0 0
4 0 0 0 0 0
5 0 0 0 0 0
6 0 0 0 0 0
7 0 0 0 0 0
8 0 0 0 0 0
9 0 0 0 0 0
10 0 0 0 0 0
11 0 0 0 0 0
12 0 0 0 0 0
13 0 0 0 0 0
14 0 0 0 0 0
15 0 0 0 0 0
16 0 0 0 0 0
17 0 0 0 0 0
18 0 0 0 0 0
19 0 0 0 0 0
20 0 0 0 0 0
21 0 0 0 0 0
22 0 0 0 0 0
23 0 0 0 0 0
24 0 0 0 0 0
25 0 0 0 0 0
26 0 0 0 0 0
27 0 0 0 0 0
28 0 0 0 0 0
29 0 0 0 0 0
30 0 0 0 0 0
31 0 0 0 0 0
32 0 0 0 0 0
33 0 0 0 0 0
34 0 0 0 0 0
35 0 0 0 0 0
36 0 0 0 0 0
37 0 0 0 0 0
38 0 0 0 0 0
39 0 0 0 0 0
40 0 0 0 0 0
41 0 0 0 0 0
42 0 0 0 0 0
43 0 0 0 0 0
44 0 0 0 0 0
45 0 0 0 0 0
46 0 0 0 0 0
47 0 0 0 0 0
48 0 0 0 0 0
49 0 0 0 0 0
50 0 0 0 0 0
51 0 0 0 0 0
52 0 0 0 0 0
53 0 0 0 0 0
54 0 0 0 0 0
55 0 0 0 0 0
56 0 0 0 0 0
57 0 0 0 0 0
58 0 0 0 0 0
59 0 0 0 0 0
60 0 0 0 0 0
61 0 0 0 0 0
62 0 0 0 0 0
63 0 0 0 0 0
64 0 0 0 0 0
65 0 0 0 0 0
66 0 0 0 0 0
67 0 0 0 0 0
68 0 0 0 0 0
69 0 0 0 0 0
70 0 0 0 0 0
71 0 0 0 0 0
72 0 0 0 0 0
73 0 0 0 0 0
74 0 0 0 0 0
75 0 0 0 0 0
76 0 0 0 0 0
77 0 0 0 0 0
78 0 0 0 0 0
79 0 0 0 0 0
80 0 0 0 0 0
81 0 0 0 0 0
82 0 0 0 0 0
83 0 0 0 0 0
84 0 0 0 0 0
85 0 0 0 0 0
86 0 0 0 0 0
87 0 0 0 0 0
88 0 0 0 0 0
89 0 0 0 0 0
90 0 0 0 0 0
91 0 0 0 0 0
92 0 0 0 0 0
93 0 0 0 0 0
94 0 0 0 0 0
95 0 0 0 0 0
96 0 0 0 0 0
97 0 0 0 0 0
98 0 0 0 0 0
99 0 0 0 0 0
100 0 0 0 0 0
101 0 0 0 0 0
102 0 0 0 0 0
103 0 0 0 0 0
104 0 0 0 0 0
105 0 0 0 0 0
106 0 0 0 0 0
107 0 0 0 0 0
108 0 0 0 0 0
109 0 0 0 0 0
110 0 0 0 0 0
111 0 0 0 0 0
112 0 0 0 0 0
113 0 0 0 0 0
114 0 0 0 0 0
115 0 0 0 0 0
116 0 0 0 0 0
117 0 0 0 0 0
118 0 0 0 0 0
119 0 0 0 0 0
120 0 0 0 0 0
121 0 0 0 0 0
122 0 0 0 0 0
123 0 0 0 0 0
124 0 0 0 0 0
125 0 0 0 0 0
126 0 0 0 0 0
127 0 0 0 0 0
128 0 0 0 0 0
129 0 0 0 0 0
130 0 0 0 0 0
131 0 0 0 0 0
132 0 0 0 0 0
133 0 0 0 0 0
134 0 0 0 0 0
135 0 0 0 0 0
136 0 0 0 0 0
137 0 0 0 0 0
138 0 0 0 0 0
139 0 0 0 0 0
140 0 0 0 0 0
141 0 0 0 0 0
142 0 0 0 0 0
143 0 0 0 0 0
144 0 0 0 0 0
145 0 0 0 0 0
146 0 0 0 0 0
147 0 0 0 0 0
148 0 0 0 0 0
149 0 0 0 0 0
150 0 0 0 0 0
151 0 0 0 0 0
152 0 0 0 0 0
153 0 0 0 0 0
154 0 0 0 0 0
155 0 0 0 0 0
156 0 0 0 0 0
157 0 0 0 0 0
158 0 0 0 0 0
159 0 0 0 0 0
160 0 0 0 0 0
161 0 0 0 0 0
162 0 0 0 0 0
163 0 0 0 0 0
164 0 0 0 0 0
165 0 0 0 0 0
166 0 0 0 0 0
167 0 0 0 0 0
168 0 0 0 0 0
169 0 0 0 0 0
170 0 0 0 0 0
171 0 0 0 0 0
172 0 0 0 0 0
173 0 0 0 0 0
174 0 0 0 0 0
175 0 0 0 0 0
176 0 0 0 0 0
177 0 0 0 0 0
178 0 3 0 0 0
179 0 3 0 0 0
180 0 0 0 3 0
181 0 3 0 3 0
182 0 3 0 0 0
183 0 3 0 0 0
184 0 3 0 3 0
185 0 3 0 3 0
186 0 3 0 0 0
187 0 3 0 3 0
188 0 3 0 3 0
189 0 3 0 0 0
190 0 3 0 0 0
191 0 3 0 0 0
192 0 3 0 0 0
193 0 3 0 0 0
194 0 3 0 0 0
195 0 3 0 0 0
196 0 3 0 0 0
197 0 3 0 0 0
198 0 3 0 0 0
199 0 3 0 3 0
200 0 3 0 3 0
201 0 3 0 3 0
202 0 3 0 3 0
203 0 3 0 3 0
204 0 3 0 3 0
205 0 3 0 0 0
206 0 3 0 0 0
207 0 3 0 0 0
208 0 3 0 0 0
209 0 3 0 3 0
210 0 3 0 3 0
211 0 3 0 0 0
212 0 3 0 3 0
213 0 3 0 3 0
214 0 3 0 3 0
215 0 3 0 3 0
216 0 3 0 3 0
217 0 3 0 3 0
218 0 3 0 3 0
219 0 3 0 3 0
220 0 3 0 3 0
221 0 3 0 3 0
222 0 3 0 3 0
223 0 3 0 3 0
224 0 3 0 0 0
225 0 3 0 0 0
226 0 3 0 0 0
227 0 3 0 0 0
228 0 3 0 0 0
229 0 3 0 0 0
230 0 3 0 0 0
231 0 3 0 0 0
232 0 3 0 0 0
233 0 3 0 0 0
234 0 3 0 0 0
235 0 3 0 0 0
236 0 3 0 0 0
237 0 3 0 0 0
238 0 3 0 0 0
239 0 3 0 0 0
240 0 3 0 0 0
241 0 3 0 0 0
242 0 3 0 0 0
243 0 3 0 0 0
244 0 3 0 0 0
245 0 3 0 0 0
246 0 3 0 0 0
247 0 3 0 0 0
248 0 3 3 0 0
249 0 3 3 0 0
250 0 3 0 0 0
251 0 0 3 0 0
252 0 3 3 0 0
253 0 0 3 0 0
254 0 0 3 0 0
255 0 0 3 0 0
256 0 3 0 0 0
257 0 3 3 0 0
258 0 3 3 0 0
259 0 3 3 0 0
260 0 3 3 0 0
261 0 3 3 0 0
262 0 3 3 0 0
263 0 3 3 0 0
264 0 3 3 0 0
265 0 3 3 0 0
266 0 3 3 0 0
267 0 3 3 0 0
268 0 3 3 0 0
269 0 3 3 0 0
270 0 3 3 0 0
271 0 3 0 0 0
272 0 3 3 0 0
273 0 0 3 0 0
274 0 3 3 0 0
275 0 0 3 0 0
276 0 3 3 0 0
277 0 0 3 0 0
278 0 0 3 0 0
279 0 0 3 0 0
280 0 0 3 0 0
281 0 0 3 0 0
282 0 0 3 0 0
283 0 3 3 0 0
284 0 3 3 0 0
285 0 3 3 0 0
286 0 3 3 0 0
287 0 3 3 0 0
288 0 3 3 0 1
289 0 3 3 0 1
290 0 3 3 0 1
291 0 3 3 0 1
292 0 3 3 0 1
293 0 3 3 0 1
294 0 3 3 0 1
295 0 3 3 0 1
296 0 3 3 0 1
297 0 3 3 0 1
298 0 3 3 0 1
299 0 3 3 0 1
300 0 3 3 0 1
301 0 0 3 0 1
302 0 3 3 0 1
303 0 0 3 0 1
304 0 0 3 0 1
305 0 0 3 0 1
306 0 0 3 0 1
307 0 3 3 0 1
308 0 3 3 0 1
309 0 3 3 0 1
310 0 3 3 0 1
311 0 0 3 0 1
312 0 3 3 0 1
313 0 3 3 0 1
314 0 0 3 0 1
315 0 0 3 0 1
316 0 0 3 0 1
317 0 0 3 0 1
318 0 0 3 0 1
319 0 0 3 0 1
320 0 0 3 0 1
321 0 3 3 0 1
322 0 3 3 0 1
323 0 3 3 0 1
324 0 3 3 0 1
325 0 3 3 0 1
326 0 3 3 0 1
327 0 3 3 0 1
328 0 3 3 0 1
329 0 3 3 0 1
330 0 3 3 0 1
331 0 3 3 0 1
332 0 3 3 0 1
333 0 3 3 0 1
334 0 3 3 0 1
335 0 3 3 0 1
336 0 3 3 0 1
337 0 3 3 0 1
338 0 3 3 0 1
339 0 3 3 0 1
340 0 3 3 0 1
341 0 3 3 0 1
342 0 3 3 0 1
343 0 3 3 0 1
344 0 3 3 0 1
345 0 3 3 0 1
346 0 3 3 0 1
347 0 3 3 0 1
348 0 3 3 0 1
349 0 3 3 0 1
350 0 3 3 0 1
351 0 3 3 0 1
352 0 3 3 0 1
353 0 3 3 0 1
354 0 3 3 0 1
355 0 3 3 0 1
356 0 3 3 0 1
357 0 3 3 0 1
358 0 3 3 0 1
359 0 3 3 0 1
360 0 3 3 0 1
361 0 3 3 0 1
362 0 3 3 0 1
363 0 3 3 0 1
364 0 3 3 0 1
365 0 3 3 0 1
366 0 3 3 0 1
367 0 3 3 0 1
368 0 3 3 0 1
369 0 3 3 0 1
370 0 3 3 0 1
371 0 3 3 0 1
372 0 3 3 0 1
373 0 3 3 0 1
374 0 3 3 0 1
375 0 3 3 0 1
376 0 3 3 0 1
377 0 3 3 0 1
378 0 3 3 0 1
379 0 3 0 0 1
380 0 3 0 0 1
381 0 3 0 0 1
382 0 3 0 0 1
383 0 3 0 0 1
384 0 3 0 0 1
385 0 3 0 0 1
386 0 3 0 0 1
387 0 3 0 0 1
388 0 3 0 0 1
389 0 3 3 0 1
390 0 3 0 0 1
391 0 3 3 0 1
392 0 3 3 0 1
393 0 3 3 0 1
394 0 3 3 0 1
395 0 3 3 0 1
396 0 3 0 0 1
397 0 3 3 0 1
398 0 3 3 0 1
399 0 3 3 0 1
400 0 3 3 0 1
401 0 3 3 0 1
402 0 3 3 0 1
403 0 3 3 0 1
404 0 3 3 0 1
405 0 3 3 0 1
406 0 3 3 0 1
407 0 3 3 0 1
408 0 3 3 0 1
409 0 3 3 0 1
410 0 3 3 0 1
411 0 3 3 0 1
412 0 3 3 0 1
413 0 3 3 0 1
414 0 3 3 0 1
415 3 0 0 3 1
416 3 0 0 3 1
417 3 0 0 3 1
418 3 0 0 3 1
419 3 0 0 3 1
420 3 0 0 3 1
421 3 0 0 3 1
422 0 0 0 3 1
423 3 0 0 3 1
424 0 0 0 3 1
425 0 0 0 3 1
426 0 0 0 3 1
427 0 0 0 3 1
428 0 0 0 3 1
429 0 0 0 3 1
430 3 0 3 0 1
431 0 0 3 0 1
432 3 0 3 0 1
433 3 0 3 0 1
434 3 0 3 0 1
435 3 0 3 0 1
436 3 0 3 0 1
437 3 0 3 0 1
438 0 0 3 0 1
439 3 0 3 0 1
440 3 0 3 0 1
441 3 0 3 0 1
442 3 0 3 0 1
443 3 0 3 0 1
444 3 0 3 0 1
445 0 3 3 0 1
446 0 3 3 0 1
447 0 3 3 0 1
448 0 3 3 0 1
449 0 3 3 0 1
450 0 3 3 0 1
451 0 0 0 0 1
452 0 0 0 0 1
453 0 0 0 0 1
454 0 3 3 0 1
455 0 0 0 0 1
456 0 3 3 0 1
457 0 3 0 0 1
458 0 3 0 0 1
459 0 0 0 0 1
460 0 3 3 0 1
461 0 0 0 0 1
462 0 3 3 0 1
463 0 3 3 0 1
464 0 0 3 0 1
465 0 0 3 0 1
466 0 3 3 0 1
467 0 3 3 0 1
468 0 3 3 0 1
469 0 3 3 0 1
470 0 3 3 0 1
471 0 3 3 0 1
472 0 3 3 0 1
473 0 3 3 0 1
474 0 3 3 0 1
475 0 3 3 0 1
476 0 3 3 0 1
477 0 3 3 0 1
478 0 3 3 0 1
479 0 3 3 0 1
480 0 3 3 0 1
481 0 3 3 0 1
482 0 3 3 0 1
483 0 3 3 0 1
484 0 3 3 0 1
485 0 3 3 0 1
486 0 3 3 0 1
487 0 3 3 0 1
488 0 3 3 0 1
489 0 3 3 0 1
490 3 0 3 0 1
491 3 0 3 0 1
492 3 0 3 0 1
493 3 0 3 0 1
494 3 0 3 0 1
495 3 0 3 0 1
496 3 0 3 0 1
497 3 0 3 0 1
498 3 0 3 0 1
499 3 0 3 0 1
500 3 0 3 0 1
501 0 3 3 0 1
502 0 3 3 0 1
503 0 3 3 0 1
504 0 3 3 0 1
505 0 3 3 0 1
506 0 3 3 0 1
507 0 3 3 0 1
508 0 3 3 0 1
509 0 3 3 0 1
510 0 3 3 0 1
511 0 3 3 0 1
512 0 3 3 0 1
513 0 3 3 0 1
514 0 3 3 0 1
515 0 3 3 0 1
516 0 3 3 0 1
517 0 3 3 0 1
518 0 3 3 0 1
519 3 0 0 3 1
520 3 0 0 3 1
521 3 0 0 3 1
522 3 0 0 3 1
523 3 0 0 3 1
524 3 0 0 3 1
525 3 0 0 3 1
526 3 0 0 3 1
527 3 0 0 3 1
528 3 0 0 3 1
529 3 0 0 3 1
530 3 0 0 3 1
531 3 0 0 3 1
532 3 0 0 3 1
533 3 0 0 3 1
534 0 3 0 3 1
535 0 3 0 3 1
536 0 3 0 3 1
537 0 3 0 3 1
538 0 3 0 3 1
539 0 3 0 3 1
540 0 3 0 3 1
541 0 3 0 3 1
542 0 3 0 3 1
543 0 3 0 3 1
544 0 3 0 3 1
545 0 3 0 3 1
546 0 3 0 3 1
547 0 3 0 3 1
548 0 3 0 3 1
549 3 0 0 3 1
550 3 0 0 3 1
551 3 0 0 3 1
552 3 0 0 3 1
553 3 0 0 3 1
554 3 0 0 3 1
555 3 0 0 3 1
556 3 0 0 3 1
557 3 0 0 3 1
558 3 0 0 3 1
559 3 0 0 3 1
560 3 0 0 3 1
561 3 0 0 3 1
562 3 0 0 3 1
563 3 0 0 3 1
564 3 0 3 0 1
565 3 0 3 0 1
566 3 0 3 0 1
567 3 0 3 0 1
568 3 0 3 0 1
569 3 0 3 0 1
570 3 0 3 0 1
571 3 0 3 0 1
572 3 0 3 0 1
573 3 0 3 0 1
574 3 0 3 0 1
575 3 0 3 0 1
576 3 0 3 0 1
577 3 0 3 0 1
578 3 0 3 0 1
579 3 0 3 0 1
580 3 0 3 0 1
581 3 0 3 0 1
582 3 0 3 0 1
583 3 0 3 0 1
584 3 0 3 0 1
585 3 0 3 0 1
586 3 0 3 0 1
587 3 0 3 0 1
588 3 0 3 0 1
589 3 0 0 0 1
590 3 0 0 0 1
591 3 0 3 0 1
592 3 0 3 0 1
593 3 0 3 0 1
594 3 0 3 0 1
595 3 0 3 0 1
596 3 0 3 0 1
597 3 0 3 0 1
598 3 0 3 0 1
599 3 0 3 0 1
600 3 0 3 0 1
601 3 0 3 0 1
602 3 0 3 0 2
603 3 0 3 0 2
604 3 0 3 0 2
605 3 0 3 0 2
606 3 0 3 0 2
607 0 0 3 0 2
608 3 0 3 0 2
609 3 0 3 0 2
610 3 0 3 0 2
611 3 0 3 0 2
612 3 0 3 0 2
613 3 0 3 0 2
614 3 0 3 0 2
615 3 0 3 0 2
616 3 0 3 0 2
617 3 0 3 0 2
618 3 0 3 0 2
619 3 0 3 0 2
620 3 0 3 0 2
621 3 0 3 0 2
622 3 0 3 0 2
623 3 0 3 0 2
624 3 0 3 0 2
625 3 0 0 0 2
626 3 0 3 0 2
627 3 0 3 0 2
628 3 0 3 0 2
629 3 0 3 0 2
630 3 0 3 0 2
631 3 0 3 0 2
632 3 0 3 0 3
633 3 0 3 0 3
634 3 0 3 0 3
635 3 0 3 0 3
636 3 0 3 0 3
637 3 0 3 0 3
638 3 0 3 0 3
639 3 0 3 0 3
640 3 0 3 0 3
641 3 0 3 0 3
642 3 0 3 0 3
643 3 0 3 0 3
644 3 0 3 0 3
645 3 0 3 0 3
646 3 0 3 0 3
647 3 0 3 0 3
648 3 0 3 0 3
649 3 0 3 0 3
650 3 0 3 0 3
651 3 0 3 0 3
652 3 0 3 0 3
653 3 0 3 0 3
654 3 0 3 0 3
655 3 0 3 0 3
656 3 0 3 0 3
657 3 0 3 0 3
658 3 0 3 0 3
659 3 0 3 0 3
660 3 0 3 0 3
661 3 0 3 0 3
662 3 0 3 0 3
663 3 0 3 0 3
664 3 0 0 0 3
665 3 0 0 0 3
666 3 0 0 0 3
667 3 0 3 0 3
668 3 0 3 0 3
669 3 0 3 0 3
670 3 0 3 0 3
671 3 0 3 0 3
672 3 0 3 0 3
673 3 0 3 0 3
674 3 0 3 0 3
675 3 0 3 0 3
676 3 0 3 0 3
677 3 0 3 0 3
678 3 0 3 0 3
679 3 0 3 0 3
680 3 0 3 0 3
681 3 0 3 0 3
682 3 0 3 0 3
683 3 0 3 0 3
684 3 0 0 0 3
685 3 0 3 0 3
686 3 0 0 0 3
687 3 0 3 0 3
688 3 0 3 0 3
689 3 0 3 0 3
690 3 0 0 0 3
691 3 0 0 0 3
692 3 0 0 0 3
693 3 0 0 0 3
694 3 0 0 0 3
695 3 0 0 0 3
696 3 0 0 0 3
697 3 0 0 0 3
698 3 0 0 0 3
699 3 0 0 0 3
700 3 0 0 0 3
701 3 0 0 0 3
702 3 0 0 0 3
703 3 0 0 0 3
704 3 0 0 0 3
705 3 0 0 0 3
706 3 0 0 0 3
707 3 0 0 0 3
708 3 0 0 0 3
709 3 0 3 0 3
710 3 0 3 0 3
711 3 0 0 0 3
712 3 0 0 0 3
713 3 0 3 0 3
714 0 0 3 0 3
715 3 0 3 0 3
716 3 0 3 0 3
717 3 0 3 0 3
718 3 0 3 0 3
719 3 0 3 0 3
720 3 0 3 0 3
721 3 0 3 0 3
722 3 0 3 0 3
723 3 0 3 0 3
724 3 0 3 0 3
725 3 0 3 0 3
726 3 0 3 0 3
727 0 0 3 0 3
728 3 0 3 0 3
729 3 0 3 0 3
730 3 0 3 0 3
731 3 0 3 0 3
732 3 0 3 0 3
733 3 0 3 0 3
734 3 0 3 0 3
735 3 0 3 0 3
736 3 0 3 0 3
737 3 0 3 0 3
738 3 0 3 0 3
739 3 0 3 0 3
740 3 0 3 0 3
741 0 0 3 0 3
742 0 0 3 0 3
743 3 0 3 0 3
744 0 0 3 0 3
745 0 0 3 0 3
746 0 0 3 0 3
747 0 0 3 0 3
748 0 0 3 0 3
749 0 0 0 3 0
750 0 0 0 3 0
751 0 0 0 3 0
752 0 0 0 3 0
753 0 0 0 3 0
754 0 3 0 3 0
755 0 0 0 3 0
756 0 3 0 3 0
757 0 0 0 3 0
758 0 0 0 3 0
759 0 0 0 3 0
760 0 0 0 3 0
761 0 0 0 3 0
762 0 0 0 3 0
763 0 0 0 3 0
764 0 0 0 3 0
765 0 0 0 0 0
766 0 0 0 0 0
767 0 3 0 0 0
768 0 3 0 0 0
769 0 0 0 0 0
770 0 0 0 0 0
771 0 3 0 0 0
772 0 3 0 0 0
773 0 3 0 0 0
774 0 3 0 0 0
775 0 3 0 0 0
776 0 3 0 0 0
777 0 3 0 0 0
778 0 3 0 0 0
779 0 0 0 0 0
780 0 3 0 0 0
781 0 3 0 0 0
782 3 0 0 0 0
783 0 0 0 0 0
784 3 0 0 0 0
785 0 0 0 0 0
786 0 0 0 3 0
787 0 0 0 3 0
788 0 0 0 3 0
789 0 0 0 3 0
790 0 0 0 3 0
791 0 0 0 3 0
792 0 0 0 3 0
793 0 0 0 3 0
794 0 0 0 3 0
795 0 0 0 3 0
796 0 0 0 3 0
797 0 0 0 3 0
798 0 0 0 3 0
799 0 0 0 3 0
800 0 0 0 3 0
801 0 0 0 3 0
802 0 0 0 3 0
803 0 0 0 3 0
804 0 0 0 3 0
805 0 0 0 3 0
806 0 0 0 3 0
807 0 0 0 3 0
808 0 0 0 3 0
809 0 0 0 3 0
810 0 0 0 3 0
811 0 0 0 3 0
812 0 0 0 3 0
813 0 0 0 3 0
814 0 0 0 3 0
815 0 0 0 3 0
816 0 0 0 3 0
817 0 0 0 3 0
818 0 0 0 3 0
819 0 0 0 3 0
820 0 0 0 3 0
821 0 0 0 3 0
822 0 0 0 3 0
823 0 0 0 3 0
824 0 0 0 3 0
825 0 0 0 3 0
826 0 0 0 3 0
827 0 0 0 3 0
828 0 3 0 3 0
829 0 0 0 3 0
830 0 3 0 3 0
831 0 0 0 3 0
832 0 0 0 3 0
833 0 0 0 3 0
834 0 0 0 3 0
835 0 0 0 3 0
836 0 0 0 3 0
837 0 0 0 3 0
838 0 0 0 3 0
839 0 0 0 3 0
840 0 0 0 3 0
841 0 0 0 3 0
842 0 0 0 3 0
843 0 3 0 3 0
844 0 3 0 3 0
845 0 3 0 3 0
846 0 0 0 3 0
847 0 3 0 3 0
848 0 3 0 3 0
849 0 3 0 3 0
850 0 3 0 3 0
851 0 3 0 3 0
852 0 3 0 3 0
853 0 3 0 3 0
854 0 3 0 3 0
855 0 3 0 3 0
856 0 3 0 3 0
857 0 0 3 0 0
858 0 3 3 0 0
859 0 0 3 0 0
860 0 3 3 0 0
861 0 3 3 0 0
862 0 3 3 0 0
863 0 0 3 0 0
864 0 0 3 0 0
865 0 0 3 0 0
866 0 0 3 0 0
867 0 3 3 0 0
868 0 0 3 0 0
869 0 0 3 0 0
870 0 3 3 0 0
871 0 0 3 0 0
872 0 0 3 0 0
873 0 0 3 0 0
874 3 0 3 0 0
875 0 0 3 0 0
876 0 0 3 0 0
877 0 0 3 0 0
878 0 0 3 0 0
879 0 0 3 0 0
880 0 0 3 0 0
881 0 0 3 0 0
882 0 0 3 0 0
883 0 0 0 0 0
884 0 0 0 3 0
885 0 0 0 3 0
886 0 0 0 0 0
887 0 0 0 3 0
888 0 0 0 3 0
889 0 0 0 3 0
890 0 0 0 3 0
891 0 0 0 0 0
892 0 0 0 3 0
893 0 0 0 3 0
894 0 3 0 3 0
895 0 0 0 3 0
896 0 3 0 3 0
897 0 3 0 0 0
898 0 3 0 3 0
899 0 3 3 0 1
900 0 3 3 0 1
901 0 3 3 0 1
902 0 3 3 0 1
903 0 3 3 0 1
904 0 3 3 0 1
905 0 3 3 0 1
906 0 3 3 0 1
907 0 3 3 0 1
908 0 3 3 0 1
909 0 3 3 0 1
910 0 3 3 0 1
911 0 3 3 0 1
912 0 3 3 0 1
913 0 3 3 0 1
914 0 3 3 0 1
915 0 3 3 0 1
916 0 3 3 0 1
917 0 3 3 0 1
918 0 3 3 0 1
919 0 3 3 0 1
920 0 3 3 0 1
921 0 3 3 0 1
922 0 3 3 0 1
923 0 3 3 0 1
924 0 3 3 0 1
925 0 3 3 0 1
926 0 3 3 0 1
927 0 3 3 0 1
928 0 3 3 0 1
929 0 3 3 0 1
930 0 3 3 0 1
931 0 3 3 0 1
932 0 3 3 0 1
933 0 3 3 0 1
934 0 3 3 0 1
935 0 3 3 0 1
936 0 3 3 0 1
937 0 3 3 0 1
938 0 3 3 0 1
939 0 3 3 0 1
940 0 3 3 0 1
941 0 3 3 0 1
942 0 3 3 0 1
943 0 3 3 0 1
944 0 3 3 0 1
945 0 3 3 0 1
946 0 3 3 0 1
947 0 3 3 0 1
948 0 3 3 0 1
949 0 3 3 0 1
950 0 3 3 0 1
951 0 3 3 0 1
952 0 3 3 0 1
953 0 3 3 0 1
954 0 3 3 0 1
955 0 3 3 0 1
956 0 3 3 0 1
957 0 3 3 0 1
958 0 3 3 0 1
959 3 0 3 0 1
960 3 0 3 0 1
961 3 0 3 0 1
962 3 0 3 0 1
963 3 0 3 0 1
964 3 0 3 0 1
965 3 0 3 0 1
966 3 0 3 0 1
967 3 0 3 0 1
968 3 0 3 0 1
969 3 0 3 0 1
970 3 0 3 0 1
971 3 0 0 0 1
972 3 0 0 0 1
973 3 0 0 0 1
974 3 0 0 3 1
975 3 0 0 3 1
976 3 0 3 0 1
977 3 0 3 0 1
978 3 0 3 0 1
979 3 0 3 0 1
980 3 0 3 0 1
981 3 0 3 0 1
982 3 0 3 0 1
983 3 0 3 0 1
984 3 0 3 0 1
985 3 0 3 0 1
986 3 0 3 0 1
987 3 0 3 0 1
988 3 0 3 0 1
989 3 0 3 0 1
990 3 0 3 0 1
991 3 0 0 3 1
992 3 0 0 3 1
993 3 0 0 3 1
994 3 0 0 3 1
995 3 0 0 3 1
996 3 0 0 3 1
997 3 0 0 3 1
998 3 0 0 3 1
999 3 0 0 3 1
1000 3 0 0 3 1
1001 3 0 0 3 1
1002 3 0 0 3 1
1003 3 0 0 3 1
1004 3 0 0 3 1
1005 3 0 0 3 1
1006 3 0 3 0 1
1007 3 0 3 0 1
1008 3 0 3 0 1
1009 3 0 3 0 1
1010 3 0 3 0 1
1011 3 0 3 0 1
1012 3 0 3 0 1
1013 3 0 3 0 1
1014 3 0 3 0 1
1015 3 0 3 0 1
1016 3 0 3 0 1
1017 3 0 3 0 1
1018 3 0 3 0 1
1019 3 0 3 0 1
1020 3 0 3 0 1
1021 3 0 3 0 1
1022 3 0 3 0 1
1023 3 0 3 0 1
1024 3 0 3 0 1
1025 3 0 3 0 1
1026 3 0 3 0 1
1027 3 0 3 0 1
1028 3 0 3 0 1
1029 3 0 3 0 1
1030 3 0 3 0 1
1031 3 0 3 0 1
1032 3 0 3 0 1
1033 3 0 3 0 1
1034 3 0 3 0 1
1035 3 0 3 0 1
1036 3 0 3 0 1
1037 3 0 3 0 1
1038 3 0 3 0 1
1039 3 0 3 0 1
1040 3 0 3 0 1
1041 3 0 3 0 1
1042 3 0 3 0 1
1043 3 0 3 0 1
1044 3 0 3 0 1
1045 3 0 3 0 1
1046 3 0 3 0 1
1047 3 0 3 0 1
1048 3 0 3 0 1
1049 3 0 3 0 1
1050 3 0 3 0 1
1051 3 0 3 0 1
1052 3 0 3 0 1
1053 3 0 3 0 1
1054 3 0 3 0 1
1055 3 0 3 0 1
1056 3 0 3 0 1
1057 3 0 3 0 1
1058 3 0 3 0 1
1059 3 0 3 0 1
1060 3 0 3 0 1
1061 3 0 3 0 1
1062 3 0 3 0 1
1063 3 0 3 0 1
1064 3 0 3 0 1
1065 3 0 3 0 1
1066 3 0 3 0 1
1067 3 0 3 0 1
1068 3 0 3 0 1
1069 3 0 3 0 1
1070 3 0 0 3 1
1071 3 0 0 3 1
1072 3 0 0 3 1
1073 3 0 0 3 1
1074 3 0 0 3 1
1075 3 0 0 3 1
1076 3 0 0 3 1
1077 0 0 0 3 1
1078 0 0 0 0 1
1079 0 0 0 3 1
1080 0 0 0 0 1
1081 0 0 0 0 1
1082 0 0 0 0 1
1083 0 0 0 3 1
1084 0 0 0 0 1
1085 0 0 0 0 1
1086 0 0 0 0 1
1087 0 0 0 0 1
1088 0 0 0 0 1
1089 0 0 3 0 1
1090 0 0 0 0 1
1091 3 0 0 0 1
1092 3 0 0 0 1
1093 3 0 3 0 1
1094 3 0 3 0 1
1095 3 0 3 0 1
1096 3 0 3 0 1
1097 3 0 3 0 1
1098 3 0 0 0 1
1099 3 0 0 0 1
1100 3 0 3 0 1
1101 3 0 0 0 1
1102 3 0 0 3 1
1103 3 0 0 3 1
1104 3 0 0 3 1
1105 3 0 0 3 1
1106 3 0 0 3 1
1107 3 0 0 3 1
1108 3 0 0 3 1
1109 3 0 0 3 1
1110 3 0 0 3 1
1111 3 0 0 3 1
1112 3 0 0 3 1
1113 3 0 0 3 1
1114 3 0 0 3 1
1115 3 0 0 3 1
1116 3 0 0 3 1
1117 3 0 3 0 1
1118 3 0 3 0 1
1119 3 0 3 0 1
1120 3 0 3 0 1
1121 3 0 3 0 1
1122 3 0 3 0 1
1123 3 0 3 0 1
1124 3 0 3 0 1
1125 3 0 3 0 1
1126 3 0 3 0 1
1127 3 0 0 0 1
1128 3 0 3 0 1
1129 3 0 3 0 1
1130 3 0 3 0 1
1131 3 0 3 0 1
1132 3 0 3 0 2
1133 3 0 3 0 2
1134 3 0 3 0 2
1135 0 0 3 0 2
1136 0 0 3 0 2
1137 0 0 3 0 2
1138 3 0 3 0 2
1139 3 0 3 0 2
1140 3 0 3 0 2
1141 3 0 3 0 2
1142 3 0 3 0 2
1143 3 0 3 0 2
1144 3 0 3 0 2
1145 3 0 3 0 2
1146 3 0 3 0 2
1147 3 0 3 0 2
1148 3 0 3 0 2
1149 3 0 3 0 2
1150 3 0 3 0 2
1151 3 0 3 0 2
1152 3 0 3 0 2
1153 3 0 3 0 2
1154 0 0 3 0 2
1155 3 0 3 0 2
1156 3 0 3 0 2
1157 0 0 3 0 2
1158 3 0 3 0 2
1159 3 0 3 0 2
1160 3 0 3 0 2
1161 3 0 3 0 2
1162 3 0 3 0 3
1163 3 0 3 0 3
1164 3 0 3 0 3
1165 0 0 3 0 3
1166 0 0 3 0 3
1167 0 0 3 0 3
1168 0 0 3 0 3
1169 0 0 3 0 3
1170 3 0 3 0 3
1171 0 0 3 0 3
1172 3 0 3 0 3
1173 0 0 3 0 3
1174 0 0 3 0 3
1175 0 0 3 0 3
1176 0 0 3 0 3
1177 0 0 3 0 3
1178 0 0 3 0 3
1179 0 0 3 0 3
1180 0 0 3 0 3
1181 0 0 3 0 3
1182 0 0 3 0 3
1183 0 0 3 0 3
1184 0 0 3 0 3
1185 0 0 3 0 3
1186 0 0 3 0 3
1187 0 0 3 0 3
1188 0 0 3 0 3
1189 0 0 3 0 3
1190 0 0 3 0 3
1191 0 0 3 0 3
1192 0 0 3 0 3
1193 0 0 3 0 3
1194 0 0 3 0 3
1195 0 0 3 0 3
1196 0 0 3 0 3
1197 0 0 3 0 3
1198 0 0 3 0 3
1199 0 0 3 0 3
1200 0 0 3 0 3
1201 0 0 3 0 3
1202 0 0 3 0 3
1203 0 0 3 0 3
1204 0 0 3 0 3
1205 0 0 3 0 3
1206 0 0 3 0 3
1207 0 0 3 0 3
1208 0 0 3 0 3
1209 0 0 3 0 3
1210 0 0 3 0 3
1211 0 0 3 0 3
1212 0 0 3 0 3
1213 0 0 3 0 3
1214 0 0 3 0 3
1215 0 0 3 0 3
1216 0 0 3 0 3
1217 0 0 3 0 3
1218 0 0 3 0 3
1219 0 0 3 0 3
1220 0 0 3 0 3
1221 0 0 3 0 3
1222 0 0 3 0 3
1223 0 0 3 0 3
1224 0 0 3 0 3
1225 0 0 3 0 3
1226 0 0 3 0 3
1227 0 0 3 0 3
1228 0 0 3 0 3
1229 0 0 3 0 3
1230 0 0 3 0 3
1231 0 0 3 0 3
1232 0 0 3 0 3
1233 0 0 3 0 3
1234 0 0 3 0 3
1235 0 0 3 0 3
1236 0 0 3 0 3
1237 0 0 3 0 3
1238 0 0 3 0 3
1239 0 0 3 0 3
1240 0 0 3 0 3
1241 0 0 3 0 3
1242 0 0 3 0 3
1243 0 0 3 0 3
1244 3 0 3 0 3
1245 0 0 3 0 3
1246 3 0 3 0 3
1247 3 0 3 0 3
1248 0 0 3 0 3
1249 3 0 3 0 3
1250 3 0 3 0 3
1251 3 0 3 0 3
1252 3 0 3 0 3
1253 3 0 3 0 3
1254 3 0 3 0 3
1255 3 0 3 0 3
1256 3 0 3 0 3
1257 0 0 3 0 3
1258 3 0 0 0 3
1259 3 0 0 0 3
1260 3 0 0 0 3
1261 3 0 3 0 3
1262 3 0 3 0 3
1263 0 0 3 0 3
1264 0 0 0 0 3
1265 0 0 0 0 0
1266 0 0 0 0 0
1267 0 0 0 0 0
1268 0 0 0 0 0
1269 0 0 0 0 0
1270 0 0 0 0 0
1271 0 0 0 0 0
1272 0 0 0 0 0
1273 0 0 0 0 0
1274 0 0 0 0 0
1275 0 0 0 0 0
1276 0 0 0 0 0
1277 0 0 0 0 0
1278 0 0 0 0 0
1279 0 0 0 0 0
1280 0 0 0 0 0
1281 0 0 0 0 0
1282 0 0 0 0 0
1283 0 0 0 0 0
1284 0 0 0 0 0
1285 0 0 0 0 0
1286 0 0 0 0 0
1287 0 0 0 0 0
1288 0 0 0 0 0
1289 0 0 0 0 0
1290 3 0 0 0 0
1291 0 0 0 0 0
1292 0 0 0 0 0
1293 0 0 0 0 0
1294 0 0 0 0 0
1295 0 0 0 0 0
1296 0 0 0 0 0
1297 0 0 0 0 0
1298 0 0 0 0 0
1299 0 0 0 0 0
1300 0 0 0 0 0
1301 0 0 0 0 0
1302 0 0 0 0 0
1303 0 0 0 0 0
1304 0 0 0 0 0
1305 0 0 0 0 0
1306 0 0 0 0 0
1307 0 0 0 0 0
1308 0 0 0 0 0
1309 0 0 0 0 0
1310 0 0 0 0 0
1311 0 0 0 0 0
1312 0 0 0 0 0
1313 0 0 0 0 0
1314 0 0 0 0 0
1315 0 0 0 0 0
1316 0 0 0 0 0
1317 0 0 0 0 0
1318 0 0 0 0 0
1319 0 0 0 0 0
1320 0 0 0 0 0
1321 0 0 0 0 0
1322 0 0 0 0 0
1323 0 0 0 0 0
1324 0 0 0 0 0
1325 0 0 0 0 0
1326 0 0 0 0 0
1327 0 0 0 0 0
1328 0 0 0 0 0
1329 0 0 0 0 0
1330 0 0 0 0 0
1331 0 0 0 0 0
1332 0 0 0 0 0
1333 0 0 0 0 0
1334 0 0 0 0 0
1335 0 0 0 0 0
1336 0 0 0 0 0
1337 0 0 0 0 0
1338 0 0 0 0 0
1339 0 0 0 0 0
1340 0 0 0 0 0
1341 0 0 0 0 0
1342 0 0 0 0 0
1343 0 0 0 0 0
1344 0 0 0 0 0
1345 0 0 0 0 0
1346 0 0 0 0 0
1347 0 0 0 0 0
1348 0 0 0 0 0
1349 0 0 0 0 0
1350 0 0 0 0 0
1351 0 0 0 0 0
1352 0 0 0 0 0
1353 0 0 0 0 0
1354 0 0 0 0 0
1355 0 0 0 0 0
1356 0 0 0 0 0
1357 0 0 0 0 0
1358 0 0 0 0 0
1359 0 0 0 0 0
1360 0 0 0 0 0
1361 0 0 0 0 0
1362 0 0 0 0 0
1363 0 0 0 0 0
1364 0 0 0 0 0
1365 0 0 0 0 0
1366 0 0 0 0 0
1367 0 0 0 0 0
1368 0 0 0 0 0
1369 0 0 0 0 0
1370 0 0 0 0 0
1371 0 0 0 0 0
1372 0 0 0 0 0
1373 0 0 0 0 0
1374 0 0 0 0 0
1375 3 0 0 0 0
1376 0 0 0 0 0
1377 0 0 0 0 0
1378 0 0 0 0 0
1379 0 0 0 0 0
1380 0 0 0 0 0
1381 0 0 0 0 0
1382 0 0 0 0 0
1383 3 0 0 0 0
1384 0 0 0 0 0
1385 0 0 0 0 0
1386 0 0 0 0 0
1387 0 0 0 0 0
1388 0 0 0 0 0
1389 0 0 0 0 0
1390 0 0 0 0 0
1391 0 0 0 0 0
1392 0 0 0 0 0
1393 0 0 0 0 0
1394 0 0 0 0 0
1395 0 0 0 0 0
1396 0 0 0 0 0
1397 0 0 0 0 0
1398 0 0 0 0 0
1399 0 0 0 0 0
1400 0 0 0 0 0
1401 0 0 0 0 0
1402 0 0 0 0 0
1403 0 0 0 0 0
1404 0 0 0 0 0
1405 0 0 0 0 0
1406 0 0 0 0 0
1407 0 0 0 0 0
1408 0 0 0 0 0
1409 0 0 0 0 0
1410 0 0 0 0 0
1411 0 0 0 0 0
1412 0 0 0 0 0
1413 0 0 0 0 0
1414 0 0 0 0 0
1415 0 0 0 0 0
1416 0 0 0 0 0
1417 0 0 0 0 0
1418 0 0 0 0 0
