46 0 0 0 0 0
61 0 0 0 0 0
76 0 0 0 0 0
91 0 0 0 0 0
106 0 0 0 0 0
111 0 0 0 0 0
114 0 0 0 0 0
129 0 0 0 0 0
144 0 0 0 0 0
159 0 0 0 0 0
174 0 0 0 0 0
189 0 0 0 0 0
204 0 0 0 0 0
219 0 0 0 0 0
234 0 0 0 0 0
249 0 0 0 0 0
264 0 0 3 0 0
279 0 0 3 0 0
294 0 0 3 0 0
309 0 0 3 0 0
324 0 0 0 0 0
339 0 0 0 0 0
354 0 0 0 0 0
369 0 0 0 0 0
384 2 0 3 0 0
399 2 0 3 0 0
414 0 0 0 0 0
425 0 0 3 0 0
428 2 0 3 0 0
443 2 0 3 0 0
458 0 0 3 0 0
473 0 0 3 0 0
488 0 0 3 0 0
503 0 0 3 0 0
518 0 0 0 0 0
533 0 0 0 0 0
548 0 0 0 0 0
563 0 0 0 0 0
578 0 0 0 0 0
593 0 0 0 0 0
604 0 0 0 0 0
607 0 0 0 0 0
622 0 0 3 0 0
637 0 0 0 0 0
652 0 0 0 0 0
667 0 0 0 0 0
682 0 0 0 0 0
697 0 2 0 0 0
712 2 0 0 0 0
727 0 2 0 0 1
742 0 2 0 0 1
757 0 0 0 0 1
772 0 2 0 0 0
787 0 2 0 0 0
802 2 0 0 0 0
817 2 0 0 0 0
832 2 0 0 0 0
847 2 0 0 0 0
862 2 0 0 0 1
877 2 0 0 0 0
892 2 0 0 0 0
907 2 0 0 0 1
922 2 0 2 0 1
934 2 0 0 0 1
937 2 0 3 0 1
952 0 0 3 0 1
967 0 0 3 0 1
976 0 0 3 0 1
979 0 0 3 0 1
994 0 0 0 0 1
1009 0 0 2 0 1
1024 0 0 3 0 1
1039 0 0 2 0 1
1054 0 0 0 0 1
1069 0 0 2 0 1
1084 3 0 2 0 0
1099 0 0 0 0 0
1114 3 0 0 0 0
1120 3 0 0 0 0
1123 3 0 2 0 0
1138 3 0 2 0 0
1153 3 0 0 0 0
1168 3 0 3 0 0
1186 3 0 3 0 0
1189 2 0 0 0 0
1204 3 0 0 0 0
1219 2 0 3 0 0
1234 2 0 3 0 0
1249 2 0 3 0 0
1264 2 0 3 0 0
1279 2 0 3 0 0
1294 2 0 0 0 0
1309 2 0 0 0 0
1324 0 0 3 0 1
1339 0 0 0 0 1
1354 0 0 0 0 0
1369 0 0 0 0 1
1384 0 0 2 0 0
1399 0 0 2 0 1
1414 0 0 0 0 0
1429 0 0 0 0 1
1444 0 0 2 0 1
1459 0 0 0 0 1
1474 0 0 2 0 0
1489 0 0 2 0 1
1504 0 0 2 0 0
1519 0 0 2 0 0
1534 0 0 2 0 1
1549 0 0 2 0 1
1564 0 0 0 0 0
1579 0 0 0 0 1
1594 0 0 0 0 1
1597 0 0 0 0 1
1612 0 0 0 0 1
1627 2 0 0 0 1
1642 3 0 0 0 1
1657 3 0 0 0 1
1667 2 0 3 0 1
1670 2 0 3 0 1
1685 2 0 3 0 1
1700 3 0 0 0 1
1708 0 0 0 0 0
1711 0 0 3 0 0
1726 0 0 3 0 0
1741 0 0 0 0 0
1756 0 0 0 0 0
1761 0 0 0 0 0
1764 0 0 0 0 0
1779 0 0 0 0 0
1794 0 2 0 0 0
1809 0 0 0 0 0
1824 0 2 3 0 1
1839 2 0 0 0 1
1854 0 2 3 0 1
1869 2 0 0 0 1
1884 2 0 0 0 1
1899 2 0 0 0 1
1914 2 0 0 0 0
1929 2 0 0 0 0
1944 2 0 0 0 1
1959 2 0 0 0 1
1974 2 0 0 0 1
1989 2 0 0 0 1
2004 2 0 0 0 1
2019 2 0 0 0 1
2034 2 0 0 0 1
2049 2 0 0 0 1
2066 0 0 0 0 0
2069 0 0 3 0 0
2084 2 0 0 0 0
2099 2 0 2 0 0
2114 2 0 2 0 1
2129 0 0 2 0 0
2144 0 0 2 0 0
2151 0 0 2 0 0
2154 2 0 0 0 0
2169 2 0 0 0 1
2184 2 0 0 0 0
2199 0 0 0 0 0
2214 2 0 0 0 0
2232 2 0 2 0 0
2235 2 0 2 0 0
2250 2 0 2 0 0
2265 2 0 2 0 0
2280 2 0 2 0 0
2295 2 0 2 0 0
2301 2 0 2 0 0
2304 2 0 0 0 0
2319 0 0 0 0 0
2334 0 0 0 0 0
2349 0 2 0 0 1
2364 0 2 0 0 1
2379 2 0 0 0 0
2394 2 0 0 0 0
2406 0 0 0 0 0
2409 0 0 3 0 0
2424 0 0 0 0 0
2439 0 0 0 0 0
2454 0 0 0 0 0
2469 0 0 0 0 0
2485 0 0 0 0 0
2488 2 0 0 0 0
2503 2 0 0 0 0
2518 0 2 0 0 1
2533 0 2 0 0 1
2548 2 0 0 0 1
2563 0 0 0 0 1
2578 0 0 0 0 1
2593 2 0 0 0 1
2608 2 0 0 0 1
2623 2 0 0 0 1
2638 2 0 0 0 1
2653 0 0 0 0 1
2668 0 0 0 0 1
2683 0 0 2 0 0
2698 0 0 0 0 0
2713 0 0 0 0 0
2728 2 0 0 0 1
2743 2 0 0 0 1
2758 2 0 0 0 0
2773 2 0 0 0 1
2788 2 0 0 0 1
2803 2 0 0 0 1
2818 2 0 0 0 1
2833 2 0 0 0 1
2848 0 0 2 0 1
2863 2 0 0 0 1
2878 2 0 0 0 1
2893 2 0 0 0 1
2908 2 0 0 0 1
2923 2 0 0 0 1
2938 2 0 0 0 1
2953 2 0 0 0 0
2968 2 0 0 0 1
2983 2 0 0 0 1
2998 2 0 0 0 1
3013 2 0 0 0 2
3028 2 0 0 0 2
3047 0 0 0 0 0
3050 0 0 0 0 0
3065 0 0 0 0 0
3080 0 0 0 0 0
3095 0 0 0 0 0
3110 0 0 0 0 0
3125 0 0 0 0 1
3140 0 0 0 0 2
3155 0 0 0 0 0
3170 0 0 0 0 0
3185 0 0 0 0 0
3200 0 0 0 0 0
3215 0 0 0 0 0
3226 0 0 0 0 0
3229 0 0 0 0 0
3244 0 0 0 0 0
3259 0 2 0 0 0
3274 0 0 2 0 0
3289 0 2 0 0 0
3306 0 0 0 0 0
3309 0 2 0 0 0
3324 0 0 0 0 1
3339 0 0 0 0 0
3354 0 0 0 0 1
3369 0 0 0 0 1
3384 0 0 0 0 1
3399 0 0 0 0 1
3414 0 0 0 0 1
3429 0 0 0 0 1
3444 0 0 0 0 1
3459 0 0 0 0 1
3472 0 0 0 0 1
3475 0 0 0 0 1
3490 0 0 0 0 1
3505 0 0 2 0 1
3520 2 0 0 0 1
3535 0 0 0 0 0
3550 0 0 2 0 1
3565 2 0 0 0 1
3580 0 0 2 0 1
3595 2 0 2 0 1
3612 2 0 0 0 1
3615 0 0 0 0 0
3630 0 0 0 0 0
3645 0 0 0 0 0
3657 0 0 2 0 1
3660 0 0 0 0 0
3675 0 0 0 0 0
3690 0 0 0 0 0
3705 0 0 0 0 0
3720 0 0 0 0 0
3735 0 0 0 0 0
3748 0 0 0 0 0
3751 2 0 0 0 1
3766 0 0 0 0 1
3781 0 0 2 0 1
3796 0 0 2 0 1
3811 0 0 0 0 1
3826 0 0 2 0 1
3841 0 0 2 0 1
3856 0 0 2 0 1
3861 0 0 2 0 1
3864 0 0 2 0 2
3879 0 0 0 0 0
3894 0 0 0 0 0
3900 0 0 0 0 0
3903 0 0 0 0 0
3918 0 0 0 0 0
3933 0 0 0 0 0
3948 0 0 0 0 0
3963 0 0 0 0 0
3978 0 0 0 0 0
3993 0 0 0 0 0
4008 0 0 0 0 0
4024 0 0 0 0 0
4027 0 0 0 0 1
4042 0 0 0 0 0
4057 0 0 0 0 1
4072 0 0 0 0 1
4087 0 0 0 0 1
4102 0 0 0 0 1
4117 0 0 0 0 1
4132 0 0 0 0 1
4147 0 0 0 0 1
4162 0 0 3 0 1
4177 0 0 0 0 0
4192 0 0 0 0 1
4207 0 0 0 0 1
4222 0 0 0 0 0
4237 0 0 0 0 0
4252 0 0 0 0 0
4267 0 0 0 0 0
4282 0 0 0 0 0
4297 0 0 0 0 0
4312 0 0 0 0 0
4327 0 0 0 0 0
4342 0 0 0 0 0
4357 0 0 0 0 0
4372 0 0 0 0 1
4387 0 0 0 0 2
4402 0 0 0 0 0
4417 0 0 0 0 0
4432 0 0 0 0 0
4447 0 0 0 0 0
4462 0 0 0 0 0
4477 0 0 0 0 0
4492 0 0 0 0 0
4507 0 0 0 0 0
4522 0 0 0 0 0
4537 0 0 0 0 0
4552 0 0 0 0 0
4567 0 0 0 0 0
4582 0 0 0 0 0
4597 0 0 0 0 0
4612 0 0 0 0 0
4627 0 0 0 0 0
4642 0 0 0 0 0
4649 0 0 0 0 0
