94 0 0 0 0 0
109 0 0 0 0 0
124 0 0 0 0 0
139 0 0 0 0 0
154 0 0 0 0 0
164 0 0 0 0 0
167 0 0 0 0 0
182 0 0 0 0 0
197 0 0 0 0 0
212 0 0 0 0 0
227 0 0 0 0 0
242 0 0 0 0 0
257 0 0 0 0 0
272 0 0 0 0 0
287 0 0 0 0 1
302 0 0 0 0 1
317 0 3 0 0 1
332 0 0 2 0 1
347 0 0 2 0 1
366 0 0 2 0 0
369 2 0 2 0 1
384 2 0 0 0 0
399 2 0 0 0 0
414 0 0 0 0 1
429 0 0 0 0 1
444 0 0 0 0 0
459 2 0 0 0 1
474 2 0 0 0 1
489 2 0 0 0 0
504 0 0 0 0 0
519 0 0 0 0 1
534 0 0 0 0 1
550 0 0 0 0 0
553 0 0 0 0 1
568 0 0 0 0 0
583 0 0 0 0 0
598 0 0 0 0 1
613 0 0 0 0 0
628 0 0 3 0 1
643 0 0 0 0 0
658 0 0 3 0 0
673 0 0 3 0 1
688 0 0 3 0 1
703 0 0 3 0 1
718 0 0 3 0 1
733 0 0 3 0 1
748 0 0 3 0 1
761 0 0 3 0 1
764 0 0 2 0 1
779 0 0 2 0 0
794 2 0 2 0 1
809 2 0 2 0 1
824 2 0 2 0 0
842 2 0 2 0 0
845 2 0 2 0 1
860 2 0 0 0 1
875 2 0 2 0 2
890 2 0 0 0 0
905 2 0 0 0 1
920 0 0 0 0 2
935 0 0 0 0 0
950 0 0 0 0 0
965 0 0 0 0 0
983 0 0 3 0 0
986 0 0 3 0 0
1001 0 0 0 0 0
1016 0 0 0 2 1
1031 3 0 0 3 1
1046 3 0 2 0 1
1061 3 0 3 0 2
1076 3 0 2 0 2
1091 3 0 2 0 1
1106 3 0 2 0 1
1122 3 0 2 0 2
1125 3 0 2 0 1
1140 3 0 2 0 1
1155 0 0 2 0 1
1170 0 0 0 0 1
1185 0 0 2 0 1
1200 0 0 2 0 1
1215 0 0 2 0 1
1230 0 0 2 0 1
1245 0 0 2 0 1
1260 0 0 2 0 1
1275 3 0 2 0 1
1290 0 0 3 0 1
1305 3 0 2 0 1
1320 0 0 2 0 1
1335 0 0 2 0 1
1350 0 0 2 0 1
1365 0 0 2 0 1
1380 0 0 2 0 1
1395 0 0 2 0 1
1398 0 0 2 0 1
1413 2 0 2 0 1
1428 2 0 2 0 1
1443 2 0 2 0 1
1458 2 0 2 0 1
1467 2 0 2 0 1
1470 2 0 2 0 1
1485 2 0 0 2 1
1500 0 0 0 0 1
1515 0 0 0 0 1
1530 0 0 0 0 1
1545 0 0 0 0 1
1560 0 0 0 0 1
1575 0 0 3 0 1
1590 0 0 0 3 0
1605 0 0 0 3 0
1614 0 0 0 3 0
1617 0 0 0 0 0
1632 0 0 0 0 0
1647 0 0 0 0 1
1662 0 0 0 0 1
1677 0 0 0 0 2
1692 0 0 3 0 2
1707 0 0 3 0 2
1722 0 0 3 0 1
1736 0 0 0 0 2
1739 0 0 3 0 0
1754 0 3 3 0 1
1769 0 2 3 0 1
1784 0 2 3 0 1
1799 0 2 3 0 1
1814 0 2 0 0 1
1829 0 2 3 0 1
1844 0 2 0 0 1
1859 0 2 3 0 2
1874 0 2 3 0 0
1889 0 2 2 0 1
1904 2 0 0 0 1
1909 0 2 2 0 1
1912 2 0 2 0 2
1927 0 0 2 0 0
1942 0 0 2 0 1
1957 0 0 2 0 2
1972 0 0 2 0 0
1987 0 0 2 0 0
2002 0 0 2 0 1
2017 0 0 2 0 2
2032 0 0 2 0 0
2047 0 0 2 0 1
2062 2 0 2 0 2
2077 0 0 2 0 0
2092 0 0 2 0 1
2107 0 0 2 0 2
2122 0 0 2 0 0
2137 0 0 2 0 1
2152 0 0 0 0 0
2167 0 0 2 0 0
2182 0 0 2 0 0
2197 0 0 0 0 0
2212 0 0 0 0 0
2227 0 0 3 0 0
2242 0 0 3 0 0
2257 0 0 0 3 0
2272 0 0 0 3 0
2287 0 0 2 0 0
2302 0 0 2 0 0
2317 0 0 2 0 0
2332 0 0 2 0 0
2347 2 0 2 0 0
2362 2 0 2 0 0
2377 2 0 2 0 0
2392 2 0 2 0 0
2407 2 0 0 0 0
2424 2 0 3 0 0
2427 2 0 2 0 0
2442 2 0 0 0 1
2457 0 0 0 0 2
2472 0 0 0 0 0
2487 0 0 0 0 0
2501 0 0 0 0 0
2504 0 0 0 0 0
2519 0 0 0 0 0
2534 2 0 0 0 1
2549 0 0 0 0 1
2564 2 0 0 0 0
2579 0 0 0 0 0
2594 0 0 0 0 0
2609 0 0 0 0 0
2624 0 0 0 0 0
2641 0 0 0 0 0
2644 0 0 2 0 1
2659 0 0 0 0 0
2674 0 0 3 0 1
2689 0 0 0 0 0
2704 0 0 0 0 1
2719 0 0 0 0 1
2734 0 0 0 0 1
2749 0 0 0 0 1
2764 0 0 0 0 1
2779 0 0 0 0 1
2794 0 0 2 0 1
2809 0 0 0 0 0
2824 0 0 0 0 1
2839 0 0 0 0 1
2854 0 0 0 0 0
2869 0 0 0 0 0
2884 0 0 0 0 0
2899 0 0 0 0 1
2914 0 0 0 0 1
2929 0 0 0 0 1
2944 0 0 0 0 1
2959 0 0 0 0 1
2976 0 0 0 0 0
2979 0 0 0 0 0
2994 0 0 0 0 0
3009 0 0 0 0 0
3024 0 0 0 0 0
3039 0 0 0 0 0
3049 0 0 0 0 0
3052 0 0 0 0 0
3067 0 0 0 0 0
3082 0 0 2 0 1
3097 0 0 2 0 2
3112 0 0 0 0 0
3127 0 0 0 0 0
