103 0 0 0 0 0
118 0 0 0 0 0
133 0 0 0 0 0
145 0 0 0 0 0
148 0 0 0 0 0
163 0 0 0 0 0
178 0 0 0 0 0
193 0 0 0 0 0
208 3 0 3 0 1
223 0 0 2 0 0
238 0 0 0 0 1
253 0 0 0 0 1
268 0 0 0 0 1
283 0 0 0 0 1
298 0 0 0 0 0
313 0 0 0 0 0
328 0 0 0 0 0
343 0 0 0 0 0
358 0 0 0 0 0
373 2 0 3 0 1
388 2 0 0 0 1
403 2 0 0 0 0
418 2 0 0 0 0
433 3 0 3 0 0
448 2 0 3 0 1
463 2 0 0 0 1
478 2 0 0 0 1
493 2 0 0 0 0
506 2 0 0 0 1
509 2 0 0 0 1
524 0 2 0 0 0
539 3 0 0 0 0
554 2 0 0 0 0
569 2 0 3 0 1
584 2 0 3 0 1
599 2 0 0 0 1
614 2 0 3 0 1
629 2 0 0 0 1
644 2 0 0 0 1
659 2 0 0 0 1
674 2 0 3 0 1
689 2 0 0 0 1
704 2 0 0 0 1
719 3 0 3 0 1
734 2 0 3 0 1
749 3 0 2 0 2
764 2 0 2 0 2
767 2 0 2 0 2
782 3 0 2 0 0
797 0 0 2 0 0
812 0 0 2 0 0
831 3 0 2 0 0
834 3 0 2 0 0
849 3 0 0 0 0
864 3 0 0 0 1
879 0 0 0 0 1
894 0 0 0 0 0
909 0 0 0 0 1
924 0 0 0 0 1
939 0 0 0 0 0
956 0 0 0 0 0
959 0 0 0 0 0
974 0 0 0 3 0
989 0 0 0 3 0
1004 3 0 0 2 1
1019 0 0 2 0 0
1026 0 0 2 0 1
1029 0 0 0 0 1
1044 0 0 2 0 0
1059 0 0 2 0 0
1074 0 0 2 0 1
1089 0 0 2 0 1
1104 0 0 0 0 1
1119 0 0 0 0 1
1134 0 0 2 0 1
1149 0 0 2 0 1
1164 0 0 2 0 1
1179 2 0 2 0 1
1194 0 2 2 0 1
1209 0 0 2 0 1
1224 0 0 2 0 1
1237 0 0 2 0 1
1240 0 0 2 0 1
1255 0 0 2 0 1
1270 0 0 2 0 1
1285 0 0 2 0 1
1300 0 0 2 0 1
1315 0 0 2 0 0
1331 0 0 2 0 1
1334 0 0 2 0 1
1349 0 0 0 0 1
1364 0 0 0 0 1
1379 0 0 0 0 1
1394 0 0 0 0 0
1409 0 0 0 0 1
1424 0 0 0 3 0
1439 0 0 0 3 0
1455 0 0 0 3 0
1458 0 0 0 3 0
1473 0 0 0 3 0
1488 3 0 0 3 0
1503 2 0 0 0 0
1518 2 0 0 0 0
1533 0 0 0 0 0
1548 0 0 0 0 0
1563 0 0 0 0 0
1578 0 0 0 0 0
1593 0 0 0 0 0
1606 0 0 0 0 0
1609 2 0 0 0 0
1624 2 0 0 0 0
1639 0 2 0 0 1
1654 0 2 0 0 1
1669 0 2 3 0 1
1684 0 2 0 0 1
1699 0 2 0 0 1
1714 0 0 0 0 1
1729 0 2 0 0 1
1744 0 2 0 0 1
1759 0 2 2 0 1
1774 0 2 2 0 1
1789 0 0 3 0 0
1804 0 0 0 0 1
1819 0 0 3 0 1
1834 0 0 3 0 1
1849 0 0 3 0 1
1864 0 0 3 0 1
1879 0 0 3 0 1
1894 0 0 3 0 1
1909 0 0 3 0 1
1924 0 0 3 0 1
1939 0 0 3 0 1
1954 0 0 3 0 1
1969 0 0 3 0 1
1984 0 0 3 0 1
1999 0 0 2 0 0
2014 2 0 3 0 1
2026 2 0 0 0 1
2029 2 0 0 0 0
2044 0 0 0 0 0
2059 0 0 0 0 0
2074 0 0 0 0 0
2089 0 0 0 0 0
2104 0 0 0 0 0
2119 0 0 0 0 0
2134 0 0 0 0 0
2149 0 0 3 0 0
2164 0 0 0 0 0
2179 0 0 0 0 0
2194 0 0 0 0 0
2209 0 0 0 0 0
2224 0 0 0 0 0
2239 0 0 0 0 0
2254 0 0 0 0 0
2269 0 0 0 0 0
2280 0 0 0 0 0
2283 0 0 0 0 0
2298 2 0 0 0 0
2313 0 0 0 0 1
2328 0 0 0 0 2
2343 0 0 0 0 0
2358 0 0 0 0 0
2373 0 0 0 0 1
2379 0 0 0 0 2
2382 0 0 0 0 0
2397 0 0 0 0 1
2412 2 0 3 0 0
2427 2 0 0 3 0
2442 2 0 0 0 0
2457 0 0 0 0 1
2472 2 0 0 0 0
2487 2 0 0 0 1
2502 2 0 0 0 2
2517 2 0 0 0 0
2532 2 0 0 0 1
2547 2 0 0 0 2
2562 2 0 0 0 1
2577 0 0 0 0 2
2592 2 0 0 0 0
2604 0 0 0 0 0
2607 2 0 0 0 1
2622 0 0 0 0 0
2637 0 0 0 0 1
2652 0 0 2 0 0
2667 0 0 2 0 0
2682 0 0 2 0 0
2697 0 0 2 0 0
2712 0 0 3 0 0
2727 0 0 3 0 1
2742 0 0 3 0 1
2757 0 0 0 0 1
2772 0 0 2 0 2
2787 0 0 3 0 0
2802 0 0 3 0 1
2817 0 0 2 0 1
2832 0 0 3 0 1
2847 0 0 3 0 1
2862 0 0 3 0 1
2877 0 0 3 0 1
2892 0 0 3 0 1
2907 0 0 3 0 1
2922 0 0 2 0 2
2937 0 0 2 0 0
2946 0 0 2 0 0
2949 0 0 0 0 0
2964 0 0 0 0 0
2979 0 0 0 0 0
2994 0 0 0 0 0
3009 0 0 0 0 0
3024 0 0 0 0 0
3039 0 0 0 0 0
3054 0 0 3 0 0
3061 0 0 0 0 0
3064 0 0 0 0 0
3079 0 0 0 0 0
3094 0 0 0 0 0
3109 0 0 0 0 0
3124 0 0 0 0 0
3134 0 0 0 0 0
